cm_angle.dist_ctr2best.mean,cm_angle.dist_ctr2worst.mean,cm_angle.angle.mean,cm_angle.costs_runtime,cm_grad.mean,cm_grad.costs_runtime,disp.ratio_mean_02,disp.ratio_mean_05,disp.ratio_mean_10,disp.ratio_mean_25,disp.ratio_median_02,disp.ratio_median_05,disp.ratio_median_10,disp.ratio_median_25,disp.diff_mean_02,disp.diff_mean_05,disp.diff_mean_10,disp.diff_mean_25,disp.diff_median_02,disp.diff_median_05,disp.diff_median_10,disp.diff_median_25,disp.costs_runtime,ela_conv.conv_prob,ela_conv.lin_prob,ela_conv.lin_dev.orig,ela_conv.lin_dev.abs,ela_conv.costs_runtime,ela_curv.grad_norm.min,ela_curv.grad_norm.lq,ela_curv.grad_norm.mean,ela_curv.grad_norm.med,ela_curv.grad_norm.uq,ela_curv.grad_norm.max,ela_curv.grad_norm.sd,ela_curv.grad_scale.nas,ela_curv.hessian_cond.nas,ela_curv.costs_fun_evals,ela_curv.costs_runtime,ela_distr.skewness,ela_distr.kurtosis,ela_distr.number_of_peaks,ela_distr.costs_runtime,ela_level.mmce_lda_10,ela_level.mmce_qda_10,ela_level.mmce_mda_10,ela_level.lda_qda_10,ela_level.lda_mda_10,ela_level.qda_mda_10,ela_level.mmce_lda_25,ela_level.mmce_qda_25,ela_level.mmce_mda_25,ela_level.lda_qda_25,ela_level.lda_mda_25,ela_level.qda_mda_25,ela_level.mmce_lda_50,ela_level.mmce_qda_50,ela_level.mmce_mda_50,ela_level.lda_qda_50,ela_level.lda_mda_50,ela_level.qda_mda_50,ela_level.costs_runtime,ela_local.n_loc_opt.abs,ela_local.n_loc_opt.rel,ela_local.best2mean_contr.orig,ela_local.basin_sizes.avg_best,ela_local.basin_sizes.avg_non_best,ela_local.basin_sizes.avg_worst,ela_local.fun_evals.min,ela_local.fun_evals.lq,ela_local.fun_evals.mean,ela_local.fun_evals.median,ela_local.fun_evals.uq,ela_local.fun_evals.max,ela_local.fun_evals.sd,ela_local.costs_fun_evals,ela_local.costs_runtime,ela_meta.lin_simple.adj_r2,ela_meta.lin_simple.intercept,ela_meta.lin_simple.coef.min,ela_meta.lin_simple.coef.max,ela_meta.lin_simple.coef.max_by_min,ela_meta.lin_w_interact.adj_r2,ela_meta.quad_simple.adj_r2,ela_meta.quad_simple.cond,ela_meta.quad_w_interact.adj_r2,ela_meta.costs_runtime,ic.h.max,ic.eps.s,ic.eps.max,ic.eps.ratio,ic.m0,ic.costs_runtime,nbc.nn_nb.sd_ratio,nbc.nn_nb.mean_ratio,nbc.nn_nb.cor,nbc.dist_ratio.coeff_var,nbc.nb_fitness.cor,nbc.costs_runtime
-0.0002666724481649336,-0.004299243289395565,0.006527713453439857,-2.927723254412325e-05,0.0,-0.0016172784582790846,-0.00035209112122773273,-0.00011428934449223143,-1.045626821045616e-05,-0.0025849504956386624,-0.0004097675198446796,-0.00016253917942464274,-1.9563764392397525e-05,0.0002069023793689814,-0.0004970806892374995,-8.607796901645464e-05,0.004137600230883098,4.065924217002532e-05,2.1330556186061576e-05,-1.1366232235565264e-05,-0.008025173850474855,-3.322043788970988e-05,-5.2362187132947834e-05,-0.05272912103474216,0.0,0.0,0.005223737259979526,0.0,0.00704149191282434,0.2265203972703579,-0.007710801884440753,0.00022470724644201598,0.0017818550036839385,0.0,0.0025745114947398513,0.0,0.0,0.0,-0.0017807317154593361,0.0,-0.00043846608229817217,-0.00384545685685462,-0.0030362009585267915,-0.0003004472820424695,0.0018525082595471744,-0.002344921104754,0.0,9.038578055960828e-05,0.0002850487976829843,1.6419790831225748e-05,6.971181096157156e-08,4.8281522277666625e-05,-0.0003219518374896663,0.0005973715355981697,-0.000910541475992223,-0.0010330872499900287,4.023892691798741e-05,-1.5585863061241757e-06,0.0022534767696065112,-0.00012939361852077214,0.00015231482257668395,0.00019470798831644904,0.0,0.0,-0.08435857453565024,-0.00046802333384168984,0.0,0.0,-0.001002732511682551,-0.00045052609704088155,-0.0033267231521736,-0.000810599488921891,0.0012572642062186718,0.012391560651161357,0.0031087471308151923,-0.0006346955721334349,-0.021937529041312222,0.015773712091484985,0.0,0.0,0.000178123498914606,0.0006841025013251311,0.00022255955431206673,0.012890010496401242,-0.00010504525627766614,-0.028142423513743974,-0.0006497550071623847,4.50349754593067e-05,-0.0010462746729286603,0.0005293520667543621,0.006227934723827948,-0.0013525874206508923,0.00016162362513917866,-2.07572454689842e-06,0.0007798890882167317,-0.0011549621900882562,0.0008432259904376289,-0.003312053782990198,-7.945535192314365e-05
-0.000593139452648005,-0.0042944507137856955,-0.003253817354273335,7.713706700777196e-05,0.0,-0.0010308957278905655,-0.00035209112122773273,-0.00014098821328373156,-4.668870757021246e-07,-0.0025972975866048547,-0.0004097675198446796,-8.432096152710223e-05,-1.242237994573416e-05,0.0002069023793689814,0.012924097920175008,-6.381129236519839e-05,0.010086122939920558,4.065924217002532e-05,1.1374904438624014e-05,-1.1366232235565264e-05,-0.008025173850474855,-3.322043788970988e-05,6.77150993534663e-05,-0.05098943590545639,0.0,0.0,0.005222978205181315,0.0,-0.0005755313842790358,0.20765375332730648,-0.007710801884440753,0.00031981039718188364,0.002712585606446591,0.0,0.001503347028593907,0.0,0.0,0.0,-0.0017823017556296869,0.0,-0.0004952229948254135,-0.007449253798427044,0.01112872192843017,-0.0003004534739070176,0.001789660297184266,-0.002345492281304963,0.0,0.00011035461503315093,0.0002715057975931671,0.0002580312941614167,6.971181096157156e-08,4.8281522277666625e-05,-0.0003219518374896663,0.0005973715355981697,-0.0009038403434195987,-0.001009236891336566,4.228522659616271e-05,-1.6464977677628848e-06,0.002578343579137112,-0.0008745701538049334,0.00040009632441903435,0.0001786929352435838,0.0,0.0,-0.0814531801362083,-0.0004691834037509037,0.0,0.0,-0.0010096228033362954,-0.00015930539781619724,-0.003842116676673635,-0.0008626775196898544,0.0002884622018094657,0.01203892202683448,0.004409343128118528,-0.0006245429690288639,-0.01724057459552172,0.015248681769322502,0.0,0.0,0.00022445498540224864,0.0007327536405966091,-0.0005563988857801679,0.010512882226822905,-9.956539967798653e-05,-0.030129615002253512,-0.0006362523840047704,5.7207064263719274e-05,-0.0008598089377024809,0.0005293520667543621,0.005641815146799314,-0.001229062743402111,0.0018798602217214896,-2.07572454689842e-06,0.0007798890882167317,-0.0011158706589185128,0.0016588605240229694,-0.003311748970204517,-3.1068105454339307e-05
0.0010214417118082418,-0.0010770315997192127,-0.016664539300452193,-8.322823996098584e-05,0.0,0.00027117734519229814,-0.00018859797606957693,-7.88364274065844e-05,-1.6285205594141173e-06,-0.0006528432220206513,0.00010047096430028163,-3.176975123190196e-05,-2.3812053187118618e-05,0.00022688289584408484,0.0068835986975106615,-6.890021801383067e-05,-0.0004990166409517185,2.1855704672058647e-05,1.1120471334134796e-05,-1.2169069128207524e-05,-0.004969284218096847,-6.798525125879698e-05,-3.914134255697028e-05,-0.05885043097587559,0.0,0.0,0.004469241764308583,0.0,-0.06669388885386196,0.07684160837507699,-0.0038493706446518835,0.00019962629414378122,0.0017922895382114668,0.0,0.0009430014947388143,0.0,0.0,0.0,-0.005503831625511747,0.0,-5.730922545449889e-05,-0.0057798044852999395,-0.011256253767011696,0.002306348133261727,0.0008914119225754067,-0.0015167875789694396,0.0,0.00025424810769878207,0.00012109115810461624,0.0021380497067634953,-4.4020358116853404e-08,4.8281522277666625e-05,-0.00010300357829596816,0.0003285361938403686,-0.001993237235008036,-0.0005520132007162628,4.586114574792188e-05,-1.1703593344290102e-06,0.002627956587367251,-0.003331078077314145,0.000211142827460761,0.0001843241735091844,0.0,0.0,0.1649645984649039,-0.0004343223670537968,0.0,0.0,-0.0036802567999500704,-0.0007190699581508884,-0.01069665211808097,-0.0003791001531278759,0.0006490339617800827,0.011201836958708095,0.011035693284716428,0.00020519885964237006,-0.11067615200994123,0.048388139860041327,0.0,0.0,0.00019667140183999632,-0.0001632552715144753,0.00011860684547321308,0.0066280125539580495,-4.884587788025718e-05,-0.016496053444701734,-0.00023987798263746109,4.50349754593067e-05,-0.00172997981553092,0.0011721694930857598,0.021480512630661395,0.0033592486805525163,-0.006522997022408922,3.135609080131901e-06,0.0007798890882167317,-0.0011456232502128718,0.00044102893832629545,-0.0008327238322605229,-0.00015654919388684172
0.0009996609933558462,-0.0005606533698632038,-0.016016647413397655,0.00016645647992198035,0.0,-0.0009373852899376162,-0.00022713730976364814,-7.88364274065844e-05,-6.313691067258064e-07,0.052484262712785744,-0.00015070644645042222,-8.491625936295082e-05,-2.496118382237306e-05,0.00022688289584408484,0.0068835986975106615,-8.020159835039848e-05,0.003992196491170544,1.393756735185213e-05,1.1120471334134796e-05,-1.2169069128207524e-05,-0.004969284218096847,-0.00013876720706550117,-4.686884524335755e-05,-0.055469305294157716,0.0,0.0,0.004475847844688341,0.0,-0.05226594094246629,0.10365897212547638,-0.0038493706446518835,0.00019962629414378122,0.0018018654769871572,0.0,0.0009430014947388143,0.0,0.0,0.0,-0.00886602595157888,0.0,-5.7257418350575574e-05,-0.0035807869751421275,-0.014827159801300636,0.00229856353403992,0.0008700476051634074,-0.0014384557922668094,0.0,0.00028348541259018683,0.00010230795309097728,0.0021380497067634953,4.4020358116853404e-08,4.8281522277666625e-05,-0.00010869208559966909,0.0003285361938403686,0.00042705057369939506,-0.0005520132007162628,4.586114574792188e-05,-1.1703593344290102e-06,0.0025613775223792875,-0.003328609586829458,0.000211142827460761,0.0001843241735091844,0.0,0.0,0.06195808592490304,-0.0004348188328616197,0.0,0.0,-0.003673306179633803,-0.0007251854534252829,-0.01094831351228832,-0.0004335464370323808,0.0006490339617800827,0.008958572147142376,0.012359867416092749,-0.00020031369722276913,-0.11070661679588169,0.04859203674184702,0.0,0.0,0.00022445498540224886,-0.0001632552715144753,0.00011860684547321308,0.009190981370844833,-4.884587788025718e-05,-0.01638838744374536,-0.0005325435840953555,4.50349754593067e-05,-0.00172997981553092,0.0011721694930857598,0.021560721833648655,0.0034784387405852866,-0.004707175671571058,3.135609080131901e-06,0.0007798890882167317,-0.0011159699258222358,0.0003647688736680047,-0.0004336262050993407,-0.00015654919388684172
-0.00028302471883394283,-0.0010920378096179444,0.002088369964170194,3.6603830912311844e-05,0.0,0.00044790669915667014,-0.0001890440703751329,-0.00010954876589915988,-1.3044863739512802e-06,-0.0006581028092731908,0.00010047096430028163,-5.196791391898293e-05,-1.587387737607605e-05,0.00014069513451355246,-0.0002647537960581022,-0.00013416750126078373,-0.00011226127149125347,2.1855704672058647e-05,1.1120471334134796e-05,-8.705959724772437e-06,-0.004969284218096847,-0.00013876720706550117,-3.6970252463178937e-05,-0.052932641007909544,0.0,0.0,0.011109307515557025,0.0,-0.13303376460765193,0.08076322700201985,-0.0038493706446518835,0.0001943073725871959,0.001393978402756038,0.0,0.0013336606122960368,0.0,0.0,0.0,-0.008838946880251192,0.0,0.0005206432683967011,0.030191389891933207,-0.008104333857692879,-0.00019154696116999333,0.0008914119225754067,-0.00021095684085799778,0.0,5.403412342722228e-05,0.00011616762861968791,-0.0009425661199304486,4.4020358116853404e-08,9.176537228392012e-05,-0.0001683749860778208,0.00032995679196899506,-0.0019972715904936268,-0.0005495260316369042,2.6988117109352306e-05,7.364295685442432e-07,0.005186006125964986,-0.0018355681659812408,0.000306020355344043,0.00014251439088681112,0.0,0.0,0.1518171776169025,-0.0005231988363251115,0.0,0.0,-0.004633802120302531,-0.001233195329819435,-0.0031261354809480435,-0.0003791001531278759,0.00022710807407931946,0.009309305380867607,0.01183056867427128,0.00031534516466222843,-0.11068257959291858,0.04808862749949537,0.0,0.0,7.608617839580632e-05,0.0005633105111895329,0.00011860684547321308,0.009400352893729098,-6.67118597683227e-05,-0.012816025547393719,-0.0010082449427239305,-4.7538799221558445e-05,-0.0017605260766465857,0.002031709741721883,0.02156082244220574,0.0029777910545758547,-0.001464515650877955,-1.56780454006593e-06,0.0013694153202931355,-0.001228919068017226,0.0004427607386351013,-0.0008323818471839053,-0.000363133000683535
-0.0007003061357572015,-0.0010624787295991523,-0.005129650741191604,-2.4751432174400698e-05,0.0,0.00027117734519229727,-0.00020311706338373148,-7.88364274065844e-05,-1.7323252628670812e-06,-0.0006538740116520617,5.539127226754305e-05,-3.42969648010643e-05,-1.587387737607605e-05,0.00014069513451355246,-0.0002647537960581022,-7.955617796584919e-05,-0.0003025623406510278,2.1855704672058647e-05,1.1120471334134796e-05,1.305893958715871e-05,-0.004969284218096847,-6.798525125879698e-05,-3.061369628418431e-05,-0.05303414584645842,0.0,0.0,0.005483551862054024,0.0,-0.13534862831078845,0.08063657878519694,-0.0038493706446518835,0.00028868507566602586,0.009083135942539856,0.0,0.0013335763663392102,0.0,0.0,0.0,-0.005382760269565523,0.0,-0.0001524902154565189,0.0027562225997194148,0.011484138856202065,-0.00014577451241106152,0.0008264472589255998,0.009754402903578919,0.0,-0.00029997536710811025,-0.0006460847907925425,-0.0011456982123202886,4.957633360183514e-07,-0.00018353074456784014,-0.00018122862253776788,0.0003285361938403686,0.0004272488413411931,-0.000550169630112825,2.6940974577549883e-05,1.7360186888990188e-06,0.0024856576385615375,-0.0033380146049827343,-0.0008162196718254655,0.00014251439088681112,0.0,0.0,0.16977242008920265,-0.0004691834037509037,0.0,0.0,-0.0036701627285595124,-0.00038840248766482235,-0.004225681231422218,-0.0004329604288940759,0.0002372289417975715,0.0076372711325672915,0.02101405555515951,-0.00034740951293082555,-0.11068113172071328,0.037985375167087866,0.0,0.0,0.0001966714018399961,0.0005139167260771919,0.00011860684547321308,0.006780248002215691,-5.367409070823701e-05,-0.014512326848907478,0.0002584980376191516,-0.00039560492400591174,-0.00172997981553092,0.0005293520667543621,0.01940863905600442,-0.0006806584572510753,0.006312987776521288,-3.990796886077844e-06,0.0007798890882167317,0.0038588842625548753,0.00021376099334489886,-0.0008323818471839053,-0.009333748767972147
0.0021756365087002667,-0.0010770315997192127,0.0022641956670500702,-1.6631079700613917e-05,0.0,0.00022573596637900792,-0.00023541768035203927,-8.965017700547352e-05,-1.6285205594141173e-06,-0.0006590011755022388,-0.00015070644645042222,-2.653263399734461e-05,-2.3812053187118618e-05,0.00022688289584408484,0.0068835986975106615,0.006039682496935658,-0.00023210303572648145,2.1855704672058647e-05,7.08816847024761e-06,-1.2169069128207524e-05,-0.004969284218096847,-6.798525125879698e-05,-4.584504566053561e-05,-0.05337121803091929,0.0,0.0,0.006490500919284086,0.0,-0.11178820177516212,0.07650546575399782,-0.0038493706446518835,0.0001427945214199102,0.0010288395241014445,0.0,0.0009438151817476683,0.0,0.0,0.0,-0.0055535722783911015,0.0,-5.7257418350575574e-05,-0.002704194233559741,-0.0011371375253960158,-0.00019155317473230446,0.0008443827697820285,-0.0015214321138848437,0.0,5.170900696289531e-05,0.00012077448266572264,-0.0007874549671752927,4.4020358116853404e-08,4.8281522277666625e-05,-0.00010869208559966909,0.00032995679196899506,0.00042705057369939506,-0.0005597196535558421,4.6116712057072936e-05,7.364295685442432e-07,0.005361028853654004,-0.0034785129996409486,0.00022894581634630125,-0.0003028430806344738,0.0,0.0,0.16855622046358365,-0.0005099842254419305,0.0,0.0,-0.0038113693967193893,-0.0014476043391159956,-0.002880792527034681,-0.0004180087339784738,0.000558898158320583,0.0076372711325672915,0.010824819699398741,-0.0002033296310181683,-0.11067039322028331,0.03797812642015091,0.0,0.0,0.00035235580427970354,0.0006256477125255167,-0.00029651711368303114,0.007165832597066562,-5.948648690063044e-05,-0.016685784906283134,-0.000613959689704119,3.7930227908563696e-05,-0.0017605260766465857,-0.0021094727141361957,0.023918111540473446,-0.000303547600071076,-0.002999782316805632,-1.56780454006593e-06,0.0013694153202931355,0.0038734545223532454,0.0005834970671427937,-0.0008327238322605229,-0.0005329792823185062
-0.0006192074884104898,-0.0010920378096179444,0.004899218903062547,6.68714844258288e-05,0.0,0.0012509560531488943,-0.000203219804348507,-8.965017700547352e-05,-1.498181491799418e-06,-0.0006590011755022388,0.00010047096430028163,-0.0001394163369837564,-2.3812053187118618e-05,0.00014069513451355246,-0.0002647537960581022,-8.211141881686736e-05,-0.0005172034303109242,2.1855704672058647e-05,7.08816847024761e-06,-8.705959724772437e-06,-0.004969284218096847,-6.798525125879698e-05,-4.584504566053561e-05,-0.054653250812956244,0.0,0.0,0.00541473529954339,0.0,-0.09499246729505992,0.08089696363836511,-0.0038493706446518835,0.00022470724644201598,0.0017818550036839385,0.0,0.0013339726383410156,0.0,0.0,0.0,-0.0053963591535089,0.0,-0.00021368840533499418,-0.005951334112421175,-0.011726893591537385,-0.00019155317473230446,0.0008657470871940278,-0.001520795512123262,0.0,9.608018071746434e-05,0.00013463415819443348,-0.0009425661199304486,8.717495324779528e-08,4.8281522277666625e-05,-0.00018122862253776788,0.0003285361938403686,0.00042705057369939506,-0.000550169630112825,2.6805344387871815e-05,7.020800817432601e-07,0.0021553311828897,-0.0018373286448869959,0.0002844954341575046,0.00014251439088681112,0.0,0.0,0.1712098715544639,-0.00046802333384168984,0.0,0.0,-0.0036799388316896657,-0.0005511352581141662,-0.0041539881991968335,-0.00040029527994091805,0.0003757353389002295,0.0076372711325672915,0.01135763662851995,-0.00033980953727014715,-0.11073414627622945,0.04832229096308853,0.0,0.0,-0.0008043206605053277,0.0005575466560839845,-0.00029651711368303114,0.006041790136705631,-6.67118597683227e-05,-0.01600217588238352,-0.0006004308114596266,4.50349754593067e-05,-0.00172997981553092,0.0005293520667543621,0.021560177440401396,-0.0007857925924355065,-0.0009197932798883897,-1.56780454006593e-06,0.0007798890882167317,-0.001774281653379332,0.0006854857981912226,-0.0008327238322605229,-7.945566663868938e-05
0.001102425458102568,-0.0010624787295991523,-0.003221589060495251,6.714483598517832e-05,0.0,0.00026399233832606503,-0.00023326254429341663,-7.88364274065844e-05,-1.3044863739512802e-06,-0.0006590011755022388,-0.00015070644645042222,-3.0316053956146584e-05,-1.587387737607605e-05,0.00014069513451355246,0.0068835986975106615,-8.632432758028254e-05,-0.0003119239811950309,2.1855704672058647e-05,1.1120471334134796e-05,-8.705959724772437e-06,-0.004969284218096847,-6.798525125879698e-05,-3.6970252463178937e-05,-0.053566687351840836,0.0,0.0,0.005401484992650376,0.0,-0.13371967400581047,0.07662885780031294,-0.0038493706446518835,0.00039510348264283407,0.004297738381272731,0.0,0.0009426052227370091,0.0,0.0,0.0,-0.00537074105771526,0.0,-0.00014802168719402195,0.0035931005478297704,0.014502187235652858,-0.000190974356200609,0.0009256844214033077,-0.001520338798151423,0.0,0.00011206346806448282,0.00011585095318079452,-0.0009847381766197687,4.4020358116853404e-08,-0.00018353074456784014,-0.0001683749860778208,0.00031709884656506873,0.00042705057369939506,-0.0005425789666350698,2.6940974577549883e-05,7.020800817432601e-07,0.002381591442327125,-0.003299291070104319,-0.0006721192796420535,0.00014251439088681112,0.0,0.0,0.16972193734675517,-0.0004364054162619239,0.0,0.0,-0.003671445847127295,-0.00022690435498607216,-0.005315138035223777,-0.0004016064804966133,0.0002372289417975715,0.0076372711325672915,0.01618236280922761,0.0003231670756728138,-0.11067238539096598,0.0359406637350016,0.0,0.0,0.0001966714018399961,0.0005247784632322758,0.00011860684547321308,0.006753534805422935,-5.955687141706925e-05,-0.01622501820316481,-0.0005352020122669579,-8.016269756311984e-05,-0.0011537033213496223,0.0011721694930857598,0.02192693241041543,-0.00217272700913043,0.006999252847182956,-1.56780454006593e-06,0.0008172282372137887,0.0038441491199773777,0.00036958286731740976,-0.0008323818471839053,0.0002081319883682995
-0.0014368742126336753,-0.0010624787295991523,0.0023602223294875166,3.6603830912311844e-05,0.0,0.00022573596637900792,-0.00020116715636708777,-0.00010954876589915988,-3.073349212629702e-07,-0.0006528432220206513,0.00010047096430028163,-2.6375147289768263e-05,-2.3812053187118618e-05,0.00014069513451355246,-0.0002647537960581022,-0.00010022180841133408,-0.00011065487033110446,2.1855704672058647e-05,1.1120471334134796e-05,-8.705959724772437e-06,-0.004969284218096847,-0.00013876720706550117,-3.7525943537621736e-05,-0.05391242520684741,0.0,0.0,0.00526266706341002,0.0,-0.12152834118154934,0.08070510339937062,-0.0038493706446518835,0.00014685689677675865,0.002244392253673108,0.0,0.0013531375431762131,0.0,0.0,0.0,-0.008788926337996402,0.0,0.0006130808040671877,0.0009362182882696892,-0.002076215343702269,0.002306348133261727,0.0008914119225754067,-0.0015312689415758456,0.0,5.403412342722228e-05,0.0001356665341905221,-0.0009067449504483179,4.4020358116853404e-08,4.8281522277666625e-05,-0.00018122862253776788,0.00033282674765914807,0.00042705057369939506,-0.0005495260316369042,2.614175714596629e-05,1.919562832946285e-06,0.0020077320336321404,-0.0034012653134415627,0.00028202236046108073,0.00014251439088681112,0.0,0.0,0.17024668094482515,-0.00047265308259563727,0.0,0.0,-0.0037047695516766368,-0.00047900907922393803,-0.0028056111497365118,-0.0003791001531278759,0.000558898158320583,0.007344238715955975,0.01227658117462098,-0.00035523142394141085,-0.11066562079700153,0.0481897391939563,0.0,0.0,0.0001673726411686885,0.0005366369860152208,0.00011860684547321308,0.009162210444447498,-5.844836409197229e-05,-0.01569942214749091,0.013350821677945594,0.00018513928742611195,-0.0018239241543814232,0.0003533988920529091,0.021467388738260394,-0.0014084238873976293,-0.0025702885549331233,-1.3057902745861497e-06,0.0006265244309137425,-0.0012467961142598346,-0.0003222839642355478,-0.0008327238322605229,-0.0019642356313955703
-0.0007261575031150781,0.008283326091048718,-0.01612506413026183,-8.322823996098584e-05,0.0,-0.0010126721033550182,-0.0002238671043246729,-7.88364274065844e-05,-1.6285205594141173e-06,-0.0005970616231164519,-0.00015070644645042222,-8.503922239442241e-05,-2.3812053187118618e-05,0.00022688289584408484,0.0068835986975106615,-5.175093407107275e-05,-0.0004990166409517185,2.1855704672058647e-05,1.1120471334134796e-05,-1.2169069128207524e-05,-0.004969284218096847,-6.798525125879698e-05,-3.811754297414839e-05,-0.052700208642929715,0.0,0.0,0.004136853277331187,0.0,-0.06440576965026734,0.0814923603814829,-0.0038493706446518835,0.00019962629414378122,0.0018497510854606197,0.0,0.000950999982682992,0.0,0.0,0.0,-0.0054872828482187865,0.0,-5.7257418350575574e-05,-0.005779811086886592,-0.010716603845402487,-0.00019162307280242623,0.0008700476051634074,-0.0015995926923517523,0.0,0.00025424810769878207,0.00011420620862252816,-0.0010197283356364727,-4.4020358116853404e-08,4.8281522277666625e-05,-0.00010869208559966909,0.0003279267622239322,0.00042705057369939506,-0.0005520132007162628,4.586114574792188e-05,6.88334829064476e-07,0.0018509918563543225,-0.0033331463798965608,-0.0008204023723731333,0.0001843241735091844,0.0,0.0,0.1473278476516542,-0.0003728297086732583,0.0,0.0,-0.0036376281939859974,-0.0005010686833774133,-0.010664221417657622,-0.00039681360716543163,0.0006490339617800827,0.0076372711325672915,0.011578924833079313,-0.00019331331363050446,-0.11072207361813367,0.048219619283397096,0.0,0.0,0.0001583008538593002,-0.0001851749471121409,0.00011860684547321308,0.006941505950156574,-4.995438520535415e-05,-0.01615217942142795,0.008271317088487967,7.23142728059358e-05,-0.0017178478034238064,0.0008096743792610826,0.02152453624076636,0.0035864554607266,-0.009244792344225155,-1.56780454006593e-06,0.0005853572505096532,-0.0011182344200194455,0.00011185783330237148,-0.000719194479135454,1.2125051881038673e-05
-4.5417294150224105e-05,-0.0010770315997192127,-0.013540128327200996,0.00016645647992198035,0.0,0.0004890945384537517,-0.000203219804348507,-0.00010754485228209253,-3.073349212629702e-07,-0.0006590011755022388,5.559688073846869e-05,-6.637161564926897e-05,-1.587387737607605e-05,0.00014069513451355246,-0.0002647537960581022,-8.897760420554954e-05,-0.00018264988234760536,0.00010187049662390346,7.422456754742628e-06,-8.705959724772437e-06,-0.004969284218096847,-0.00013876720706550117,-3.6970252463178937e-05,-0.05547093188326586,0.0,0.0,0.0054147415131057,0.0,-0.046922868385828216,0.08163471565169705,-0.0038493706446518835,0.00023350645097765731,0.004409605301568172,0.0,0.0013339726383410156,0.0,0.0,0.0,-0.008766406288985234,0.0,0.0006130808040671877,0.0006890043199253501,-0.025152272771642583,-0.00019154696116999333,0.0005669435516626231,-0.0015221241227370477,0.0,0.00028348541259018683,7.778164488566675e-05,-0.0008721436776342136,4.4020358116853404e-08,9.176537228392012e-05,-0.00018122862253776788,0.0002303604711426959,0.00042705057369939506,-0.0005666667185576765,2.6940974577549883e-05,7.290669398043255e-07,0.0017987314851081542,-0.003297535888217186,0.0001980752761326318,-0.0003028430806344738,0.0,0.0,0.17052629743082023,-0.0003571484088640291,0.0,0.0,-0.003914303540862478,-0.00024552538519188974,-0.01471054693708098,0.0020218674833486733,0.00023722894179757095,0.007344238715955975,0.014324888896590164,-0.0003521959535839398,-0.11068879355143225,0.04615492309660724,0.0,0.0,-0.00019955483398741126,0.0006868244936784093,8.025375885913598e-05,0.008728398635042945,-5.948648690063044e-05,-0.01606151362433134,-0.0002777978847706543,0.00021505014354946615,-0.001224354537535516,0.0017681938912383337,0.019526695977458323,-0.0025609537373979543,-0.011278228188014702,-1.56780454006593e-06,0.0005572076624239366,-0.0014637440795204656,0.0002506968136665194,-0.0008323818471839053,-0.0039454840223568195
0.0011767564809962694,-0.0010770315997192127,-0.00993439094685693,-8.322823996098584e-05,0.0,0.0005738266305946548,-0.0002391579076783994,-8.965017700547352e-05,-6.313691067258064e-07,-0.0006528432220206513,-0.00015070644645042222,-7.317491142919999e-05,-2.3812053187118618e-05,0.00014069513451355246,0.0068835986975106615,-9.003083492445857e-05,0.0014542940343958619,2.1855704672058647e-05,7.08816847024761e-06,-8.705959724772437e-06,-0.004969284218096847,-6.798525125879698e-05,-4.584504566053561e-05,-0.05134059017645965,0.0,0.0,0.004468906907369174,0.0,-0.06936658299049075,0.07652768562269611,-0.0038493706446518835,0.00026103359732634326,0.0025241106497059743,0.0,0.0009430014947388143,0.0,0.0,0.0,-0.005400220184254097,0.0,-0.00012125086966450757,0.0013996502562667577,-0.02471557472432806,0.002291766837155041,0.0009000195860219287,-0.0014371611028846092,0.0,0.00025424810769878207,0.00011585095318079452,-0.0009996900701804055,4.4020358116853404e-08,4.8281522277666625e-05,-0.00018122862253776788,0.00031709884656506873,-0.0019974526625845383,-0.0005425789666350698,2.6940974577549883e-05,7.020800817432601e-07,0.0024285694487310543,-0.003438751413900623,-0.0005591430218058804,0.00014251439088681112,0.0,0.0,0.16601684260842797,-0.00043456945993160305,0.0,0.0,-0.0036805677061053834,-0.0004311502438856094,-0.010616143908017309,-0.00042280160730965547,0.00033540742631439646,0.009602337797478922,0.012072602495769072,-0.0003541523152451225,-0.11070071727362259,0.04593263338168094,0.0,0.0,-0.00013299588240321756,0.0005415171604283526,-0.00029651711368303114,0.006629665013086644,-4.671989237302226e-05,-0.015654954051245014,-0.0004008521280306073,5.4810557346721535e-05,-0.0011537033213496223,0.0011721694930857598,0.01957017523426663,0.0020275805756811084,-0.005509909888271046,-1.56780454006593e-06,0.0007798890882167317,-0.0013331205604104205,0.0006092257335329319,-0.0008327238322605229,-5.424430338737946e-05
0.002090965549099361,-0.0010624787295991523,-0.004129466858898008,-3.49182278358345e-05,0.0,-0.0009547881831227378,-0.0001890440703751329,-7.88364274065844e-05,-6.965358516119182e-06,-0.0006528432220206513,0.00010047096430028163,-0.00010445843132201228,-2.3812053187118618e-05,0.00014069513451355246,-0.0002647537960581022,-0.00012735062866185936,-0.00023210607869652504,1.393756735185213e-05,1.1120471334134796e-05,-8.705959724772437e-06,-0.004969284218096847,-6.798525125879698e-05,-4.584504566053561e-05,-0.0608032429317108,0.0,0.0,0.009018175410190043,0.0,-0.10074514314664454,0.08104710912247286,-0.0038493706446518835,0.0001427945214199102,0.0009296865054302572,0.0,0.0013347863253498696,0.0,0.0,0.0,-0.005452527824879726,0.0,-7.156601257455468e-05,-0.0027041813742925726,-0.008117381097399519,-0.000190974356200609,0.000947048738815307,-0.0015189174963152626,0.0,0.00010763810230974636,0.00011616762861968791,0.0011954371406183398,-8.717495324779512e-08,4.8281522277666625e-05,-0.0001683749860778208,0.0003185194446936952,0.00042705057369939506,-0.0005526758510209086,2.7057501963281144e-05,-1.1360098476280271e-06,0.0051047218204910184,-0.0035150202682173093,-0.0003063334316258183,0.00015316851755738618,0.0,0.0,0.17258488169420588,-0.000621563046107893,0.0,0.0,-0.0038135481095195145,-0.0012458855993955852,-0.004719896737756349,-0.00042062585632600673,0.000310390563378778,0.009236770293796465,0.010550434501267672,0.00032075073394582845,-0.11400642538374622,0.048587679297545934,0.0,0.0,0.0003142055787968062,0.0005144187297584805,0.00011860684547321308,0.00788533300589491,-5.4387431164447495e-05,-0.015269815266230512,-0.0006952002134983975,3.7930227908563696e-05,-0.0017605260766465857,0.0004310054598940219,0.02165835182979166,-0.0010533720240250219,0.004234544963337125,-1.56780454006593e-06,0.0013694153202931355,-0.001125888763053342,0.0004153002719361581,-0.0008327238322605229,-0.0005329388020314146
-0.0013250593257505897,-0.0010770315997192127,-0.0026422160054667167,-1.8547047337608494e-05,0.0,0.00015885488658259368,-0.0001829188358453644,-7.88364274065844e-05,-1.6285205594141173e-06,-0.0006528432220206513,-0.00015070644645042222,-1.8739256043232783e-05,-2.3812053187118618e-05,0.00022688289584408484,0.0068835986975106615,-0.00011711365672718984,-0.000415779351244888,2.1855704672058647e-05,1.1120471334134796e-05,-1.2169069128207524e-05,-0.004969284218096847,-6.798525125879698e-05,-4.584504566053561e-05,-0.053605750517476104,0.0,0.0,0.009031431930645371,0.0,-0.10100439476566536,0.0767228851369131,-0.0038493706446518835,0.00018190324579344568,0.001239800185218572,0.0,0.0009438151817476683,0.0,0.0,0.0,-0.005575656753389476,0.0,-5.7257418350575574e-05,-0.004820672712497261,0.00305443986973012,-0.00019154696116999333,0.0008700476051634074,-0.0015207249483890485,0.0,5.7607307731827155e-05,0.00012077448266572264,-0.0009216968440089547,-4.4020358116853404e-08,4.8281522277666625e-05,-0.00010869208559966909,0.00032995679196899506,0.00042705057369939506,-0.0005425789666350698,4.7032456874387734e-05,-1.1360098476280271e-06,0.004886305873737439,-0.003469659840822644,0.000306020355344043,0.00014251439088681112,0.0,0.0,0.16584992256078082,-0.0007459298646914645,0.0,0.0,-0.0038180414792108666,-0.0013293425867031343,-0.0031150349567940047,-0.00039681360716543163,0.000310390563378778,0.0076372711325672915,0.011203331229785738,-0.00019643691278720186,-0.11066578128627676,0.04821268694886211,0.0,0.0,0.00037505782240267985,0.0005457167164318284,0.00011860684547321308,0.006855484086149692,-5.948648690063044e-05,-0.016684047642429426,-0.00079746482413876,4.472905228580318e-05,-0.0017605260766465857,-0.0015242563883043298,0.021561172510030053,-0.0008880549752188847,-0.0035522782277714908,-1.56780454006593e-06,0.0013694153202931355,-0.0010900814184009505,0.0003390402072778674,-0.0008327238322605229,-0.0004675265844771946
0.0011317632475963727,-0.0010770315997192127,0.008190001453921165,5.855446508824791e-05,0.0,0.0004318752264030872,-0.000203219804348507,-0.00010954876589915988,-5.698127672235856e-07,-0.0006528432220206513,0.00010047096430028163,-5.0731593322724555e-05,-2.3812053187118618e-05,0.00014069513451355246,-0.0002647537960581022,-8.84704931186678e-05,0.001428147045726793,2.1855704672058647e-05,1.1120471334134796e-05,-8.705959724772437e-06,-0.004969284218096847,-0.00013876720706550117,-4.584504566053561e-05,-0.053840214740002876,0.0,0.0,0.004468976585055728,0.0,-0.12049624516438175,0.08072732326806892,-0.0038493706446518835,0.00020689158057727642,0.004356811410635127,0.0,0.0013339726383410156,0.0,0.0,0.0,-0.008773956972572999,0.0,0.0006130808040671877,0.0010462689107627844,-0.005572613770886002,0.0022916922744073078,0.000947048738815307,-0.001436139375923108,0.0,9.75295673503999e-05,0.00013463415819443348,-0.0009847381766197687,-8.717495324779512e-08,4.8281522277666625e-05,-0.00018122862253776788,0.0003203845837333202,0.00042705057369939506,-0.0005495260316369042,2.4894674899374365e-05,7.290669398043255e-07,0.0018329887837694116,-0.0033697932845252066,-0.0005684886408330115,0.00014251439088681112,0.0,0.0,0.17036522297706172,-0.00038776447389934546,0.0,0.0,-0.0036777887426038677,-0.00040262423838737844,-0.0047339404274697894,-0.00038389302645905755,0.0012572642062186718,0.007344238715955975,0.014611675185697484,-0.0003541523152451225,-0.1106823274484284,0.048190229372855005,0.0,0.0,6.888169224924926e-05,0.0005314898741747845,0.00011860684547321308,0.009164564787337048,-5.394526524071452e-05,-0.015634920027393775,-0.0005165810758136172,0.00021505014354946615,-0.0018006310317168137,0.0011721694930857598,0.021603670762026163,-0.0022172680553844692,0.0026716175695911965,-1.56780454006593e-06,0.0005572076624239366,-0.0012003508573717615,0.00044102893832629545,-0.0008327238322605229,-0.003972098892757201
-0.0004037900147607069,-0.004281577489026376,-0.005674981721731776,-3.8568533503885276e-05,0.0,0.0002457687137905179,-0.00035209112122773273,-0.0001797807028991852,5.0056091310308635e-08,-0.0025972975866048547,-0.0004097675198446796,-2.9563269412721653e-05,-1.1625588581354958e-05,0.0002069023793689814,0.012924097920175008,-8.632432758028254e-05,-0.00031192400368672507,4.065924217002532e-05,2.1330556186061576e-05,-1.1366232235565264e-05,-0.008025173850474855,-5.033044642836434e-05,-4.348739393559118e-05,-0.05205998857772304,0.0,0.0,0.005222494703733867,0.0,-0.010025320448326547,0.20722457319006463,-0.007710801884440753,0.0004743874682491733,0.004393625448636048,0.0,0.0015029507565921018,0.0,0.0,0.0,-0.002251241200528458,0.0,0.0006378302066553297,0.0033875775958972345,0.014063619138427338,-0.0003004472820424695,0.0018525082595471744,-0.002346408491961552,0.0,9.999178903603617e-05,0.0002850487976829843,0.0002580312941614167,6.971181096157156e-08,-0.00018353074456784014,-0.0003219518374896663,0.0005973715355981697,-0.000910541475992223,-0.001007882905551216,4.228522659616271e-05,8.961935675908428e-07,0.0024151108150987106,-0.00015479114449729698,0.00040009632441903435,0.0001786929352435838,0.0,0.0,-0.08147465169406752,-0.00040345692908846383,0.0,0.0,-0.0012430011625376956,2.90498315059997e-05,-0.004519242458042877,-0.000810599488921891,0.0002372289417975715,0.01125454008978486,0.007696942979747344,-0.0006352951642018486,-0.017200854914563076,0.01569993091561824,0.0,0.0,0.0001966714018399961,0.0007450445542505623,0.00022255955431206673,0.011839708995400221,-9.956539967798653e-05,-0.030121077170933094,-0.0005803379548878697,-8.016269756311984e-05,-0.0010462746729286603,0.0017681938912383337,0.006083475901729737,-0.0005780228658101984,0.0018836891085211485,-2.07572454689842e-06,0.0007798890882167317,-0.0011486282461199027,0.0008480399840870341,-0.0033117117979135804,0.00021132236819338985
-0.0014593306328952653,-0.0010770315997192127,-0.0030601888148529552,-4.018639962919367e-05,0.0,0.00027315143925284575,-0.00019493943376011565,-0.00010954876589915988,-1.3044863739512802e-06,-0.0006590011755022388,0.00010047096430028163,-3.053660986800303e-05,-1.6301358721848076e-05,0.00014069513451355246,-0.0002647537960581022,-0.00013416750126078373,-0.00011226127149125347,2.1855704672058647e-05,1.1120471334134796e-05,-8.705959724772437e-06,-0.004969284218096847,-0.00013876720706550117,-3.6877321735837184e-05,-0.053895851556242776,0.0,0.0,0.008084773755057879,0.0,-0.09441586304032903,0.08076322700201985,-0.0038493706446518835,0.0001742033078467088,0.0011719512527876685,0.0,0.0013347863253498696,0.0,0.0,0.0,-0.008828083885038682,0.0,0.0006130808040671877,2.7017913971870818e-05,-0.01015078723715893,0.0022916922744073078,0.0008914119225754067,-0.001436933178791073,0.0,0.00010391089088803015,0.00011616762861968791,-0.0011456982123202886,4.4020358116853404e-08,9.176537228392012e-05,-0.00018122862253776788,0.00032995679196899506,0.00042705057369939506,-0.0005495260316369042,2.7057501963281144e-05,7.634164266053086e-07,0.0048097663124013765,-0.0033807772061259503,-0.0009758061843086014,0.00014251439088681112,0.0,0.0,0.1714920577154543,-0.0007502609171571063,0.0,0.0,-0.0038133483682693675,-0.0012531025999003393,-0.005500833928174298,-0.0003791001531278759,0.00021178459751618043,0.007344238715955975,0.01150019080573061,-0.00035523142394141085,-0.11068425745295736,0.04615240056635123,0.0,0.0,0.00025282982939562335,0.0005196333212465078,0.00011860684547321308,0.009501652300424445,-5.394526524071452e-05,-0.015362405143688033,-0.0009441765005690093,4.339046283666922e-05,-0.0011842495824652879,-0.0015242563883043298,0.019569555134768393,-0.003672696575014266,0.003300682879588855,-1.56780454006593e-06,0.0014602561264384015,-0.0011641004399708138,0.0004153002719361581,-0.000830337371182387,-0.0004941206918924151
-0.0014610601167711957,-0.0010770315997192127,-0.002243886576639352,-4.018639962919367e-05,0.0,0.0002763982131478348,-0.00019493943376011565,-8.965017700547352e-05,-8.938469526864227e-07,-0.0006590011755022388,0.00010047096430028163,-4.0774105650846835e-05,-2.3812053187118618e-05,0.00014069513451355246,-0.0002647537960581022,-0.00012735062866185936,-0.0002321074284795734,2.1855704672058647e-05,7.08816847024761e-06,-8.705959724772437e-06,-0.004969284218096847,-6.798525125879698e-05,-4.584504566053561e-05,-0.05365139469637785,0.0,0.0,0.00901772257285898,0.0,-0.09499522731575191,0.08089696363836511,-0.0038493706446518835,0.0001427945214199102,0.0008048526659313879,0.0,0.0013347863253498696,0.0,0.0,0.0,-0.0049592473987242905,0.0,-0.00012125086966450757,-0.0026552749023027056,-0.007825116494039776,-0.0001909805697629201,0.0008657470871940278,-0.001519941463515408,0.0,0.00010391089088803015,0.0001395576876793616,-0.0008902986951089929,8.717495324779528e-08,-9.656304455533318e-05,-0.00018122862253776788,0.00032995679196899506,0.00042705057369939506,-0.0005866326345557627,2.7057501963281144e-05,8.660344142062681e-07,0.004826186266423938,-0.0033542486731297236,-0.0007908112983108159,-0.0003916888687070173,0.0,0.0,0.17225461261065708,-0.0010827517366775777,0.0,0.0,-0.003816189897735747,-0.0012596983405479827,-0.004593041066042664,-0.00040029527994091805,0.000310390563378778,0.0076372711325672915,0.010538070926908208,-0.000349825854657811,-0.11069966987186598,0.046162845904023676,0.0,0.0,0.00025282982939562335,-0.00023986797670536199,-0.00029651711368303114,0.007222114786649412,-4.995438520535415e-05,-0.015342609795840631,-0.0009198734718950349,3.7930227908563696e-05,-0.0011842495824652879,-0.0015242563883043298,0.019569284688208528,-0.0018088471468740183,0.002984838524653808,-1.56780454006593e-06,0.0013694153202931355,-0.0011670339842231032,0.0006597571318010842,-0.0008327238322605229,-0.0005479802441615535
-0.0005012407315785977,-0.0010624787295991523,-0.016671739662433665,-8.322823996098584e-05,0.0,0.00027117734519229814,-0.00023326254429341663,-7.88364274065844e-05,-3.345155409977062e-06,-0.0006528432220206513,-0.00015070644645042222,-3.356021513853597e-05,-2.3812053187118618e-05,0.00014069513451355246,0.0068835986975106615,0.004117718616173421,0.0014308810506712536,2.1855704672058647e-05,1.1120471334134796e-05,-8.705959724772437e-06,-0.004969284218096847,-6.798525125879698e-05,-4.584504566053561e-05,-0.053622324168080736,0.0,0.0,0.004280718050300111,0.0,-0.07147706173216366,0.07666476153426387,-0.0038493706446518835,0.00026103359732634326,0.002568026176685238,0.0,0.0009426052227370091,0.0,0.0,0.0,-0.005378291741303026,0.0,-0.00019770654428397482,0.001420526065010408,-0.018434077716644997,-0.00019219567777181058,0.0008700476051634074,-0.0015216882834483152,0.0,0.00025424810769878207,0.00011585095318079452,-0.0009962200264915187,4.4020358116853404e-08,-9.656304455533318e-05,-0.0001683749860778208,0.0003285361938403686,0.00042705057369939506,-0.0005381282163990732,2.588619083681524e-05,7.020800817432601e-07,0.0025671084880401415,-0.0033258742304109737,0.0002302606762818014,0.00012359392915079544,0.0,0.0,0.16961459118385847,-0.0004108532198711411,0.0,0.0,-0.0036732974286024147,-0.0004880162411654407,-0.010595372496346572,-0.00039681360716543163,0.0006490339617800827,0.0076372711325672915,0.012262722434012613,0.00031642427335851686,-0.1142227073293048,0.03797198552863945,0.0,0.0,0.00019667140183999632,0.00044590607390245076,0.00011860684547321308,0.007737328388612784,-6.1019945450802825e-05,-0.015380836655151121,-0.0005084125930645146,-6.0796509756940223e-05,-0.00172997981553092,-0.0006044693032181622,0.023956560643163476,0.0019875800885077667,-0.003734870386748003,-1.56780454006593e-06,0.0007798890882167317,0.0038547045787163175,0.00036958286731740976,-0.0008327238322605229,-3.050510543141724e-05
0.002142326746069256,-0.0010624787295991523,-0.00513855029446866,6.983645567167052e-05,0.0,0.00035289118393428564,-0.0001890440703751329,-0.00010954876589915988,-4.3423068626653745e-06,-0.0006528432220206513,0.00010047096430028163,-3.73053819718293e-05,-2.3812053187118618e-05,0.00014069513451355246,0.0068835986975106615,-0.00012735062866185936,-0.00023210303572648145,2.1855704672058647e-05,1.1120471334134796e-05,-8.705959724772437e-06,-0.004969284218096847,-0.00013876720706550117,-4.584504566053561e-05,-0.06082214691808375,0.0,0.0,0.009031431930645371,0.0,-0.10043562068226393,0.07654857595846568,-0.0038493706446518835,0.0001427945214199102,0.0009119006092584579,0.0,0.0009438151817476683,0.0,0.0,0.0,-0.008322804016657305,0.0,0.0005633959469772349,-0.0027041813742925726,-0.006486030870143533,-0.00019154696116999333,0.0008914119225754067,-0.0015207249483890485,0.0,0.0001166267584870029,0.0001395576876793616,0.0019633067580062894,-4.4020358116853404e-08,4.8281522277666625e-05,-0.0001683749860778208,0.00032995679196899506,0.00042705057369939506,-0.0005506514207046421,2.7057501963281144e-05,-1.0064050019660022e-06,0.0051060615221250345,-0.0033758569535522736,0.00019991003147034204,-0.00026263709944544057,0.0,0.0,0.1689247711768217,-0.0009577959390842985,0.0,0.0,-0.003810706580053135,-0.0012458855993955852,-0.0046918830004965256,-0.0003791001531278759,0.000310390563378778,0.00894373787718515,0.0105917372445171,0.00032075073394582845,-0.11422173559491115,0.048587679297545934,0.0,0.0,0.00037505782240267985,0.0005104838464958385,0.00011860684547321308,0.010146969758365003,-6.1019945450802825e-05,-0.015377179074584925,-0.0008268043662403299,3.7930227908563696e-05,-0.0017605260766465857,0.0004310054598940219,0.02159908969060118,-0.0010039132519211104,0.0032127194270832166,-1.56780454006593e-06,0.0013694153202931355,-0.0011199051513429566,0.0004153002719361581,-0.0008327238322605229,-0.000547939763874462
-0.0004175055560006319,-0.0010770315997192127,-0.020442099525830232,-0.00010144147628241571,0.0,0.00026399233832606546,-0.0002391579076783994,-8.965017700547352e-05,-1.6285205594141173e-06,-0.0006590011755022388,-0.00015070644645042222,-3.371770184611232e-05,-2.3812053187118618e-05,0.00014069513451355246,0.0068835986975106615,-6.890021801383067e-05,-0.0004990166409517185,2.1855704672058647e-05,7.08816847024761e-06,-8.705959724772437e-06,-0.004969284218096847,-6.798525125879698e-05,-4.584504566053561e-05,-0.05336129365761118,0.0,0.0,0.00447533154323303,0.0,-0.04431612157742727,0.07656358935664705,-0.0038493706446518835,0.00022470724644201598,0.0017914309424596289,0.0,0.0009426491546776853,0.0,0.0,0.0,-0.005098136831746963,0.0,-0.00012125086966450757,-0.005705823662598486,-0.014316141858922648,0.002298638096787653,0.0008443827697820285,-0.0014374969039430603,0.0,0.00024119458872669513,0.00011585095318079452,-0.000662715055015586,4.4020358116853404e-08,-9.656304455533318e-05,-0.00018122862253776788,0.0003285361938403686,0.00042705057369939506,-0.0005790419710780075,2.588619083681524e-05,7.616659261940181e-07,0.002548304787695554,-0.003512786548381467,0.00028821736645850277,-0.0003916888687070173,0.0,0.0,0.1661211942906734,-0.0005833467588936789,0.0,0.0,-0.0036812802263253156,-0.0005965664468150229,-0.0143332361391766,-0.0004180087339784738,0.0006490339617800827,0.0076372711325672915,0.010881633011231814,-0.00033980953727014715,-0.11068346256289016,0.048219677903137,0.0,0.0,0.00019667140183999632,-0.00023328637787825248,-0.00029651711368303114,0.00622362370280952,-4.483449911221864e-05,-0.01549080687078219,-0.0005178156536807927,4.381276186010691e-05,-0.00172997981553092,0.0005293520667543621,0.02156082244220574,-0.005016917857196641,-0.008531546082448988,-1.56780454006593e-06,0.0007798890882167317,-0.001133158025273711,0.0006191428082237341,-0.0008327238322605229,-0.0001660043506204258
-0.0005300812058726371,-0.0005461004997431435,-0.016664633625587764,-8.322823996098584e-05,0.0,0.00027117734519229814,-0.00019732444096352424,-7.88364274065844e-05,-1.6285205594141173e-06,0.052484262712785744,0.00010047096430028163,-3.1804274908006714e-05,-2.496118382237306e-05,0.00014069513451355246,-0.0002647537960581022,-6.890021801383067e-05,-0.0004990166409517185,2.1855704672058647e-05,1.1120471334134796e-05,-8.705959724772437e-06,-0.004969284218096847,-6.798525125879698e-05,-3.811754297414839e-05,-0.04684461003089788,0.0,0.0,0.005414539420272642,0.0,-0.04869755445131241,0.10796559296940182,-0.0038493706446518835,0.00019962629414378122,0.001762467929021336,0.0,0.0013339726383410156,0.0,0.0,0.0,-0.005407738229280255,0.0,-0.00012125086966450757,-0.005779811086886592,-0.01132892415104146,-0.00019219567777181058,0.0008914119225754067,-0.001600329877354297,0.0,0.00025424810769878207,0.00012109115810461624,-0.0008307824093466219,4.4020358116853404e-08,4.8281522277666625e-05,-0.0001683749860778208,0.0003285361938403686,-0.0019974526625845383,-0.0005673103170335973,2.588619083681524e-05,-1.1703593344290102e-06,0.0025327215023842713,-0.0033818543637939226,0.0002844954341575046,-0.0003028430806344738,0.0,0.0,0.0639218289593963,-0.0004682727067717065,0.0,0.0,-0.0036830584351142844,-0.0005989129747070985,-0.01069665211808097,-0.0003791001531278759,0.0006490339617800827,0.009324139650824834,0.012259854424906848,0.0003307670513334922,-0.11067705059393873,0.04799988391282158,0.0,0.0,0.00018051213279552346,0.0006058881161744077,0.00011860684547321308,0.006280350001059546,-6.67118597683227e-05,-0.016226297851397762,-0.00028095729709843556,4.50349754593067e-05,-0.00172997981553092,0.0005293520667543621,0.021481577631326732,0.0019875800885077667,-0.004799750337126751,-1.56780454006593e-06,0.0007798890882167317,-0.001121056231687317,0.00044102893832629545,-0.0004336262050993407,-7.798406723311878e-05
0.0009619888282756304,-0.0005582279890713054,-0.016671308042107383,-8.322823996098584e-05,0.0,0.00027117734519229814,-0.00019732444096352424,-7.88364274065844e-05,-6.313691067258064e-07,-0.00033783002533124037,-0.00015070644645042222,-3.1612264524325616e-05,-2.496815865528373e-05,0.00014069513451355246,0.0068835986975106615,-6.890021801383067e-05,-0.0004977886148281453,2.1855704672058647e-05,1.1120471334134796e-05,-8.705959724772437e-06,-0.004969284218096847,-6.798525125879698e-05,-4.686884524335755e-05,-0.05577699849038853,0.0,0.0,0.00541518813687446,0.0,-0.04824705196895626,0.10159528391132121,-0.0038493706446518835,0.00019962629414378122,0.001786595660575835,0.0,0.0009430014947388143,0.0,0.0,0.0,-0.005062534590609459,0.0,-0.00012130267676843087,-0.005764897876691052,-0.011277652041463864,-0.00019154696116999333,0.0009256844214033077,-0.001522405938661015,0.0,0.00025424810769878207,0.00011585095318079452,0.0022561097255124115,-4.4020358116853404e-08,4.8281522277666625e-05,-0.0001683749860778208,0.00031709884656506873,0.00042705057369939506,-0.0005790419710780075,2.588619083681524e-05,-1.1647472061003831e-06,0.0026071310030253165,-0.0033709169059766165,0.00020742089515976285,-0.0003916888687070173,0.0,0.0,0.07478677337937516,-0.0005479892563887491,0.0,0.0,-0.003668825672353637,-0.0005827537056626254,-0.010625185957938287,-0.0004016064804966133,0.0006490339617800827,0.008956886964450527,0.01229269006682677,0.0003307670513334922,-0.11068059180289559,0.03838960811168394,0.0,0.0,0.00019667140183999632,-0.00023026547872322074,0.00011860684547321308,0.006386183613146423,-5.3097994788569055e-05,-0.016157443955873513,-0.0004117705914192984,4.50349754593067e-05,-0.00172997981553092,0.0011721694930857598,0.023917915757117717,0.0021680009190776337,0.04321289544284428,3.135609080131901e-06,0.0007798890882167317,0.0013586677860817063,0.0003647688736680047,-0.00043174447639022096,-0.0001642270845060974
0.0011029654912969081,0.008283326091048718,0.004330073704749173,5.855446508824791e-05,0.0,-0.006260809705062558,-0.00019732444096352424,-7.88364274065844e-05,-6.099445986411176e-06,-0.0005970616231164519,0.00010047096430028163,-0.0007641099788889821,-1.6670668740455252e-05,0.00014069513451355246,-0.0002647537960581022,-8.626726786791118e-05,-0.00017885510388345686,1.393756735185213e-05,1.1120471334134796e-05,-8.705959724772437e-06,-0.004969284218096847,-6.798525125879698e-05,0.00019028755044471347,-0.05302704251156334,0.0,0.0,0.005401931616419136,0.0,-0.0899703991530291,0.0858524881009936,-0.0038493706446518835,0.00026103359732634326,0.002514534710930284,0.0,0.0013339726383410156,0.0,0.0,0.0,-0.005098136831746963,0.0,-7.156601257455468e-05,0.002072005221155431,-0.018206292265621052,-0.000190974356200609,0.0008914119225754067,-0.0015527712582378997,0.0,9.75295673503999e-05,0.00013463415819443348,-0.001056175415189188,4.4020358116853404e-08,4.8281522277666625e-05,-0.0001683749860778208,0.0003285361938403686,0.00042705057369939506,-0.0005457188798768283,2.6805344387871815e-05,7.616659261940181e-07,0.002525488415332733,-0.003326635579787588,-0.00045863513991835196,0.00012359392915079544,0.0,0.0,0.152072514206874,-0.0005479892563887491,0.0,0.0,-0.0036806302720702472,-0.0004264257834201101,-0.00406245082590862,-0.00041583298299482506,0.0003287901143952983,0.0076372711325672915,0.0128290722664611,0.00031838063501969953,-0.11449665149089987,0.048193607355439996,0.0,0.0,0.00019428276795907886,0.0004420348385126323,0.00011860684547321308,0.007837839832379024,-5.386495709954938e-05,-0.015356185537769589,-0.0005264802478892802,5.4810557346721535e-05,-0.00172997981553092,0.0011721694930857598,0.021596364988622777,-0.0003679531937672339,-0.000829701915567966,-4.07042574251956e-06,0.0007798890882167317,-0.0012500947588441648,0.00044102893832629545,-0.000718889666349773,-6.222786071539293e-05
-0.0005278056837153003,-0.0005606533698632038,0.004374891795081084,-2.927723254412325e-05,0.0,-0.0063360965184799615,-0.00018859797606957693,-7.88364274065844e-05,-6.313691067258064e-07,0.052484262712785744,0.00010047096430028163,-0.0007640754552128776,-2.496118382237306e-05,0.00022688289584408484,-0.0002647537960581022,-8.580282563164682e-05,0.0040370516246150045,2.1855704672058647e-05,1.1120471334134796e-05,-1.2169069128207524e-05,-0.004969284218096847,-6.798525125879698e-05,-4.584504566053561e-05,-0.055722673503057436,0.0,0.0,0.00446900777787721,0.0,-0.07293330505114039,0.10796559296940182,-0.0038493706446518835,0.0001655621068538109,0.002811200700410332,0.0,0.0013339726383410156,0.0,0.0,0.0,-0.005186214032088832,0.0,-5.7257418350575574e-05,-0.0025550389152934954,-0.01481465062598749,0.002306348133261727,0.0008914119225754067,-0.0014369314966447776,0.0,9.038578055960828e-05,0.00013463415819443348,0.0010893709174075105,-4.4020358116853404e-08,4.8281522277666625e-05,-0.00010300357829596816,0.00033182193100862007,0.00042705057369939506,-0.0005592262907370098,4.678029929897846e-05,-1.1647472061003831e-06,0.0017972815394613167,-0.003431288698632995,0.00018782157788087124,0.00018265087772007942,0.0,0.0,0.0649872127569615,-0.0005426282971856852,0.0,0.0,-0.0036761477091001825,-0.0004399008294327015,-0.004034103366242008,-0.0003791001531278759,0.0003757353389002295,0.008958572147142376,0.013661632056793617,0.00019819847605010528,-0.11111702637282832,0.04853111863419478,0.0,0.0,0.00012772381637488517,0.0006040842093580649,0.00011860684547321308,0.00724702450624362,-7.182699879223653e-05,-0.016355143954591766,-0.0005369268791929856,0.0001457491941151716,-0.0018006310317168137,0.0005293520667543621,0.02162534959619737,0.00064287373713778,-0.0015908931977626738,-1.56780454006593e-06,0.0005572076624239366,-0.0012719720870710157,0.00044102893832629545,-0.0004336262050993407,-0.00268883045954836
-0.0005082856463293664,-0.0010770315997192127,-0.009839943531630218,0.00020288295256484074,0.0,0.0005738266305946548,-0.0002391579076783994,-8.965017700547352e-05,-6.313691067258064e-07,-0.0006528432220206513,-0.00015070644645042222,-7.508833836730559e-05,-2.3812053187118618e-05,0.00014069513451355246,0.0068835986975106615,-8.607796901645464e-05,0.004137597360380641,2.1855704672058647e-05,7.08816847024761e-06,-8.705959724772437e-06,-0.004969284218096847,-6.798525125879698e-05,-4.584504566053561e-05,-0.05139622699269955,0.0,0.0,0.005415415909743519,0.0,-0.06427094484883919,0.07656358935664705,-0.0038493706446518835,0.00019962629414378122,0.0017663499901613945,0.0,0.0009426491546776853,0.0,0.0,0.0,-0.005097948161138049,0.0,-0.00012125086966450757,-0.003629681998263124,-0.02151963757421007,-0.00019155317473230446,0.0008443827697820285,-0.0015216067370903057,0.0,0.00027863414643830185,0.00011585095318079452,-0.0011606501058809254,4.4020358116853404e-08,-9.656304455533318e-05,-0.00018122862253776788,0.0003285361938403686,-0.001993237235008036,-0.0005425789666350698,2.6940974577549883e-05,7.616659261940181e-07,0.0022684873648075605,-0.003462226196839858,-0.0008402637835482395,0.00014251439088681112,0.0,0.0,0.1671789782006777,-0.0005833467588936789,0.0,0.0,-0.0036822378271899473,-0.0005258877083827941,-0.010861192291173515,-0.0004180087339784738,0.00033540742631439646,0.009602337797478922,0.011054454628623983,-0.00034680992086241183,-0.11070946360336989,0.04593864536004905,0.0,0.0,-0.00013299588240321756,0.0005287130516631154,-0.00029651711368303114,0.006624634202445491,-5.948648690063044e-05,-0.015614578478888355,-0.0004969094667718059,4.381276186010691e-05,-0.0011537033213496223,0.0005293520667543621,0.01957017523426663,0.0018471597451112415,-0.005848425750862372,-1.56780454006593e-06,0.0007798890882167317,-0.0013356725144269134,0.0006191428082237341,-0.0008327238322605229,-0.00016457323150194673
0.0008865286231027644,-0.0010770315997192127,-0.012194998523258659,-8.322823996098584e-05,0.0,-0.0025167275480959014,-0.00023326254429341663,-0.00010954876589915988,-3.073349212629702e-07,-0.0006528432220206513,-8.308690840131598e-05,-0.00027204974160139207,-1.6670668740455252e-05,0.00014069513451355246,0.0068835986975106615,-8.84704931186678e-05,0.001428148545485736,1.393756735185213e-05,1.1120471334134796e-05,-8.705959724772437e-06,-0.004969284218096847,-0.00013876720706550117,7.423224082587848e-05,-0.057859331604045466,0.0,0.0,0.004476081831119714,0.0,-0.04681914672432815,0.07612142145749806,-0.0038493706446518835,0.00026103359732634326,0.0025298045273416062,0.0,0.0009430014947388143,0.0,0.0,0.0,-0.008453986734044901,0.0,0.0006130808040671877,0.0013868235587393147,-0.027229780119821755,0.00229856353403992,0.0008727556042992412,-0.001437250862653032,0.0,0.00025424810769878207,-0.0005521687657243379,0.0010019576022600102,-4.4020358116853404e-08,4.8281522277666625e-05,-0.0001683749860778208,0.00031709884656506873,-0.001993237235008036,-0.0005776250618954126,2.6940974577549883e-05,-1.1107734899782522e-06,0.002491214074678153,-0.0033939505156016683,0.0001592178620127686,-0.00038813311515516874,0.0,0.0,0.16834810300229974,-0.0005478243981473914,0.0,0.0,-0.0036749137347535025,-0.0004334967717776841,-0.014390194229834924,-0.00048219644975190103,0.00028846220180946526,0.01090880454209678,0.011794637408018015,0.00031642427335851686,-0.1108199561091062,0.04632420198748125,0.0,0.0,0.00020829571635777578,0.0007392824376404295,0.00011860684547321308,0.0094461397738836,-7.182699879223653e-05,-0.015785591152789366,-0.0005451146062064314,5.4810557346721535e-05,-0.0011537033213496223,0.0011721694930857598,0.019590833360426507,-0.004764776402728153,-0.008941903275629666,-1.56780454006593e-06,0.0007798890882167317,-0.0011669704945838255,0.00017403558073258052,-0.0008324190194748419,1.637774622542177e-05
-0.000691577325254733,-0.0010474725197004205,0.0010335689432757504,-1.15661757512436e-05,0.0,0.0002201442182298331,-0.0002044960636373219,-8.965017700547352e-05,-1.4972816364338095e-06,-0.0006590011755022388,0.00010047096430028163,-2.6328956048927304e-05,-1.587387737607605e-05,-0.00032828864719828963,-0.0002647537960581022,-9.781842584529653e-05,-0.00016070017186593387,2.1855704672058647e-05,-2.8352673880988923e-05,1.305893958715871e-05,-0.004969284218096847,-6.798525125879698e-05,-3.6970252463178937e-05,-0.05468427468398777,0.0,0.0,0.0060257529495750676,0.0,-0.07036915973415976,0.08088509442941387,-0.0038493706446518835,0.00026778695341906993,0.0021818544886538682,0.0,0.0013340332446471741,0.0,0.0,0.0,-0.0049497030616495975,0.0,-0.00021815693359749112,0.0006194716194446608,0.0027876705824976707,-0.00019155317473230446,0.0008639571803525011,-0.0015207991636873141,0.0,3.3133779780704115e-05,0.0001354269409744815,-0.0010063855544678755,8.717495324779528e-08,-0.00018353074456784014,-0.00018122862253776788,0.00033952538658222134,0.00042705057369939506,-0.000550169630112825,1.9330544446031735e-05,8.660344142062681e-07,-0.024668378721914297,-0.0018011977679080016,0.000492748679087092,0.00014251439088681112,0.0,0.0,0.17132233454745002,-0.0019838796655399214,0.0,0.0,-0.0037005357914553544,-0.007552737044707113,-0.0023846600976105544,-0.0004017700811960467,0.00022710807407931946,0.0076372711325672915,0.012358558681980006,-0.0003531425682210171,-0.11066709545520709,0.04831573463302249,0.0,0.0,0.001484527080985355,0.0006011296424791726,-0.00028211603202629026,0.006511302765410618,-5.948648690063044e-05,-0.015922182925834694,-0.0014072805977877055,-6.191996682708875e-05,-0.0020006543329472047,0.0004016069842325288,0.021560181599296842,-0.001790757981293839,-0.01576867895507425,-1.56780454006593e-06,0.008062806180324782,-0.001116760464463217,0.0006849093273309203,-0.0008323818471839053,-0.003209829060104273
-0.0006323736997743478,-0.0010624787295991523,-0.012379721654904386,-8.322823996098584e-05,0.0,0.0005738266305946548,-0.000203219804348507,-8.965017700547352e-05,-1.6285205594141173e-06,-0.0006528432220206513,-0.00015070644645042222,-7.333239813677634e-05,-2.3812053187118618e-05,0.00014069513451355246,0.0068835986975106615,-8.626726786791118e-05,-0.0001788522108893075,2.1855704672058647e-05,7.08816847024761e-06,-8.705959724772437e-06,-0.004969284218096847,-6.798525125879698e-05,-4.584504566053561e-05,-0.05337786730821581,0.0,0.0,0.004468906907369174,0.0,-0.06683357489537936,0.07650546575399782,-0.0038493706446518835,0.00026103359732634326,0.0025084522996961147,0.0,0.0009426052227370091,0.0,0.0,0.0,-0.005076019718186978,0.0,-0.00012125086966450757,0.0020540624925706203,-0.024032792751279456,0.002291766837155041,0.0008443827697820285,-0.0014365578859115865,0.0,0.00025424810769878207,0.00011585095318079452,-0.0011606501058809254,4.4020358116853404e-08,4.8281522277666625e-05,-0.00018122862253776788,0.0003285361938403686,0.00042705057369939506,-0.0005425789666350698,2.6940974577549883e-05,7.616659261940181e-07,0.0024302533303497548,-0.0034380533874021953,-0.0008160581517983527,0.00014251439088681112,0.0,0.0,0.16868005537104605,-0.0005819395961066588,0.0,0.0,-0.0036732974286024147,-0.0004473095129300824,-0.010565227146437702,-0.0004180087339784738,0.00033540742631439646,0.0076372711325672915,0.012057436438744068,-0.0003521959535839398,-0.11070946360336989,0.037975381742809323,0.0,0.0,-0.00014915515144769043,0.0005296606075000759,-0.00029651711368303114,0.006828129210338489,-4.671989237302226e-05,-0.015381911114394279,-0.00041805023868420125,-6.0796509756940223e-05,-0.00172997981553092,0.0005293520667543621,0.02396150261990242,0.0018471597451112415,-0.004757883685457602,-1.56780454006593e-06,0.0007798890882167317,0.003645013537132648,0.000614039727182337,-0.0008327238322605229,4.007646389429223e-05
0.0008229211409468639,-0.0042944507137856955,0.008452040239668885,5.855446508824791e-05,0.0,0.00041365160186753987,-0.0003379882062200651,-0.00011428934449223143,-1.2039723303890426e-05,-0.0025849504956386624,0.00027317834656311914,-5.112348377413874e-05,-1.9563764392397525e-05,0.0002069023793689814,-0.0004970806892374995,-6.890021801383067e-05,-0.0004978001199230583,4.065924217002532e-05,2.1330556186061576e-05,-1.1366232235565264e-05,-0.008025173850474855,-3.322043788970988e-05,-4.680464668647868e-05,-0.054685364514163545,0.0,0.0,0.005225094809118202,0.0,0.00955003240036431,0.22665774983164655,-0.007710801884440753,0.00019962629414378122,0.001786595660575835,0.0,0.0025745114947398513,0.0,0.0,0.0,-0.0014775634616342242,0.0,-0.0004098489726234036,-0.005956827754737105,-0.0008484426801667892,-0.00029908973290379315,0.002116195566426015,-0.002429631827018804,0.0,9.75295673503999e-05,0.00035249694414126213,-9.310078138769027e-05,-1.7282533283321355e-07,4.8281522277666625e-05,-0.0002913104031520914,0.0005696804826645725,0.00019356610875024367,-0.0010493790324597426,4.023892691798741e-05,-5.356063168316912e-06,0.0026071310030253165,-0.0010085974609366428,0.00015231482257668395,0.00027378797646564825,0.0,0.0,-0.0843797210023829,-0.0005479892563887491,0.0,0.0,-0.0010024357444265043,-0.0004014547733909187,-0.004022564618192148,-0.0007587734833896648,0.0012572642062186718,0.01195832603483776,0.0030283533850536774,0.000577526180994368,-0.021561886381614857,0.015826836148982913,0.0,0.0,0.00013544064383344296,-0.000347097412383946,0.00022255955431206673,0.013446520779385199,-7.961391893790022e-05,-0.0289544461976301,-0.0003969464361969811,4.50349754593067e-05,-0.0010462746729286603,0.0011721694930857598,0.006136434486511577,-0.002442446446956007,-0.00163219237754662,-1.6489602122658886e-06,0.0007798890882167317,-0.0015705504241496785,0.0010995917927017432,-0.003312053782990198,-0.0001649392145432288
0.0008464880553516181,-0.0010624787295991523,0.007225169279892021,5.855446508824791e-05,0.0,0.0017330858165439719,-0.00020311706338373148,-0.00010954876589915988,-5.698127672235856e-07,-0.0006528432220206513,-0.00015070644645042222,-0.00013970800412333058,-2.3812053187118618e-05,0.00014069513451355246,-0.0002647537960581022,-8.626726786791118e-05,-0.00017851504049420962,2.1855704672058647e-05,1.1120471334134796e-05,1.305893958715871e-05,-0.004969284218096847,-0.00013876720706550117,-4.2746936173539054e-05,-0.06047640906307718,0.0,0.0,0.00541518813687446,0.0,-0.10706494306065381,0.08060860002990503,-0.0038493706446518835,0.00026103359732634326,0.002514534710930284,0.0,0.0013339726383410156,0.0,0.0,0.0,-0.008458611294354705,0.0,0.0006086122758046907,0.002054064793712505,-0.014728638606120985,-0.00019154696116999333,0.0009256844214033077,-0.0015627717609741955,0.0,9.75295673503999e-05,0.00011585095318079452,0.0010116937189971686,-8.717495324779512e-08,4.8281522277666625e-05,-0.00018122862253776788,0.00031709884656506873,0.00042705057369939506,-0.0005852157253731678,2.6805344387871815e-05,-3.2844896390386152e-06,0.0025047009086413673,-0.0035574562605931734,0.00015549592971177045,-0.00038813311515516874,0.0,0.0,0.17314483092325286,-0.0005470785594095519,0.0,0.0,-0.0036732953729125156,-0.00045639779361698147,-0.004717865159213197,-0.0004016064804966133,0.0003757353389002295,0.00894373787718515,0.012555965755082983,-0.0003521959535839398,-0.1107406201639745,0.048583891338075794,0.0,0.0,0.0001192813747889701,0.0007575649265769608,0.00011860684547321308,0.009294828414391642,-6.743999811933046e-05,-0.0156635189237262,-0.0003735544482820995,5.4810557346721535e-05,-0.00172997981553092,0.0011721694930857598,0.021581934162283597,-0.002718542938982865,0.0013250589604050353,-1.3057902745861497e-06,0.0007798890882167317,-0.001578600261164624,0.0003647688736680047,-0.0008327238322605229,1.6152855741579232e-05
-0.00045943083128125134,0.008268319881149983,-0.01615016969568028,-0.00010144147628241571,0.0,0.0004890945384537517,-0.000203219804348507,-8.273878550297832e-05,-1.6285205594141173e-06,-0.0006032195765980394,5.559688073846869e-05,-7.524582507488194e-05,-2.3812053187118618e-05,0.00014069513451355246,-0.0002647537960581022,-8.211141881686736e-05,-0.0005171917496029823,0.00010187049662390346,5.220086880418015e-06,-8.705959724772437e-06,-0.004969284218096847,-6.798525125879698e-05,-4.584504566053561e-05,-0.05544428107565352,0.0,0.0,0.00541473529954339,0.0,-0.03747909807496348,0.08666169671124711,-0.0038493706446518835,0.00022470724644201598,0.0017818550036839385,0.0,0.0013336202982798867,0.0,0.0,0.0,-0.0053963591535089,0.0,-0.00021368840533499418,-0.005902414781164139,-0.02024159851445472,-0.00019155317473230446,0.0005528458509439306,-0.001521520291264175,0.0,0.00024119458872669513,7.778164488566675e-05,-0.0008320420022971535,4.4020358116853404e-08,-9.656304455533318e-05,-0.00018122862253776788,0.00022707473397444444,0.00042705057369939506,-0.000559603864194018,2.6940974577549883e-05,7.290669398043255e-07,0.002171490451934173,-0.0018353030989461691,0.0002844954341575046,0.0001843241735091844,0.0,0.0,0.15068873735965774,-0.0004689340308208871,0.0,0.0,-0.0036799388316896657,-0.0005258877083827941,-0.014373131720301812,0.002134908159684898,0.00033540742631439646,0.0076372711325672915,0.011250164155222212,-0.00033980953727014715,-0.11070066739965109,0.04832229096308853,0.0,0.0,-0.00013299588240321756,-0.00021943821087607953,-0.00020063439714784027,0.0059660380658398075,-5.3097994788569055e-05,-0.01589148065779093,-0.0004788642373337384,4.381276186010691e-05,-0.00172997981553092,0.0005293520667543621,0.02156073426482641,-0.005016917857196641,-0.01010637491031895,-1.56780454006593e-06,0.0007798890882167317,-0.0013557729162310093,0.00037365456469354714,-0.000719194479135454,-0.00015763416600947123
-0.0007045746507964072,0.008283326091048718,0.0016474046831928893,3.229938783988587e-05,0.0,-0.0015990548337435385,-0.0001910187500217378,-8.965017700547352e-05,-1.174147306336581e-06,-0.0006032479501939716,0.00010047096430028163,-0.00016648628234556303,-3.019068042500354e-05,0.00022688289584408484,-0.0002647537960581022,-1.7792848014962866e-05,-0.0012607687689406089,2.1855704672058647e-05,7.08816847024761e-06,1.8253603692311394e-05,-0.004969284218096847,-6.798525125879698e-05,-4.584504566053561e-05,-0.05274632356909739,0.0,0.0,0.005401478779088065,0.0,-0.10191945686947926,0.08566368606936957,-0.0038493706446518835,0.0002760877422893831,0.0026688629515540917,0.0,0.0013339726383410156,0.0,0.0,0.0,-0.00521630334789388,0.0,-9.261622821799575e-05,-0.013846646407493805,0.004821193115180997,-0.0001909805697629201,0.0008657470871940278,-0.001519701581889991,0.0,5.310905390031869e-05,0.00012109115810461624,-0.0011606501058809254,8.717495324779528e-08,-9.656304455533318e-05,-0.00010869208559966909,0.0003285361938403686,0.00042705057369939506,-0.000550169630112825,4.678029929897868e-05,7.616659261940181e-07,0.0028127002743961217,-0.003433059838468222,-0.0008123362194973544,0.00014251439088681112,0.0,0.0,0.15144339232228474,-0.0005821889690366754,0.0,0.0,-0.0036812802263253156,-0.0005617916877397027,-0.0028975288702518414,-0.00040029527994091805,0.00037573533890022904,0.0076372711325672915,0.01332325447467351,-0.00017136759012299514,-0.11075670360430685,0.048294637391742,0.0,0.0,0.00017812349891460513,0.0005287130516631154,-0.00029651711368303114,0.005917268659450806,-5.233149854937699e-05,-0.016319820762024574,-0.00042025872020953477,5.7207064263719274e-05,-0.00172997981553092,0.0005293520667543621,0.02160356851983037,0.0002364635230099445,0.0030804191171255437,-1.56780454006593e-06,0.0007798890882167317,-0.0011337222068900994,0.0006854857981912226,-0.0007134857110391189,4.142747456605878e-05
-0.00043329191129879547,-0.0010770315997192127,0.004395169405049015,-3.3435742212913695e-05,0.0,-0.0063360965184799615,-0.00018859797606957693,-7.88364274065844e-05,-6.099445986411176e-06,-0.0006528432220206513,-0.00015070644645042222,-0.0007641099788889821,-2.3812053187118618e-05,0.00022688289584408484,0.0068835986975106615,-8.020159835039848e-05,0.003992196491170544,2.1855704672058647e-05,1.1120471334134796e-05,-1.2169069128207524e-05,-0.004969284218096847,-6.798525125879698e-05,-4.584504566053561e-05,-0.053605750517476104,0.0,0.0,0.004468976585055728,0.0,-0.08918014622154088,0.0767228851369131,-0.0038493706446518835,0.00019962629414378122,0.001756774051385704,0.0,0.0009426491546776853,0.0,0.0,0.0,-0.005207715355555974,0.0,-7.572561260622683e-06,-0.0035807869751421275,-0.01585182759395833,0.0022916922744073078,0.0008700476051634074,-0.0014371662309720543,0.0,8.744807163713249e-05,0.00011585095318079452,-0.000982328435866996,4.4020358116853404e-08,4.8281522277666625e-05,-0.00010300357829596816,0.0003285361938403686,0.00042705057369939506,-0.0005650125705126841,4.678029929897846e-05,7.616659261940181e-07,0.0024840230703944387,-0.0033196987129436232,-0.0006352756255460093,-0.0003281031584161703,0.0,0.0,0.16607703056995418,-0.000582850293085856,0.0,0.0,-0.0036806302720702472,-0.0006574795004055578,-0.004021472018411381,-0.00039681360716543163,0.0003757353389002295,0.0076372711325672915,0.011341394814181468,0.00019819847605010528,-0.11416190369834744,0.048202755653184756,0.0,0.0,0.00019428276795907886,-0.00020677673183106478,0.00011860684547321308,0.008340455659876657,-4.1242795437006724e-05,-0.015276259496659962,-0.0006274009450449301,4.381276186010691e-05,-0.00172997981553092,0.0005293520667543621,0.021628476219148936,0.00064287373713778,-0.0008624257353287714,-1.56780454006593e-06,0.0007798890882167317,-0.0012489559670105224,0.00037468594835880737,-0.0008327238322605229,-0.00016457323150194673
-0.00022233519337235317,0.03324184761620043,-0.00473546617020827,6.983645567167052e-05,0.0,0.00032132048533872417,-0.00034364831064578037,-0.00011428934449223143,-1.5333990021239573e-06,-0.0022730293941033014,0.00027317834656311914,-3.237732267213556e-05,-1.2053069927126983e-05,0.0002069023793689814,-0.0004970806892374995,-0.00013416750126078373,-0.0001122756695803159,4.065924217002532e-05,-8.532222474424197e-05,1.7049348353347896e-05,-0.008025173850474855,-3.322043788970988e-05,-4.339446320824944e-05,-0.04748440740464101,0.0,0.0,0.014373811327085461,0.0,-0.05461052199533529,0.24914835936531118,-0.007710801884440753,0.0001943073725871959,0.001376192506584237,0.0,0.00257457210104601,0.0,0.0,0.0,-0.0013527677652859834,0.0,-0.0005670366175942601,0.057640363266365985,-0.009577190843516494,-0.0003004472820424695,0.00366968083093414,0.0011853636291783009,0.0,0.0001166267584870029,0.00035742047362619014,0.0004738059283113994,1.7282533283321334e-07,9.176537228392012e-05,-0.0003219518374896663,-0.0011813412214994594,0.00019395302345451022,-0.0010552122581012641,4.298756704392356e-05,1.0601479000539593e-06,0.005217870187422859,-0.00012846118524124364,0.0002771960919742266,-0.00037972248739261605,0.0,0.0,-0.06589636207181458,-0.0008609815312156431,0.0,0.0,-0.0019525978964987645,-0.0009638134126890921,-0.0047520488771741875,-0.0008694014662990058,0.000211686302306448,0.011605687410510882,0.005853373460131738,-0.000643117075212434,-0.017203797972929875,0.015318683559003569,0.0,0.0,0.00037505782240267985,0.0008616596747842769,0.00020833719467287207,0.011288294710350883,-9.956539967798653e-05,-0.02091021795611068,-0.0008161281741883144,-5.2151540997721755e-05,-0.0008903551988181464,0.002031709741721883,0.00563878608187594,0.0016499653142521102,0.001049450219458515,-2.07572454689842e-06,0.0013694153202931355,-0.0010304702564989869,0.0012020653388397085,-0.0026563654588276264,-0.00048471073805554735
-0.00041703064374408726,-0.0010624787295991523,-0.0026964508675099232,-2.0505774990942278e-05,0.0,-0.0007049884136140438,-0.00019493943376011565,-8.273878550297832e-05,-6.313691067258064e-07,-0.0006590011755022388,5.559688073846869e-05,-4.09434442187842e-05,-1.1889920554180078e-05,0.00014069513451355246,-0.0002647537960581022,-0.00013305573774908245,-0.00016070002189003953,0.00010187049662390346,5.220086880418015e-06,-8.705959724772437e-06,-0.004969284218096847,-6.798525125879698e-05,0.00016366317085264327,-0.055364540484226135,0.0,0.0,0.00901772257285898,0.0,-0.11673318320165514,0.08183409786402808,-0.0038493706446518835,0.0002339554798409288,0.0020596833619555104,0.0,0.0013336606122960368,0.0,0.0,0.0,-0.004944680968752074,0.0,-0.00012125086966450757,0.0006039916319566117,0.004678581927210918,-0.0001909805697629201,0.0005528458509439306,-0.0015530526311507593,0.0,5.623675316948862e-05,8.270517437059476e-05,-0.0010846875647792297,4.4020358116853404e-08,-0.00018353074456784014,-0.00018122862253776788,0.0002284953321030709,0.00042705057369939506,-0.0005673103170335973,2.705750196328109e-05,8.660344142062681e-07,0.005257462050440108,-0.0034486710446838867,-0.0009720842520076032,-0.0003028430806344738,0.0,0.0,0.1718884582491438,-0.0008631738027574511,0.0,0.0,-0.004631384997129635,-0.0011920518484026207,-0.003207423742850617,0.002134908159684898,0.00019002509586856078,0.0076372711325672915,0.013014096650975434,-0.0003531425682210171,-0.11069491646658448,0.03797045324667268,0.0,0.0,0.00035708835855854655,0.0006046755927648115,-0.00020063439714784027,0.00719094596392416,-5.233149854937699e-05,-0.015527705011296793,-0.0008222752515938518,-5.7307225050925444e-05,-0.0017605260766465857,0.002031709741721883,0.023929923311495165,0.0028147252757992364,-0.006146519176395547,-4.07042574251956e-06,0.0014602561264384015,0.003910796745836469,0.00036546929031155056,-0.0008321959857292218,-0.000283236653316238
-0.0013419301429212769,0.008268319881149983,-0.00512024382736156,-2.562036201246608e-05,0.0,-0.000943965603472774,-0.00019493943376011565,-8.965017700547352e-05,-6.313691067258064e-07,-0.0006032195765980394,0.00010047096430028163,-0.00010147639514497618,-1.587387737607605e-05,0.00014069513451355246,-0.0002647537960581022,-0.00013416750126078373,-0.00011226416448540283,1.393756735185213e-05,7.08816847024761e-06,-8.705959724772437e-06,-0.004969284218096847,-6.798525125879698e-05,-3.6970252463178937e-05,-0.053794366141584934,0.0,0.0,0.0090309790933143,0.0,-0.0914260279405179,0.08563506871807831,-0.0038493706446518835,0.0001943073725871959,0.0011862436207600968,0.0,0.0013340332446471741,0.0,0.0,0.0,-0.0049406639059595735,0.0,-0.00021368840533499418,-6.1004229655056664e-05,-0.010546800121585088,-0.00019155317473230446,0.0008657470871940278,-0.0015220353308578662,0.0,-0.00031173267266408785,0.0001395576876793616,-0.0010063855544678755,4.4020358116853404e-08,-0.00018353074456784014,-0.00018122862253776788,0.00032995679196899506,0.00042705057369939506,-0.000550169630112825,2.7057501963281144e-05,8.660344142062681e-07,0.004720265207890124,-0.001807778464082356,0.000306020355344043,0.00014251439088681112,0.0,0.0,0.15463294470078573,-0.0010827517366775777,0.0,0.0,-0.0038100280020837395,-0.0012123348510612334,-0.0051593139539425955,-0.00043702810980786723,0.00021221207886195248,0.0076372711325672915,0.012182796164696981,-0.00035523142394141085,-0.11071096575550876,0.03809009686928519,0.0,0.0,0.0003142055787968062,0.0006011296424791726,-0.00029651711368303114,0.0066634169511738065,-5.948648690063044e-05,-0.016065726620039182,-0.0007059958674871728,-5.2151540997721755e-05,-0.0017605260766465857,-0.0015242563883043298,0.02391864346259235,-0.003664254962887294,0.004440963392781187,-1.56780454006593e-06,0.0013694153202931355,0.0038557366291810794,0.0006705082456741784,-0.0007188524940588363,-0.00048464511917486406
0.001222320772682656,-0.0010770315997192127,-0.013571802299392607,0.00016645647992198035,0.0,-0.0010126721033550182,-0.000203219804348507,-8.965017700547352e-05,-6.313691067258064e-07,-0.0006528432220206513,-0.00015070644645042222,-8.682968630105642e-05,-2.3812053187118618e-05,0.00014069513451355246,0.0068835986975106615,-8.020159835039848e-05,0.003992196491170544,2.1855704672058647e-05,7.08816847024761e-06,-8.705959724772437e-06,-0.004969284218096847,-6.798525125879698e-05,-4.584504566053561e-05,-0.05337121803091929,0.0,0.0,0.005401925402856822,0.0,-0.06884309121102147,0.07650546575399782,-0.0038493706446518835,0.00019962629414378122,0.001786595660575835,0.0,0.0009430014947388143,0.0,0.0,0.0,-0.00506850167316082,0.0,-0.00012125086966450757,-0.003531867643885092,-0.014827159801300636,-0.0001909805697629201,0.0008443827697820285,-0.0015206594132118857,0.0,0.00028348541259018683,0.00011585095318079452,-0.0009847381766197687,4.4020358116853404e-08,-9.656304455533318e-05,-0.00018122862253776788,0.0003285361938403686,0.00042705057369939506,-0.0005425789666350698,2.588619083681524e-05,7.616659261940181e-07,0.0025630988863329443,-0.0033627941559767126,-0.0005554210895048821,0.00014251439088681112,0.0,0.0,0.17025556384196974,-0.0005479892563887491,0.0,0.0,-0.0036708066995935137,-0.0005965664468150229,-0.010866048184798902,-0.0004180087339784738,0.0006490339617800827,0.0076372711325672915,0.011165548336196185,-0.00034680992086241183,-0.11070820170209997,0.03594895693709355,0.0,0.0,0.00022445498540224886,0.0005247784632322758,-0.00029651711368303114,0.006393544764340102,-5.955687141706925e-05,-0.015870210166271232,-0.0005341994439334757,4.50349754593067e-05,-0.0011537033213496223,0.0011721694930857598,0.021927464332534334,0.0020151265637796388,-0.005331369546165268,-1.56780454006593e-06,0.0007798890882167317,0.0038769090877444107,0.0006092257335329319,-0.0008327238322605229,-0.00016457323150194673
-0.0005653077496691608,0.008283326091048718,-0.0057035517882902485,-3.357241799258829e-05,0.0,0.00026399233832606503,-0.0002391579076783994,-7.88364274065844e-05,-6.313691067258064e-07,-0.0005970616231164519,-0.00015070644645042222,-3.164678820043015e-05,-2.3812053187118618e-05,0.00014069513451355246,0.0068835986975106615,-6.381129236519839e-05,0.010086120069418104,2.1855704672058647e-05,1.1120471334134796e-05,-8.705959724772437e-06,-0.004969284218096847,-6.798525125879698e-05,-4.584504566053561e-05,-0.0507450663513262,0.0,0.0,0.00541518813687446,0.0,-0.12074122298346371,0.08143423677883367,-0.0038493706446518835,0.00031981039718188364,0.0027164676675866493,0.0,0.0009430014947388143,0.0,0.0,0.0,-0.005105498844725815,0.0,-0.00012125086966450757,-0.007270613383082853,0.013134845374318903,-0.00019154696116999333,0.0008700476051634074,-0.0015213626890381755,0.0,0.00010352526904059236,0.00011585095318079452,-0.0009067449504483179,4.4020358116853404e-08,4.8281522277666625e-05,-0.00018122862253776788,0.0003285361938403686,-0.0019974526625845383,-0.0005425789666350698,2.6940974577549883e-05,-1.1107734899782522e-06,0.0025777675954039205,-0.003516819181661949,0.0002844954341575046,0.00014251439088681112,0.0,0.0,0.14686606194303015,-0.0005833467588936789,0.0,0.0,-0.0036830692418355713,-0.0004079251313980706,-0.005311648202191344,-0.00039681360716543163,0.0003354074263143969,0.009602337797478922,0.01350130240445637,-0.00033665731775784084,-0.1106738971836494,0.04800645267392718,0.0,0.0,0.0001966714018399961,0.0005299255750727117,0.00011860684547321308,0.006012716726662953,-6.67118597683227e-05,-0.01596545199313421,-0.0005616946220509493,5.7207064263719274e-05,-0.00172997981553092,0.0005293520667543621,0.021561745633231474,-0.0024935681830968223,0.0056370203888803086,-1.56780454006593e-06,0.0007798890882167317,-0.0012691085200415642,0.0003647688736680047,-0.000719194479135454,-3.939749506265617e-05
-0.0007506644965472155,-0.0010624787295991523,0.0010257467939410133,2.313235150248731e-05,0.0,0.0002201442182298331,-0.0001890440703751329,-8.965017700547352e-05,-1.6285205594141173e-06,-0.0006590011755022388,0.00010047096430028163,-2.5044413045484588e-05,-1.587387737607605e-05,0.00014069513451355246,-0.0002647537960581022,-0.00013305573774908245,-0.00016069712889589017,2.1855704672058647e-05,7.08816847024761e-06,-8.705959724772437e-06,-0.004969284218096847,-6.798525125879698e-05,-3.6970252463178937e-05,-0.05169297730876274,0.0,0.0,0.009017076647131929,0.0,-0.12006872291821483,0.08089696363836511,-0.0038493706446518835,0.0002339554798409288,0.0020596833619555104,0.0,0.0013340332446471741,0.0,0.0,0.0,-0.004974127456729303,0.0,-0.00012125086966450757,0.0006261786149500035,0.0027925457372095573,-0.00019162649548996625,0.0008657470871940278,-0.0015202727475169884,0.0,3.479661693414854e-05,0.0001395576876793616,-0.0011456982123202886,4.4020358116853404e-08,-0.00018353074456784014,-0.0001683749860778208,0.00032995679196899506,-0.0019974526625845383,-0.000550169630112825,2.6988117109352306e-05,8.660344142062681e-07,0.005257462050440108,-0.003368997238136379,-0.0009720842520076032,0.00014251439088681112,0.0,0.0,0.16985047795569366,-0.0008631738027574511,0.0,0.0,-0.0046411460036415025,-0.0011823879673369638,-0.0023924822469452915,-0.00040029527994091805,0.00022710807407931946,0.009602337797478922,0.013087895541683207,0.00031743402038262225,-0.11068345477024462,0.04796900210846774,0.0,0.0,0.00032183144445584503,0.0005129219103039987,-0.00029651711368303114,0.007392864522633324,-5.955687141706925e-05,-0.01595696588218378,-0.0007447581056079809,-6.191996682708875e-05,-0.0017605260766465857,0.002031709741721883,0.021604213521634715,0.0031194564242571876,-0.008209020470090145,-1.56780454006593e-06,0.0014602561264384015,-0.0011167236715854513,0.0006705082456741784,-0.0008323818471839053,-0.000283236653316238
-0.0014266806722118652,-0.0010770315997192127,-0.005641784146469034,6.983645567167052e-05,0.0,-0.0005629770945719345,-0.0001890440703751329,-8.965017700547352e-05,-8.938469526864227e-07,-0.0006528432220206513,-0.00015070644645042222,-4.6023351881133514e-05,-1.6670668740455252e-05,0.00014069513451355246,-0.0002647537960581022,-0.00013057828741850632,0.0018568861496096988,1.393756735185213e-05,7.08816847024761e-06,-8.705959724772437e-06,-0.004969284218096847,-6.798525125879698e-05,7.423224082587848e-05,-0.053407950860786244,0.0,0.0,0.008085220378826639,0.0,-0.0985459626638823,0.08074687023534462,-0.0038493706446518835,0.0001427945214199102,0.0008048526659313879,0.0,0.0013347863253498696,0.0,0.0,0.0,-0.0049447136073136845,0.0,-0.00012125086966450757,-0.0018077728469324897,-0.005183262807055806,0.0022916922744073078,0.0008443827697820285,-0.001436166293862867,0.0,0.0001166267584870029,0.00012077448266572264,-0.0010846875647792297,8.717495324779528e-08,-9.656304455533318e-05,-0.0001683749860778208,0.00032995679196899506,0.00042705057369939506,-0.0005673103170335973,2.6517902218187194e-05,8.660344142062681e-07,0.004775857560477248,-0.0034785129996409486,-0.0007945332306118142,-0.0003028430806344738,0.0,0.0,0.1725708312569533,-0.0010812019347634515,0.0,0.0,-0.003810719442464321,-0.0013086752695641553,-0.004646864483086244,-0.000454741563845423,0.0003792901489019638,0.0076372711325672915,0.010554129780861052,0.0003180276092567785,-0.11069491646658448,0.03797318884933753,0.0,0.0,0.00035708835855854677,0.000605623148601772,-0.00029651711368303114,0.0073741597116092905,-4.671989237302226e-05,-0.015665268283582126,-0.0007900009068145173,3.7930227908563696e-05,-0.0017605260766465857,-0.0015242563883043298,0.023961143995963222,-0.0016740545448954737,0.0010080506219063852,-1.56780454006593e-06,0.0013694153202931355,0.003914059294900687,0.0005834970671427937,-0.0008324190194748419,-0.0004414690875132718
0.0008964799868483421,-0.0010624787295991523,-0.005912462037527311,-3.49182278358345e-05,0.0,0.0003395441098742715,-0.0001890440703751329,-0.00010954876589915988,-4.3423068626653745e-06,-0.0006528432220206513,0.00010047096430028163,-3.0502086191898278e-05,-1.1889920554180078e-05,0.00014069513451355246,0.0068835986975106615,-0.00013303182885635777,-0.0001106519773369551,2.1855704672058647e-05,1.1120471334134796e-05,-8.705959724772437e-06,-0.004969284218096847,-0.00013876720706550117,0.00016366317085264327,-0.06076651010184385,0.0,0.0,0.009031431930645371,0.0,-0.10541589289867405,0.07651267222451474,-0.0038493706446518835,0.0001943073725871959,0.0014086412171509025,0.0,0.0009430621010449728,0.0,0.0,0.0,-0.008322804016657305,0.0,0.0005633959469772349,-2.2816407887245646e-05,-0.008940421240009917,-0.00019154696116999333,0.000947048738815307,-0.0015528361789152122,0.0,0.00010763810230974636,0.0001395576876793616,0.0019498498085305297,-4.4020358116853404e-08,9.176537228392012e-05,-0.0001683749860778208,0.0003185194446936952,0.00042705057369939506,-0.0005506514207046421,2.7057501963281144e-05,-1.0064050019660022e-06,0.005374026576631414,-0.003542174602762353,0.00019991003147034204,-0.00026263709944544057,0.0,0.0,0.16893483981305973,-0.0008230518032090255,0.0,0.0,-0.004630732987184666,-0.001198522109908836,-0.005449408217133247,-0.00038389302645905755,0.00019002509586856078,0.00894373787718515,0.011712438481772473,0.00031534516466222843,-0.11423519254438692,0.04857903996307192,0.0,0.0,0.00037505782240267985,0.0005239768437373726,0.00011860684547321308,0.010321823440250849,-5.5835395114505685e-05,-0.01538155020759097,-0.0005818506610725816,-5.2151540997721755e-05,-0.0017605260766465857,0.0027254847246064706,0.02156697846007502,0.0010970724141484752,0.00470090270748134,-4.07042574251956e-06,0.0013694153202931355,-0.0011251042820537135,0.00042605138580925194,-0.0008321959857292218,-0.0004846046388877725
-0.00036526787340768646,-0.0010624787295991523,0.0018911562690658362,-1.7748196999663917e-05,0.0,0.00044709216430885174,-0.000203219804348507,-0.00010954876589915988,-1.1732474509709725e-06,-0.0006581028092731908,0.00010047096430028163,-4.364028196727178e-05,-1.587387737607605e-05,0.00014069513451355246,-0.0002647537960581022,-7.955617796584919e-05,-0.0003025753037034137,2.1855704672058647e-05,1.1120471334134796e-05,-8.705959724772437e-06,-0.004969284218096847,-0.00013876720706550117,-3.6970252463178937e-05,-0.051937434168627665,0.0,0.0,0.00749306372178611,0.0,-0.16040991492399245,0.08076322700201985,-0.0038493706446518835,0.00039510348264283407,0.004258340833306911,0.0,0.0013333567066358286,0.0,0.0,0.0,-0.008777294568326238,0.0,0.0006130808040671877,0.03364228301521334,0.007473152880703919,-0.00019154696116999333,0.0008914119225754067,-0.00021032389066046863,0.0,4.911023113625504e-05,0.00013463415819443348,-0.0009067449504483179,8.717495324779528e-08,9.176537228392012e-05,-0.00018122862253776788,0.0003285361938403686,-0.0019972715904936268,-0.0005495260316369042,2.6805344387872032e-05,7.020800817432601e-07,0.0024862303286717694,-0.0033117020006250106,0.0002844954341575046,0.00014251439088681112,0.0,0.0,0.15171326503744045,-0.0004689340308208871,0.0,0.0,-0.003677695093944743,-0.00022865818276277368,-0.002779550742670519,-0.0003791001531278759,0.00027755685438340364,0.009309305380867607,0.016139193521166998,-0.00034740951293082555,-0.11067853952302222,0.04798392269359394,0.0,0.0,0.00013544064383344296,0.0005356894301782603,0.00011860684547321308,0.00884437748585826,-6.67118597683227e-05,-0.012421124953966191,-0.0006381375565536094,-7.771827036472042e-05,-0.00172997981553092,0.0005293520667543621,0.021560181599296842,-0.0012046618733384694,0.010412763065386948,-1.56780454006593e-06,0.0007798890882167317,-0.001156748164811418,0.0004538793256551774,-0.0008323818471839053,0.00021514120263864758
-0.0013092450487203421,-0.0010474725197004205,-0.0027225333829208834,-3.49182278358345e-05,0.0,-0.0012405613189615968,-0.00019483669279534013,-0.00010954876589915988,-1.1732474509709725e-06,-0.0006528432220206513,0.00010047096430028163,-0.00010632007274596065,-2.3812053187118618e-05,0.00014069513451355246,-0.0002647537960581022,-0.00013416750126078373,-0.00011226431446129711,2.1855704672058647e-05,1.1120471334134796e-05,1.305893958715871e-05,-0.004969284218096847,-6.798525125879698e-05,-3.811754297414839e-05,-0.05495305699881755,0.0,0.0,0.009030783214043553,0.0,-0.09580543372619457,0.08070510339937062,-0.0038493706446518835,0.0001943073725871959,0.0011862436207600968,0.0,0.0013340332446471741,0.0,0.0,0.0,-0.00495951000981575,0.0,0.0005161747401342041,0.0011673594567991423,-0.00958970226045596,-0.00019219567777181058,0.0008914119225754067,-0.0016000881960635985,0.0,0.00010763810230974636,0.0001395576876793616,-0.0009425661199304486,8.717495324779528e-08,-9.656304455533318e-05,-0.00018122862253776788,0.00032995679196899506,0.00042705057369939506,-0.0005495260316369042,2.7057501963281144e-05,8.660344142062681e-07,0.004720265207890124,-0.0018072047196327336,0.000306020355344043,0.00014251439088681112,0.0,0.0,0.1716323409917388,-0.0010827517366775777,0.0,0.0,-0.0038141467848162806,-0.0012123348510612334,-0.005438609049786514,-0.0003791001531278759,0.000310390563378778,0.007344238715955975,0.01102021579536142,-0.00035523142394141085,-0.11070804301837289,0.04627943810848549,0.0,0.0,0.0003876127183824053,0.0005633105111895329,0.00011860684547321308,0.006767825315525255,-6.67118597683227e-05,-0.015978047859770673,-0.0006701512709777769,-5.2151540997721755e-05,-0.0011842495824652879,-0.0015242563883043298,0.019445975310024014,-0.003708209256749619,0.0038517445030867067,-1.56780454006593e-06,0.0013694153202931355,-0.0012416715433548324,0.00042605138580925194,-0.0008327238322605229,-0.00048464511917486406
0.0011044969933120049,-0.0042944507137856955,-0.02023344344570021,0.00016645647992198035,0.0,0.0002457687137905181,-0.00035209112122773273,-0.00014098821328373156,-4.668870757021246e-07,-0.0025849504956386624,0.00027317834656311914,-3.2964917302687386e-05,-1.9563764392397525e-05,0.0002069023793689814,-0.0004970806892374995,0.004120111140275634,0.004137600230883098,4.065924217002532e-05,1.1374904438624014e-05,-1.1366232235565264e-05,-0.008025173850474855,-3.322043788970988e-05,-5.2362187132947834e-05,-0.053347844684884835,0.0,0.0,0.004089909698142446,0.0,0.07061204022240251,0.22654564931202836,-0.007710801884440753,0.00019962629414378122,0.0018515142237753217,0.0,0.002574115222738046,0.0,0.0,0.0,-0.0017823307574843504,0.0,-0.0004952229948254135,-0.003806697852909765,-0.018940120624388775,-0.0003004534739070176,0.0018661458697650745,-0.0023456147633945015,0.0,0.00028348541259018683,0.00035249694414126213,0.00041164259489752776,6.971181096157156e-08,-9.656304455533318e-05,-0.0003219518374896663,0.0005973715355981697,0.00019356610875024367,-0.001029515284997333,4.1230442855428066e-05,8.961935675908428e-07,0.0024842176195497574,-0.0009721376655629028,0.0002556711707876882,0.0001786929352435838,0.0,0.0,-0.08333912985104151,-0.0003754957173662113,0.0,0.0,-0.001003262444741203,-0.0003479467132331495,-0.014007000062709513,-0.0007989910338443505,0.0006490339617800827,0.011605687410510882,0.0024362802745777836,-0.0006346955721334349,-0.017207386397898997,0.01572651465276147,0.0,0.0,0.00019667140183999632,0.0006980223935402033,-0.0005563988857801679,0.01067072460020882,-9.956539967798653e-05,-0.03021256978217895,-0.0004986760122116928,-5.102092786952561e-05,-0.0010462746729286603,3.834812311323543e-05,0.006083475901729737,-0.005376915829138837,-0.013125659574304773,-2.07572454689842e-06,0.0007798890882167317,-0.0011486034666624116,0.0019200403199364888,-0.003312053782990198,-0.00014173466806856224
0.0009077664441466036,-0.0010770315997192127,0.006859822485392784,-2.927723254412325e-05,0.0,0.0004470921643088522,-0.00018859797606957693,-7.88364274065844e-05,-6.099445986411176e-06,-0.0006528432220206513,-0.00015070644645042222,-4.896702436007909e-05,-2.3812053187118618e-05,0.00022688289584408484,0.0068835986975106615,-8.580282563164682e-05,0.0040370516246150045,2.1855704672058647e-05,1.1120471334134796e-05,-1.2169069128207524e-05,-0.004969284218096847,-0.00013876720706550117,-4.2746936173539054e-05,-0.060535320975328676,0.0,0.0,0.00541518813687446,0.0,-0.11680173710609416,0.07666476153426387,-0.0038493706446518835,0.00019962629414378122,0.001786595660575835,0.0,0.0009430014947388143,0.0,0.0,0.0,-0.008843941476580505,0.0,-7.572561260622683e-06,-0.003609465564318121,-0.003943763308598576,-0.00019154696116999333,0.0008700476051634074,-0.0015638522697263685,0.0,9.038578055960828e-05,0.00011585095318079452,0.0010603861068729493,-4.4020358116853404e-08,4.8281522277666625e-05,-0.00010300357829596816,0.0003285361938403686,0.00042705057369939506,-0.0005557510501848905,4.486962981048101e-05,-3.3440754834893733e-06,0.002552463279306692,-0.0033287713518420736,0.000139152074152005,0.00020117366186496064,0.0,0.0,0.1716426781778243,-0.0004340729941237802,0.0,0.0,-0.0036659841428872573,-0.0008054900729141466,-0.004050411925677761,-0.00039681360716543163,0.0012572642062186718,0.009236770293796465,0.011728104721207186,0.00019819847605010528,-0.11388105306090886,0.03831184862128837,0.0,0.0,0.00013544064383344296,-0.00025087036140192476,0.00011860684547321308,0.010534261843663071,-5.885497672034676e-05,-0.01564199170762752,-0.0005281354082830867,4.50349754593067e-05,-0.00172997981553092,0.0011721694930857598,0.02395857798581833,0.00072629634300577,0.0037670997596685246,-1.3057902745861497e-06,0.0007798890882167317,0.0037572288570313127,0.0003647688736680047,-0.0008327238322605229,-0.00015677408437068404
-0.00015577057926458948,-0.004299243289395565,-0.009572350264894332,8.849033354490013e-05,0.0,-0.0019097689922077158,-0.00035209112122773273,-0.00014098821328373156,-2.361829387655844e-06,-0.0025972975866048547,0.00027317834656311914,-0.00027377836134202533,-1.9563764392397525e-05,0.0002069023793689814,-0.0004970806892374995,-8.211141881686736e-05,-0.0005171845280493722,2.1794144809510847e-05,1.1374904438624014e-05,-1.1366232235565264e-05,-0.008025173850474855,-3.322043788970988e-05,-5.2362187132947834e-05,-0.053703181522422504,0.0,0.0,0.005223838773457927,0.0,0.06431013827701737,0.22660066846792382,-0.007710801884440753,0.00022470724644201598,0.0017818550036839385,0.0,0.0025745114947398513,0.0,0.0,0.0,-0.001778745542108254,0.0,-0.0005247450314942619,-0.006094368633302445,-0.01887384468653496,-0.00029910321231840895,0.0018661458697650745,-0.0023446823098757378,0.0,-0.0008504562377705575,0.00035249694414126213,0.000351577616213598,6.971181096157156e-08,-9.656304455533318e-05,-0.0003219518374896663,0.0005973715355981697,0.00019356610875024367,-0.001029515284997333,4.228522659616271e-05,9.401492984101702e-07,0.002171490451934173,-0.00013269015463168656,0.0002556711707876882,0.0001786929352435838,0.0,0.0,-0.08399465589196255,-0.0004689340308208871,0.0,0.0,-0.0010038600868791936,-0.00027726797480091993,-0.008880404369610071,-0.0009082357160490737,0.00033540742631439646,0.011605687410510882,0.0023261999525735,-0.0006276951885411703,-0.017345278521223757,0.01533161336203136,0.0,0.0,6.200733151200566e-05,0.000739431362686475,-0.0005563988857801679,0.010168811894546655,-9.956539967798653e-05,-0.030275281855874484,-0.0006393562978550601,4.50349754593067e-05,-0.0008598089377024809,0.0005293520667543621,0.005639898324342408,0.0012942869306977107,-0.012236958096737967,-2.07572454689842e-06,0.0007798890882167317,-0.0012161077799190201,0.0019152263262870836,-0.003312053782990198,-0.00015756854712878815
0.000801248988947911,-0.0010770315997192127,0.005869108539753543,-2.927723254412325e-05,0.0,-0.0058857003411939505,-0.000203219804348507,-0.00010954876589915988,-3.073349212629702e-07,-0.0006528432220206513,0.00010047096430028163,-0.0007640754552128776,-2.3812053187118618e-05,0.00014069513451355246,-0.0002647537960581022,-8.626726786791118e-05,-0.00017851354073526705,2.1855704672058647e-05,1.1120471334134796e-05,-8.705959724772437e-06,-0.004969284218096847,-0.00013876720706550117,-4.584504566053561e-05,-0.053840214740002876,0.0,0.0,0.004468976585055728,0.0,-0.09333266103950202,0.08072732326806892,-0.0038493706446518835,0.00026103359732634326,0.00255335813934497,0.0,0.0013339726383410156,0.0,0.0,0.0,-0.008769965193908994,0.0,0.0006130808040671877,0.002054064793712505,-0.01900578951765535,0.0022916922744073078,0.000947048738815307,-0.0014371317072959496,0.0,9.038578055960828e-05,0.00013463415819443348,-0.0009847381766197687,-4.4020358116853404e-08,4.8281522277666625e-05,-0.00018122862253776788,0.00031709884656506873,0.00042705057369939506,-0.0005495260316369042,2.6805344387871815e-05,7.020800817432601e-07,0.0026082812576753364,-0.003349261813073483,-0.0005591430218058804,0.00014251439088681112,0.0,0.0,0.17036423064568887,-0.0003877497155128394,0.0,0.0,-0.003916155122337598,-0.00045639779361698147,-0.0047105536088486505,-0.00038389302645905755,0.0003757353389002295,0.007344238715955975,0.012382700832824835,-0.0003521959535839398,-0.11110763522461119,0.048193566967284975,0.0,0.0,0.000178123498914606,0.0005314898741747845,0.00011860684547321308,0.009087205544361128,-5.394526524071452e-05,-0.015634725001656986,-0.0005050340047191417,5.4810557346721535e-05,-0.00172997981553092,0.002077827293952817,0.0216047042426711,-0.00044806376434820046,-0.0027186300528929926,-1.56780454006593e-06,0.0007798890882167317,-0.0012730946583052402,0.00044102893832629545,-0.0008327238322605229,2.4320823266343265e-05
