cm_angle.dist_ctr2best.mean,cm_angle.dist_ctr2worst.mean,cm_angle.angle.mean,cm_angle.costs_runtime,cm_grad.mean,cm_grad.costs_runtime,disp.ratio_mean_02,disp.ratio_mean_05,disp.ratio_mean_10,disp.ratio_mean_25,disp.ratio_median_02,disp.ratio_median_05,disp.ratio_median_10,disp.ratio_median_25,disp.diff_mean_02,disp.diff_mean_05,disp.diff_mean_10,disp.diff_mean_25,disp.diff_median_02,disp.diff_median_05,disp.diff_median_10,disp.diff_median_25,disp.costs_runtime,ela_conv.conv_prob,ela_conv.lin_prob,ela_conv.lin_dev.orig,ela_conv.lin_dev.abs,ela_conv.costs_runtime,ela_curv.grad_norm.min,ela_curv.grad_norm.lq,ela_curv.grad_norm.mean,ela_curv.grad_norm.med,ela_curv.grad_norm.uq,ela_curv.grad_norm.max,ela_curv.grad_norm.sd,ela_curv.grad_scale.nas,ela_curv.hessian_cond.nas,ela_curv.costs_fun_evals,ela_curv.costs_runtime,ela_distr.skewness,ela_distr.kurtosis,ela_distr.number_of_peaks,ela_distr.costs_runtime,ela_level.mmce_lda_10,ela_level.mmce_qda_10,ela_level.mmce_mda_10,ela_level.lda_qda_10,ela_level.lda_mda_10,ela_level.qda_mda_10,ela_level.mmce_lda_25,ela_level.mmce_qda_25,ela_level.mmce_mda_25,ela_level.lda_qda_25,ela_level.lda_mda_25,ela_level.qda_mda_25,ela_level.mmce_lda_50,ela_level.mmce_qda_50,ela_level.mmce_mda_50,ela_level.lda_qda_50,ela_level.lda_mda_50,ela_level.qda_mda_50,ela_level.costs_runtime,ela_local.n_loc_opt.abs,ela_local.n_loc_opt.rel,ela_local.best2mean_contr.orig,ela_local.basin_sizes.avg_best,ela_local.basin_sizes.avg_non_best,ela_local.basin_sizes.avg_worst,ela_local.fun_evals.min,ela_local.fun_evals.lq,ela_local.fun_evals.mean,ela_local.fun_evals.median,ela_local.fun_evals.uq,ela_local.fun_evals.max,ela_local.fun_evals.sd,ela_local.costs_fun_evals,ela_local.costs_runtime,ela_meta.lin_simple.adj_r2,ela_meta.lin_simple.intercept,ela_meta.lin_simple.coef.min,ela_meta.lin_simple.coef.max,ela_meta.lin_simple.coef.max_by_min,ela_meta.lin_w_interact.adj_r2,ela_meta.quad_simple.adj_r2,ela_meta.quad_simple.cond,ela_meta.quad_w_interact.adj_r2,ela_meta.costs_runtime,ic.h.max,ic.eps.s,ic.eps.max,ic.eps.ratio,ic.m0,ic.costs_runtime,nbc.nn_nb.sd_ratio,nbc.nn_nb.mean_ratio,nbc.nn_nb.cor,nbc.dist_ratio.coeff_var,nbc.nb_fitness.cor,nbc.costs_runtime
3.4532217398816707,-0.05205137820109725,-0.14244152997338563,0.09083389182157002,0.7410549040435596,-0.025553461600879863,0.4827984526867147,-0.33457392969096045,-0.15897284691898178,-0.226459644846061,-0.48852259450910945,-4.997946568827429,0.12145672865468994,-0.06364521385114177,-0.1656327204696386,0.3174553503610128,-0.03957942160731462,0.298609353704562,0.08303171219348868,0.45909923099596706,0.19220056315167833,-0.9708232715572879,0.4062227386952602,0.13373046814667142,0.0,-6.7140671189153664,-1.7441907301800577,-0.4442337198997374,-6.341831658311703,-5.537172876519901,-0.38850403354757806,-6.537581514860165,-3.622965960572345,-2.55048439433765,0.24531521305359727,0.0,14.310648665890639,1.7511331816119864,4.54787813351743,-0.3799361260900323,-0.17788821573645003,-0.6002793581240521,-1.138600049835612,0.16149002272268578,0.36384082079012176,-0.10662098610503931,-0.5686932749121922,-0.02332636333338177,-0.3748136176844058,-0.2663691462639717,0.08745424635307299,-0.0015647118751681264,-0.6872046419021511,2.8359629926296956,0.05174800763282227,0.021242698776537505,-0.15214653748813417,-0.03942001835115573,3.5138661713201964,2.759754350944682,-0.43532900903200106,-1.4069719060852293,-9.008783985422965e-05,-6.7615188366604414e-06,16.648508251598304,-0.0179070099575154,-0.2270120020741477,0.09693349648162689,-3.1208662810599854,0.3791473222002985,-0.7283485276680227,-0.2895838114031027,-0.02924260728665775,0.6617797170004508,3.3671229897841433,-0.4174440894175261,9.93534886593405,-34.00273706443034,-9.617952253507248,-0.07107789193494475,-0.034825279923875664,-6.96310768883258,-0.7764829066031771,-2.7080999288091947,-0.06073078518922298,-0.41311549737581793,-0.07457119963402885,-0.25690750562389697,-5.628587486854651,-3.47450976980103,-1.227890309162942,-0.09236321742295628,0.13655769667800327,0.6836091202495271,-0.15972868049225394,-0.4533211144653292,-1.4872659552036702,-2.903680383948793,0.13558796521261682
-2.816169784480919,-0.057332039149342755,0.16507754179189943,0.213672694864604,0.28685874514658144,-0.09117096810335915,0.12477819925302365,2.577199997930673,-0.9173083177223275,1.0203520324161228,1.2686561807185177,-0.8498705495887392,0.25366659126378827,-0.06854685001591124,1.1613000658213313,0.22901496688170553,-0.0945322067480046,0.20119752409913047,0.18698681888938054,0.9440936520061952,0.16714891901701157,-0.9233822487636172,-0.041587200093531757,0.139910518823184,0.0,-5.0918225281954514,-1.7418914173269078,0.2924867720078364,-4.731204045459981,-3.9138128926497027,-0.1102143742322615,-6.450849669485695,-4.304183523384479,-2.5619838503077665,0.2873787195315315,0.0,-0.2196145508524549,1.30389592609956,-2.2385830482041262,-0.4836345131984753,0.3499153326316656,-1.2501127503402931,-0.2035016640854893,0.50463949091001,0.022477152954329237,0.3127698678300903,-0.4492157988360923,-0.059605447747512356,-0.201605140504756,-0.2536621307081858,0.12051535760515748,-1.3685293077384555,-0.6373176881149349,1.4417563938170532,0.2364013476791179,-0.020600118357555094,1.5490293728247604,-0.06551219219665537,3.1580454380661167,-6.801983826219152,0.2038264784764327,10.720040395796994,-0.0001634660481310894,-1.1106878971337702e-05,26.402795196255173,0.2253490152423821,-1.047400342718209,0.087150006375792,-3.093974341220092,0.3349621927023909,0.29907118442761077,-0.18748223761225974,-0.04236813488527634,0.9404204143018385,7.276366805965615,0.8866841745770577,43.06401792933,-19.07189613790227,-8.85710525425687,-0.05497750590235528,-0.032019826649798994,-5.292761075363866,-1.0515426162443866,0.9792525632753908,0.23149278904271162,-0.09823721352727155,0.4599031811432324,-0.19063025257758723,-5.8491853630665975,-9.101139204973117,0.11874960811961632,2.6449410486352516,0.2654883349468172,0.24797855096733892,0.10769868351991903,0.5246112688250364,-0.01252646868292849,1.3821226796514772,0.04366606255883922
-2.8787391940557874,-0.9852110378886182,0.06035737551761627,-0.13841326215730254,-0.49877340180630486,-0.09918811518914689,0.321155590818482,-1.4539301892237249,0.2786624122330131,-0.45218525150385014,-0.27452588312051307,-4.31858464681391,0.10703361607957303,-0.026353427198061878,-0.17108327468330775,0.5363804749893728,-0.13552755315111234,0.26510395815288423,0.058142416242609254,0.4827178115394292,0.05758900771845748,-0.26338023817809403,-0.49385152630430623,1.124778026805825,0.0,-5.447220046731289,-1.3569247409322083,0.03879441142306489,-5.6078863372478125,-4.522995445823776,-0.4387283990081758,-5.893445285235691,-4.41256048937416,-2.139368395099786,0.2854055162012953,0.0,1.1999586776220013,-1.1842670371967383,13.163385521206257,0.05871624458224374,-0.22412941563784197,-1.315312156426148,-0.6798375918372568,-0.2504937106965243,-0.013781547453226501,-0.14864158918499878,0.9121448829031654,-2.250855517002545,1.0040125485268097,-0.11757123716181796,0.09698971485725699,-0.08181018070312308,-0.413968659105786,1.3373289137827904,-0.15474104833878882,-0.02948523175738444,0.35588014283424296,-0.26265850928040624,0.11798271035417077,-0.4291836964952431,-0.6096477049220916,-2.6499363516815677,-0.0001945903096727627,-7.571383962864649e-06,28.619535941244024,-0.032698025230389886,-0.24628789301012044,0.08696868925499147,-3.5042078102080683,0.5331380266614503,0.06967871862265608,-0.4713091481812412,-0.07117854254676355,0.24295482417472283,11.638722410560806,0.9313440676906646,18.481083196528076,5.821352852945715,-7.863896610382211,-0.04259182169738321,-0.038141891886070034,-2.9163722444333584,-0.4417278528155716,-0.38797255158577576,-0.08659552390660791,-0.3166093912557963,0.2849533326233438,-0.986744132318007,-12.5211933452487,-3.5426977492797804,-1.1860726529148948,-1.8523445251290664,0.16202888587646067,0.034590399473317275,3.623941316660169,-0.6977400877202593,0.015778256182065627,-1.7272250598037044,-0.05114330139104568
-2.6365789498351777,3.480358736503967,0.022723017292521522,0.12042181711918586,4.313414846874554,0.029388370438157747,-0.06572717199829209,-1.4872562183603655,0.36268139577635683,-0.45258095085858524,1.1688032191869873,-3.7433612792193056,0.18796995186800805,-0.006936786207639759,0.024323868268823576,2.3217342025750107,-1.4858016952276272,-0.07750113202642787,0.004675585853783417,0.6327404602606345,0.07222304465764857,-0.6377067160156901,0.17304465248422154,2.604095516234852,0.0,-4.780374161914678,-1.5985869908959178,-0.21110186882098053,-0.9113334141797159,-4.026082541975665,-0.4526517258008536,-6.201950665189496,-3.328036963867946,-2.3096896604332247,0.2905064502664915,0.0,4.41477998887352,1.882467294294316,17.1833051976472,-0.4111513332792986,0.24572820034605186,-1.108568466966781,-0.784641050924096,-0.07572253616580357,0.36026389716605317,0.25911421631360676,-0.4683597085538088,1.829282140306818,-0.28030146603243977,21.977606029474078,0.17164046139647018,4.836045625639311,-0.6649976946322121,13.189267105027156,-0.22256200506331977,-0.03762819218701133,6.463750722376743,-0.11136245968319973,7.2258902793425195,-0.07228689851530926,-0.18849194628889387,-1.6755224520231644,-0.0001763779882572179,-7.571383962864649e-06,64.44386658332735,-0.028787525679591485,0.5710041197091155,0.08582555180838744,-3.1065489078129898,0.41054210687509685,-0.007085467803888125,-0.23183325615579772,-0.003649567480903282,0.5889765032707092,4.918115548323167,-0.1370543503256072,53.94081358738746,12.680084713850116,-5.769589548573427,-0.04959576783897648,-0.038482783803461346,-3.6446005378377913,-0.9056977746848548,9.69306285694753,5.507750555506187,-0.40877377427399225,0.02808889581365425,1.3436292752652157,-3.1155656889286014,-0.7125131181391942,-1.8156687917119076,2.3221815622969864,0.5272150079721474,5.688750615449371,-0.34948996946150446,-0.24256627064221442,2.5808160476109903,1.6231577730082858,0.5067247092649763
0.013596100529891963,0.15631857360072174,1.557999386316999,1.2001771658814613,2.094734137655885,-0.08959305110830673,0.3674774508960443,-0.301760168355407,1.0834039412119065,-0.13633810058632012,-0.17836022196621162,-3.8566772723804976,0.12027930568143246,-0.06432436994549828,-0.28387126197584533,0.6462356399461753,-1.3465319446941528,0.33548227554039567,0.17939517943950153,1.015953346941396,0.24104608468705463,-0.8373839065780919,-0.086840327400941,0.18203032220351753,0.0,-6.5827874813887295,-1.7524156336994745,2.5896718761837074,-3.499280476819906,-4.436828940024243,-0.39756837617411894,-6.983299256141489,-4.961426481867846,-2.3347147462990474,0.0941223032865725,0.0,-0.11414265394565734,-0.0347927278677187,9.026845028093943,-0.4392633692043083,0.11499520754199948,-0.012687516170368639,-0.9010392158342003,0.5459932514353305,0.08042571699881537,0.04519351822891911,-0.29857607183741053,0.07994281735377945,0.5251172367496678,-0.23358032958672115,0.23271783532892187,-1.0828964275858075,-1.037622038747757,2.8258543054872796,0.2443417775034888,0.023047531696698202,0.13084889306914768,-0.19383406700721,3.3200313415099383,1.9137264746812948,0.15083461275082496,-1.3746470744460986,-0.00012132569796509819,-9.719111782081089e-06,30.024858632844932,-0.022619682961064768,-0.29085070307809713,0.04923312098177389,-3.61469762074062,0.5324780957897173,0.639983010527354,-0.39314284900247853,-0.10243173978970176,0.9184837171363706,4.782218688850846,8.231709803578203,33.81479584856724,-16.116865927127783,-6.816405489903223,-0.044896579541914464,-0.05283441884288824,-3.4981934302319875,2.3143315405480234,0.14238309988391334,-0.326931439467026,0.059699586117005016,0.2903366600805799,1.0306658679257061,-7.318099677042746,-8.20510221822257,0.21641470354073916,1.0372586541232103,0.05700368322856855,0.793622790711353,-0.14516943193919735,0.3028924464705487,-1.1076051260881383,-1.2902461639677643,0.21207753173409372
-1.6050272382132167,-1.1174699335523164,0.017075310648895368,0.13614030531014973,-0.5589791002816986,-0.06468121438133008,-0.03863248733189088,-1.4481645270333559,0.12314848378694299,-0.18458798750911706,0.35480407881748777,-4.35562936964655,0.061482871974764694,-0.03582150128063933,0.06966811426603403,0.30518899883908507,-9.087207985902833,-0.09964324592970202,-0.009886843489885666,0.46602323344892205,-0.6853251171975265,-0.2826788341944681,-0.31296454501836546,-0.4749864286303055,0.0,-4.980616398544561,-1.7695930285452568,0.21885959808936953,-6.196599365736307,-5.2485474052573995,-0.39976082870134155,-6.047172049098268,-4.407837619098029,-1.953511684260245,0.28661991808691983,0.0,22.263257147826586,-33.59279740881644,6.732003961586396,-0.24025301355123388,0.6670744469301878,-1.3273572483993061,-1.1640791174740825,0.6073809024065023,-0.02572471701236547,-0.5822339999287496,1.7629903577546437,-0.4109844236374696,1.3810907264623995,-0.15511003369844817,0.07895545984650855,-0.024055615421177432,-0.7728311938850929,-0.47485265037320346,-0.20116516314640584,-0.07513079120433615,0.29450772698959343,-0.1184877671559675,-0.13982510237174375,-0.5332959822367226,0.1221030047058985,-1.4649809633826625,-0.00016978533747345195,-7.571383962864649e-06,26.15400921500224,-0.011449624521748287,-0.44618001851103134,0.12475682444247185,-3.2189541377056785,0.45459334381322014,0.04734650017087251,-0.3280015542093046,-0.20228030486666607,0.3048979749735513,14.673031657252661,14.334634533048423,1.3268970263113533,3.742863971477852,-7.664956574651709,-0.06779996356431012,-0.03560656142369524,-3.022608137440088,-1.629647688582588,-0.07539319862003195,-0.42670660087614465,-1.1407799914011927,0.2376914279210702,3.381663817064291,-7.237768979299949,-3.574162483238356,-1.39609559998612,-0.2584478251457992,0.07186061582429344,0.3411852329308671,-0.2828406718076456,-0.7261450215735213,-0.20801157762131517,-1.687840182508558,0.007268527589361302
-1.831843944676836,-0.9868727257834857,-0.05397245646697233,-1.8501748627344852,-0.8297033207700872,-0.36046711332421694,0.3201315572982649,-0.30524394283843637,0.7869012747090475,-0.23533488658492507,0.30651566723821927,-3.58939832225141,0.07638674655265237,-0.044756997244007925,-0.2243532085904417,0.20756918761128768,-0.41654311018981394,2.0030914314918467,0.08804369703783112,5.3518561941264595,0.6653650076258467,-0.9475504037246557,4.762687367261753,1.7066563811245445,0.0,-4.656588678222015,-1.578300716493722,2.2378857071573064,0.23248073424798865,-3.588927418083627,-0.3621901847436078,-4.714676896794082,-4.0892543779144015,-2.168858745594698,0.29040037608832475,0.0,2.5983534573676277,4.850027378062621,17.707137057079716,0.012805733023335358,-0.06531845705772174,-1.0262742254763528,-1.075648254284958,11.450004549799482,0.2616296334407168,-0.12132449073813183,0.007979016064058616,0.3888872086859036,0.04911800742932951,-0.344605200448193,0.09912925979258905,7.357501864426254,-0.8140375743346312,-0.9332084901826915,0.18727634905198165,-1.6882457542485534,-0.14283438105342625,-0.2237474079741406,-0.03286611742676086,-0.07222180026045837,-0.4408086340041074,-1.2614052123653887,-0.0001787827493422266,-7.571383962864649e-06,74.93954094506849,-0.0261685907172878,0.12901868328006588,0.12464566713549381,-3.533756085244929,0.46071934790663815,0.23840328575610553,-0.31687852204868056,-0.15605873159982384,0.8502957233350901,0.5878795252583758,2.569986275564977,53.197247408288725,7.22372908113935,-6.249216020060238,-0.02916012472099705,-0.03631996638271197,2.3824006467902623,-0.28128840452866355,0.04010558847339954,-0.33930267342337606,-0.20984661474923272,0.3399187717812092,-0.18375249617992384,-7.055264821089097,2.155091534290954,1.6955504742013878,0.17028732804581076,0.12153652955922509,0.05326910803620898,3.642046358001731,2.019768039025998,-0.30280700030072033,-3.1653242815956144,0.37039770941470507
-2.7124474379869414,-0.02117835572858983,0.08685526595864754,-0.124077834709292,0.01261628562203061,0.049896269136752006,0.46532403624431423,-1.466005864940733,-0.1886622104396879,-0.17376669575425344,-0.31731325485953726,-4.779416123201681,0.21698144918710324,-0.09660535575313876,-0.2157877489444761,0.7768145944550064,-7.886551977409943,-0.37193797481871543,0.13123806494043844,1.1146705047043641,-0.6164151752666152,-1.01094443296851,0.23372241155233614,0.8483259021442225,0.0,-5.436193050583217,-1.7606920875553198,-0.6131360748719205,-4.186106423236885,-4.911250529315627,-0.42452577727397944,-5.980524034483123,-4.9738327937141165,-1.9696622020634447,0.14373918957036744,0.0,22.78740034828628,-40.840660636305465,12.083549046186988,-0.213048737657519,-0.10087450830248358,-0.013841666953792542,-0.806336015954332,-0.2306894083513592,1.9022897789313107,1.5251636951183032,-0.24250795511180984,-2.185371086891028,0.027211638470479655,-0.3798219257509062,0.1798188199507147,-1.3028031778529456,-2.230461461762657,4.5603283876972736,-0.2637147420738903,-0.025662834857657163,0.20892633052892898,-0.1100929262706593,-0.09972435367240402,0.6604800822252324,0.07311610155145418,-1.7100961052745156,-0.00026659034407729756,-7.571383962864649e-06,28.913000094908817,-0.024525574473606124,-0.3761193382036988,0.08612338669562021,-3.594259910952096,0.4591991621031808,0.17005839165756567,-0.27717303399636745,0.010687556027046605,0.3252681699858001,1.5627723570742897,0.8120537785838595,16.504773767649503,3.728115715731964,-6.7987647206677275,-0.03691289789662886,-0.036782517224683856,-0.6228406121430484,-1.3615831219046148,0.46129250614603545,-0.5747848764983502,-0.2552918259586537,0.2666762527923611,2.6278328241200932,-6.64945371363929,-7.804008202794049,1.559340437159436,0.03698691555588617,0.33434691657635374,0.1475961497131417,-0.0570377799688714,-0.6669468705284891,-0.46064268504468986,-3.8292943914167923,-0.3316035493238519
2.215232773109697,-0.8827846420864872,-0.10409572881390264,0.06875413507001017,0.6866950888103932,-0.2824289427608056,0.1230591513706506,-0.021101483380242442,-0.3186132409011846,-4.704034134685612,0.5597516748957205,-5.223294966715407,0.15084150490860612,-0.11728187479295837,0.1280148185130932,0.37969917511415696,-0.10423149325298112,-0.41605273979100854,0.35484158908441527,0.458027910601173,-0.7202831177754844,-0.884514126716549,0.13074206075688968,0.6065195870449979,0.0,-4.600275123819143,-3.2881767198139156,-0.07572645788284402,-2.0045875533001145,-5.366504546125577,-0.4021670858341828,-7.214062963487626,-6.488834102250264,-2.518529482980886,0.2737236015214274,0.0,19.234352957496323,2.230317919805039,66.59300489156271,0.00663751277375333,-0.07253156416170232,-0.6125874298648193,-1.0330234654064514,-0.21013154623792502,-0.3235329155973385,0.19414734488998914,-0.33117314269435366,0.11847356223587022,-0.77018386012788,-0.14144402000881992,-0.14109946170186535,-1.4299769939508828,-11.13507290641299,-0.6324623728988814,-0.07706891164426571,0.01882766724312561,0.3230808793574492,-5.464147365781762,-0.09736491819489497,-0.3160912207369256,0.21454007133311578,-1.1736421978953602,-0.00020133779177687375,-7.571383962864649e-06,24.203996764013382,-0.009938427519231517,-0.37053699113584027,0.08535620565436997,-2.7800827619421797,0.3642473456577072,-4.969520996342755,-0.23992400625040478,0.09091785880445323,0.5807835431903304,0.49538978416110235,0.27438893526173663,12.107093605331434,6.246032652596861,-9.86844922625888,-0.044689741750710735,-0.05263036610383415,10.759175953305652,2.7104949978461583,0.2736555522308822,-0.4480998465502642,0.5509433486082673,0.37154294625169515,-0.012300836162584912,-8.446739745490929,-6.098943064588839,1.0897286846556782,-0.06653744926759991,0.10173792938671274,-5.541953337222672e-05,-0.33440693904367813,-1.7014704496060447,0.3330021856598063,-3.212076785923,0.13264543062383338
0.07249860623224122,-1.3383148976402846,-0.25016972446867697,0.20922453170648345,-0.851588397811595,-0.22967605039570813,0.31922555104313216,-0.07891224072877655,-1.2599012374227871,-0.7459322302797055,-0.3090803770405081,-3.744503797326457,0.031959794337540204,-0.10067194443779136,-0.1588313493861594,0.4449740983386638,-0.1796066361415102,-0.7755009758896965,-0.24617338238005923,3.252113140189706,-0.07198463437348786,-0.9493504398352077,-0.42695300970732913,-0.16159180693159608,0.0,-5.715682871232411,-1.8804604352597696,-0.4570507928676662,-6.960090875655546,-6.192982313738786,-0.3722302080313915,-6.216734330702424,-4.464390737451598,-2.417825924678071,0.2998186318797342,0.0,2.407741092984021,-8.82806821892233,3.7469898133293533,-0.3661983074355379,-0.03503478477530746,-0.4938747849240622,-0.8135631838850552,-0.6261956206811251,-0.008785330529859053,-0.11659805787743265,0.637185347616545,1.0180904409583382,-0.36624220347491504,-0.44525950342833215,-0.09116329876795494,-1.4614114383662842,1.4434473055216197,-0.256488874505688,-0.44890474835955285,0.009094183294095453,-0.015654415554182267,0.08799692103911552,-0.1276683539929885,-0.8727440769163346,-0.7523437127081244,-0.9324372244361534,-0.00010877054076508416,-7.571383962864649e-06,22.22199055762098,-0.026204441122494572,-0.5042672452497015,0.05684672101649766,-3.081171282776561,0.4501549656241982,0.22976829903346535,-0.16688116044334236,0.0671726535017735,0.2922318167339591,0.5021958441304494,-0.6903479735977505,18.717415583117756,3.7781696387531496,-7.997269501691238,-0.05493178824368492,-0.03963149264992028,-4.765895325205805,3.7539175451080644,-0.637868814401638,-0.44478222573590537,-0.2709928088106645,0.3113898080107277,-1.0805696405898617,-13.124741735923692,-7.745452828909905,-1.7131266022073453,4.397432020664923,0.09551398296578005,0.028647153317961492,-0.582598327612859,2.281244940411198,-0.16307574978403505,-4.0831597861836855,0.38649561356047846
2.0082820693023575,9.61156454305632,-0.07382649167664442,0.030941376599168825,-0.13789391293034167,-0.37833316431443403,0.27273940760213855,1.387085496235725,0.2218665449530528,0.22544555130368357,-0.3059028906274188,-3.0447201202962875,3.7623609151081414,1.8622791154669944,0.1870624284468426,-0.18614852995436842,1.011662330308791,0.23596566603764665,-3.7706940268368094,0.28895763352863724,0.3842990405899212,2.3262861213013704,0.14078513012817315,1.3226615386105227,0.0,-5.5099728975396065,-1.7353415569170696,0.7255984436217195,-11.135472466875823,-6.216187407211827,-0.40029978232853586,-5.56938819918684,-3.5415188264471507,-2.305805372677299,0.6716058442338744,0.0,-0.6320663705584361,0.2576457867488132,8.708108454335791,-0.0053216252865613154,0.04776529889406721,-0.07689208853307812,-1.5633422887148771,1.4737016481152616,-0.36877907094245477,-0.05944910140611184,1.8769924266293367,-0.008387341151353873,2.5643811871014113,-0.12281424410735951,-0.1443296353514446,-0.0418376063732408,-1.1980916886970543,-1.0589625368735642,-0.12410098173180147,-0.06303962128989374,0.2681319353021422,-0.09623947550304034,-0.13936173581828057,-0.29792325371905903,-0.4254194466315535,-1.3802496328699112,-8.99789764766446e-05,-7.571383962864649e-06,23.015440841771984,-0.03956919541666182,-0.4427710085464553,0.05001228862107504,-2.69230888778568,0.5334558341461934,0.05955369402696096,-0.20362209577894932,0.21851298360160232,0.1867362030673088,0.5459949763954678,1.2890586921731735,0.1551664258870031,4.023148005568801,-9.594920983059962,-0.06755754554370698,-0.0420028447563738,0.20863340276726047,8.364452010095121,-0.5312556271963098,-0.4043672599881608,-0.5515694061758496,-0.09166024151317949,-1.0383633159062557,-8.178259094457742,-3.4380167656136025,-2.2063238699396774,0.04915909346795356,0.047319856352163646,0.05402461146063944,0.2829361004420269,-0.17877185118672645,0.11350570932175442,-1.4602377021575283,-0.014300882847935025
-1.716526344505227,-1.51826602520244,-0.23588827667184756,0.12256448814043745,-0.6643472492096275,0.6257131867892024,0.062379587550341446,-0.16795785218166764,0.6787669607988758,0.6395043708933917,0.224838699190524,-3.8430215602589066,0.12643309647149434,1.750612256874401,0.06156653385803722,0.7163591679793901,0.9332187830811564,1.022544832997393,-0.17923745038043887,0.4867584416612852,-0.03966223430412185,11.754092084850791,-0.18668813249701666,0.93577134827151,0.0,-4.271900089775484,-2.2620432841072513,-0.29408897050694705,-7.988995383229392,-3.9631477478270507,-0.40108771054959574,-6.650356382280314,-4.240325212027173,-2.117545012553511,0.32668100047939186,0.0,19.769246842218923,-22.394923720843874,22.99087315446852,0.04843103231655884,0.026848675847644946,-0.5302393229482135,-0.37540135425297944,-0.2831422794951505,-0.006945359361307549,0.2714498237131884,0.016060541191390595,1.621329071288316,0.9352859790401774,-0.34446149686804584,-0.26820737093541,-1.201933440697359,-1.0854931132876744,-0.24762052302528326,0.11847396321294741,-0.08449176183553185,0.26205819350842885,0.04805577572500164,-0.04511439821352505,-0.19648677722018804,0.1307130497142658,-2.5315248918869075,-0.0001544071646803404,-5.761632975765946e-06,42.3835343252766,-1.4057168721542475,2.2421882954871175,0.13198076940928827,-2.653269512361652,0.5141114107897728,0.20576154395091129,-0.26049371725270404,0.17903171478928234,0.5932005741873895,3.077240116705233,-0.5913457770462942,19.78378025043011,8.680055023323483,-6.530364210902764,-0.04438744171814279,-0.04839220955471911,-1.9322481705311603,-0.11837397513820354,-0.26441414702739624,0.8031127660479833,-0.21540811649619623,0.3822645135826203,12.486261938664715,-11.779361677286335,-3.56201542336949,-1.5277947580750961,5.286462584875554,-0.1493788154981338,1.405818727536679,1.5602061580700886,-0.7300433898948485,-0.08152157862142335,-4.2085613500708945,0.4241410253510144
0.9071998093452239,12.626015024181795,0.0747879631991991,-0.0184967983077881,0.02363192539189763,0.016486741647693596,0.4003881706287688,10.531336832010261,0.32294452009506286,-0.24206883469404097,-0.3005821362749268,71.39489583582235,0.17648051493199815,-0.028047862951057823,-0.28482684474999637,1.5196106793182245,0.8756216906297879,-0.03182171414643633,0.15259486489353563,0.2858727817499949,21.45188220392067,-0.3297563122159008,0.4466902035367182,8.847462838439643,0.0,-4.997850160104875,-1.9684636398881241,0.09430354169003193,21.997995687553065,-4.330081007273072,-0.14251476438333358,-5.9649787031250465,-2.7503141186667035,-2.4824255446080286,0.28779632729315635,0.0,71.45657242687439,20.808569100428127,78.85789976546673,0.7050001437741464,0.6741124385478788,-0.37402417252934944,-0.7254053897352842,0.5583890498402219,0.011138582239818756,0.5496955782262971,0.634538422016242,-0.021362872351962683,0.7906325330191457,-0.2109313323108788,0.08759968056082575,-0.04565045751154597,11.730742923759676,12.07510976646221,-0.15411731831851253,-0.04173407059396593,0.255434378437689,-0.13532947774409504,0.1892367393029235,1.1838787564991444,0.08884648700575172,45.01385610505104,-0.00016666832581801322,-7.571383962864649e-06,177.33858613095114,0.032103328746553264,0.32297472229002605,0.054154666253640626,-2.9441079654290507,0.5257527374095359,0.0478519289288637,-0.2176512836853059,-0.1695096447201896,1.5571577523888183,37.21971835983883,14.309765392264923,62.29949160830091,43.178498431363195,-6.2648775696206735,-0.016014504754847253,-0.037698210730991194,-2.0697198952677076,11.087382247091268,2.143797809499515,0.1622158438580004,-0.46740641530350885,0.03869660597827053,12.528487612715669,0.9720149466174778,-2.7836731491434152,-2.002267149229058,13.353455430356302,0.08566272881534158,0.09715945447807632,0.008227410523930395,-0.059102496559236335,0.04214565397001385,-0.024049268803451693,0.41236027421063104
1.7185879574769456,-0.07602562499336361,-0.004707172988623666,0.05957477320183936,-0.7606856525375113,-0.004802378445320512,-0.11190055697674343,-0.09764274259572664,-2.1800887492697445,-0.3786087379840281,0.3546144587750331,-4.96348614258124,0.009178743920011768,-0.0924891913764763,0.1113317652845783,0.32011413821727414,-0.9391991056809976,-0.37658094989779706,0.1513089846366561,0.5278651746092772,-8.17315796012129,-1.0062779523490135,-0.3600960981936426,0.6057407177104659,0.0,-5.439523300223565,-2.2966013628907223,-0.5207489520691648,-6.644957179113217,-5.438891052161355,-0.39014763830469157,-6.379038863532681,-5.327474608048554,-2.0686102111593967,0.15234806528108574,0.0,26.713232737121597,-29.883056036069274,5.67464617101862,-0.12812080991937425,0.08880378522749226,0.4851052388363901,-1.394193225085818,3.126009745051136,0.012851760023773149,-0.7071853612721906,1.9478449219938283,0.1830954564922285,1.2264099085874407,-0.4555437504559879,0.053964770903854334,-1.2368721495272899,0.9976348733678829,-0.20370410496189287,-0.3559881274417651,0.002478987322211336,0.24334830071042038,0.16663821634554696,-0.15432074492861086,-0.8530812401902288,0.055455676984530515,-1.5057319370536386,-0.00026210499012816764,-7.571383962864649e-06,23.99768485922418,-0.009621875578254039,-0.3886055135697036,0.05677577615803442,-3.1390099719480364,0.4445838363431433,0.2300921046883592,-0.13020845224653296,-0.12202928044693882,0.48946422137826295,1.414476463332039,1.2850865189181353,5.869013432309315,3.8525822926582687,-9.707189792626213,-0.045207525951695124,-0.04436127476807884,-4.04966840667379,2.7474182243860876,0.0793257558796456,-0.28253289945355053,-0.5834973165775297,0.3425210320645588,-0.12866147809458778,-8.964777689643556,-3.7403251455774367,-1.7594174290874522,-0.13423043618454455,-0.005225134281085835,-0.18292505611551044,-0.38987561602644655,6.202346203756886,-0.30781997842904296,-4.596422577375973,-0.020011164552425492
2.4420529741497097,-0.8938748042978205,-0.14435015314735672,0.06395976149598563,-0.7223205701596982,-0.013930799652000551,0.05315494574528564,-0.08547217171345897,0.21180078249791465,-0.5815705791989438,-0.20909668397106831,-3.81339976175946,0.052732947873082255,-0.10405949817273293,-0.16834140548121765,0.6568083982421797,-0.9139872475683821,-0.15156575249888612,-0.29794464437711843,-0.013390953610353062,-1.8027354787710537,-0.1851991204379984,-0.339423994543556,0.5266117522013178,0.0,-5.81127493771655,-2.3588149067359443,-1.4501293037003589,-7.243935919382561,-4.876997633294468,-0.3773128710316779,-6.009517363578854,-3.6959961913590913,-2.431734831353148,0.30667633871797556,0.0,25.659438109290612,-27.109480932931945,3.4783160402879254,-0.26070072385452353,-0.1047620943733629,-0.7101419950821143,-1.3064808403071617,-0.0014792338779263156,-0.30444630950008555,-0.11703800032788163,0.6888893355217026,1.884142028399096,0.41506727402145926,-0.16087109899071717,-0.09101630691419624,-0.11756252417098507,-1.8791068206750767,-0.35127549744190156,-0.10144522515946089,-0.017633582646005085,0.2727363366335382,0.3379817415910133,-0.1624322934320941,1.6329266089562027,-0.7700688619532345,-1.4373865585924082,-0.00019256618066587215,-7.571383962864649e-06,23.450363196058497,-0.017207429337510453,-0.3750655972119396,0.08795162246500554,-3.14762590899365,0.4632922556633223,0.12806684448046582,-0.2857220634698238,-0.2043417503071527,0.3367892211482253,0.3856349645357132,1.011939441016095,0.689151066296171,5.22146336435604,-9.692011254803532,-0.07563777150490504,-0.040835716098411884,0.19155112543196742,3.8211310128728027,0.012908878219536239,-0.03304805924137967,-1.5539353838750163,-0.07148415443374422,0.22744236888833183,-15.997379191573305,-3.7495947291087814,-3.0202662300015914,4.583430363200553,-0.030126042787052557,0.10400821159366916,-0.8093973723031077,8.191832305406022,-0.16191029282034364,-1.6902300808863804,0.36090369134210376
-2.626075238241119,0.7348396037899069,-0.19858566942163228,0.12321323259566798,-0.5581251265910684,-0.11525887796563854,0.2824023581267017,-1.5190397822303914,-1.186640429190405,-0.7440804143696726,0.3154170523471313,-4.991684220855426,0.1283841527607789,-0.06595664731055674,-0.20249998209568368,-1.5551924333717657,-1.8668589412852545,0.011077612624140478,0.04814493668839236,0.4197406401110952,-0.5264169464966172,-1.0092578972994377,-0.3115538612891059,-1.3285926294284902,0.0,-5.37855298508257,-1.7450734912336392,-0.3924497818267168,-6.535329044328554,-4.432738381910506,-0.42312285276121037,-6.034017717038585,-4.417747530561395,-2.481569094674288,0.28269429102600596,0.0,-0.3891936331068691,1.3285288818062317,4.3394409508499905,-0.4421095637021114,-0.08734459909212337,-0.7401133136185505,-0.47859758350953774,-0.12656849752462462,0.423718236502184,-0.1356932134086029,-0.5149524990183897,-0.09907891985958235,-0.3164160800879595,-0.410702821793765,0.17364548473563626,4.428686086108493,-1.0193491431092492,-0.6240057594280384,-0.3167222660030556,-0.029020621573418767,0.248386642940571,-0.04270728755916447,-0.08809902156083334,-0.2674059920405748,-0.8204780906700327,-1.5011593855890641,-0.00017060795033210736,-7.571383962864649e-06,19.38451339947321,-0.034607200166586194,-0.30678528851267955,0.10263820349794472,-3.072437948193009,0.42284534116666744,0.21452429722176503,-0.34311992808848474,0.01352831321520007,0.4207882995848326,0.29456260079847907,0.8774395637682064,22.40747411102797,-2.167634796889381,-6.543564757429006,-0.04999981091162874,-0.04296372667861946,-3.608031502729091,-2.9006865429546234,-0.4457058246025654,-0.06868112802797814,-0.5897378511543646,0.29837998039221963,1.232362371480732,-5.734787518374769,-3.3968535846440853,-1.7475223034421785,-0.2724478749961418,0.0645466204057316,-0.210204774219163,0.12486918396391147,-0.10905022672533897,-0.36256809363574444,-3.9843754899434494,-0.37292664617659144
-1.958606438952371,0.4790568395851672,-0.10166361683034549,0.4349511182409363,0.12893800519566007,0.660900790497576,0.42361242571646107,-0.0027922835952964896,3.768211523341747,7.051568982655943,-0.20747535549871035,-4.933429960204823,0.16115199491648494,-0.08410168051632275,-0.29751433688828605,0.5749250768652624,0.498640236085307,2.2691100514356055,-0.03814531948841394,0.4358177805403686,0.1976278516066378,-0.7188148105936621,6.074243087985266,1.4751100632717935,0.0,-5.303595270261179,-3.14341467352806,2.177288622898205,2.6455390495643996,-4.199577086387558,-0.4104709818405904,-7.069087224365201,-6.684382649849413,-2.15951688948175,0.14617185522030537,0.0,1.2531393760007699,0.76064974959487,128.5215113600334,-0.29670801256944174,-0.06462292567332382,0.007890469441403914,-1.0936883272190123,-0.12277731697406381,-0.27798288405621624,-0.05586782129367261,0.6319482550528797,-2.198938877854409,2.8346971655393114,-0.15439277776934845,0.090673081461472,-0.04515058973663965,-0.9520466382090172,3.3745600833091296,-0.08981331713977163,0.006593841707992484,0.276251159142756,1.8502950204631134,-0.11491270926705589,-0.6824752125321646,-0.26398455953603084,-1.105289799232855,-0.00026302490482847673,-7.571383962864649e-06,42.28401264181091,-0.029354812494610926,-0.24721613222749877,0.12685958007219694,-3.4609755413396823,0.440879643152673,2.3988160705122636,-0.26957595280631846,-0.14284276389581696,0.9178329395638528,3.8693545776615657,0.2439815816342087,19.433943487068113,7.413826485060267,-9.065861176577918,-0.04109328963171079,-0.04099450663996774,14.997565310679576,-0.6110961867771298,0.31485849782169895,-0.30383835823136474,5.3488896477711405,0.42251333361774085,0.0012445737518048167,-8.079030373640707,-6.184744861600024,-1.2072326196680838,5.587112648776627,0.4213070161354996,0.03146616950285201,-0.053274915072377936,-0.9128540253371286,5.53794110987306,-1.2046035815172196,-0.027029643033143085
-2.349746108118073,0.5166283358988515,0.08259156048496459,0.10876690815584396,0.1500616828873133,-0.10859970243903039,0.33389824186074685,-0.30279685329920125,6.33993926777023,-0.2370283438470436,-0.2607455710448512,-3.7241794050270225,0.15625772491098702,-0.009753821007391411,-0.29414559818261843,0.8828347201384519,0.03311114039577812,1.7289100187141377,0.0993060060015994,0.4728389457934461,0.1243008034738434,-0.7176693768117359,1.9856734896694241,0.2443117606368816,0.0,-5.354040416928345,-1.6890314623098757,1.469220562347357,-4.151436007935192,-6.104872818408707,-0.423786425503334,-6.2863975005714545,-4.843187202338725,-1.790072794132763,0.14504819021014567,0.0,0.7247993252040081,6.31080527600143,15.065065328753485,0.21609931437353672,0.013938443784040255,0.35008492835705085,-0.990441776461918,1.3892801037777276,2.09689104540153,1.7373124616395657,-0.31172744028797095,-0.35832922354300845,-0.0021548208359439894,-0.24678635612748515,0.17584116182433984,-0.05802128148390653,-0.4583093264635882,-0.25794882373227446,-0.251190484234495,-0.03961814692942626,0.27704705395480994,-0.08273396898562467,15.086416099945247,5.411447060691874,0.15330392508606608,-0.7044738914920795,-0.0001706060057909,-7.571383962864649e-06,44.07757252856884,0.010379579266757956,6.371418470976348,0.08414856110038094,-3.4713123981449843,0.38921294430409176,0.11351406158982706,-0.3250645503382904,0.003457359870099065,0.3119408765299252,0.5665130897063556,-0.5336479323412413,13.098157031208412,7.906836357617734,-6.669804232992422,-0.03403673249923298,-0.03945141210332769,5.679166495217695,-1.1354388863106948,0.2769030564983033,0.12915677449405297,2.858850959375658,0.3820489094912983,0.03702046929448093,-7.192845030720438,-3.5263131847809244,-1.13101206469946,-0.033272434532913876,0.2321053544592591,0.06429635383800636,2.6452481601955395,0.35058795033902146,-0.10486147657416346,-2.437593186958722,2.059852851090396
4.904816380445527,-0.033659378517125395,-0.27822392761736037,0.09456284814100213,-0.35139385890184227,-0.11534217332401689,-0.06990603313229178,10.642431919126993,0.470496056772437,0.1834687455415592,0.35358759223532543,-3.8919113105636036,0.10773943574149966,-0.07074493054171632,0.1302520354163837,-0.587829304528907,-8.006866406506074,0.06294841115787729,-0.0009928849627053263,0.26423311879980804,-0.04571434215247625,-0.8368273780018526,0.11430113954779864,0.5389431134668592,0.0,-5.378293903511333,-1.754845654018192,0.31981823665444825,3.6459473790712185,-5.329781940958792,-0.4103170493790585,-6.107495582096233,-4.249264265689466,-2.191652345521558,0.5675954900408946,0.0,13.96666588517176,-4.177011413908117,10.760648359492624,-0.03052577519364402,0.23945826794423025,-0.6874879204454006,-1.3396935322474237,-0.05555189216556318,-0.05886315107064148,0.0831654342070242,0.17426467466745785,-0.02644459926574788,0.18376245125430543,-0.20199830947177305,0.09621420435022847,-1.1211023356824552,-0.7690341470233512,2.5552288676964388,0.1363384127975878,0.038418497032999974,-0.00413632821823986,0.012374586804025176,0.039777069225449095,0.2860179530375117,-0.3894657211824133,-1.4200702996222812,-0.00015169851142653805,-1.907694639660001e-05,39.43973494417228,-0.10414485194532079,-0.013790559367995088,0.0967354756955955,-2.6128535961790185,0.42482886418017657,0.06967643639946722,-0.2622526266048651,-0.13067050025485805,1.3212039550635812,7.698215145345323,-0.08228063764306683,14.858499247796544,8.858523964075287,-8.793684100626967,-0.06562197679339896,-0.057114685730746816,-1.4594008094644204,2.551508945599421,0.522899117487462,-0.37901703753570476,0.01939068976948375,0.2605920914784398,3.082346722077031,-6.345953023383256,-2.820029081676662,-1.4096191327148118,2.196302584561059,0.07913607164365262,3.2826755904096983,2.900227915991996,2.712671538030016,-0.040476561300726924,0.8470150372812514,-0.04053198265222772
-1.394865939978216,-1.484627581943368,-0.14012965930976776,0.1329944637238368,-0.46066457710274894,-0.4325913038775677,0.20306779973902678,1.9734088987305891,-0.20786611757493734,0.2695878646544907,0.44357648676276945,-4.20417957247257,0.07815549333804091,-0.10948404955039186,0.027427366392465232,0.127700043228428,1.6689217756623742,0.5985024608085321,0.3325943897731336,0.5283444814714345,0.06522915610013683,-0.8801098276766972,-0.23501887277328531,0.13990061251766947,0.0,-4.268688624469133,-3.2988100971655667,-0.0031327712252568955,-8.67872600673095,-5.732840448610897,-0.4069078569945223,-8.6520899828006,-6.7817110201910396,-2.4534238335684497,0.3391286273609191,0.0,16.534956805983434,-20.25682846755229,6.467281131996406,-0.15721941147356464,0.010108833909890091,-0.3272436873670594,-0.2530130817089613,1.3717839345968506,-0.4254555340301759,0.025488504389790414,-0.11143889237071619,0.24311848252349844,0.8281303148064768,-0.4482966208833632,-0.267383771908769,-0.29761113572806885,0.8255322749888067,-0.012846139291899986,0.11135722632653514,-0.03670207156990853,0.27974414666845376,0.005882656727235133,-0.0736028118049428,-0.6084101499597883,0.035026163056016336,-2.5441078854032337,-6.978071632431548e-05,-7.571383962864649e-06,27.37526483652778,-0.09647952965204855,-0.3535896838704287,0.13352815364911366,-2.660510213320825,0.43198255328550367,0.06714361544259928,-0.24096465628443872,-0.04833950099282235,0.6175948803304022,3.753485867206356,-0.23338597485742266,6.800062318147874,4.126214663879954,-8.804894733455342,-0.04401209517652694,-0.029847214200182562,12.96143147580344,2.3438322931492683,-0.31275236112734406,-0.03585752223523511,-0.3023105999838597,0.3607561997967131,-1.0794561079537406,-15.972392847880773,-6.343327418582269,-0.45672910598685396,3.1352272573438187,0.250067219077597,0.2671545911422251,-0.2603006766488668,-0.8803582630913527,-0.014198923917396248,-2.389571924109996,0.0032280911304989396
3.0064906047448137,9.597138741070909,0.148793912167875,-0.11408327527282984,-0.9341607484484419,0.28111438897969837,0.4938211525755645,-0.027020169911927076,0.01562311276841699,-0.11793873033854398,-0.3089993010490045,-3.104691653929699,0.04473045014617254,0.0056214888404486395,-0.23214803981283091,-1.861649956496427,-7.784476376017862,-0.10899317578971497,0.1700099630579324,-0.1597052683422602,-1.6655284731881117,-0.13134987040039722,-6.329949454830354,0.8790350099036442,0.0,-5.016511241204673,-1.688823868131396,1.2754279425933444,-3.9634776049949236,-5.678981352966757,-0.4333161043473045,-7.601456120517664,-3.908254563462059,-2.8754639747822757,0.14912354611416048,0.0,-1.6543341770651225,-2.3559315504301708,4.1808752607738855,-0.3887819604734313,-0.31214266416147746,0.1964595902990887,-0.3160298425339292,0.01943466891815816,-0.22967355330772068,-0.009693630887100686,-0.018240490470325436,0.08107917532838253,0.4498817079004246,-0.1397771188922853,-0.26741027568654435,0.11619834725262089,1.2811526536424878,0.5344414694489598,-0.2556528559504222,-0.021356742842692893,0.2572778398607169,0.10329126653888153,-0.162973145375749,5.605214389985949,-0.41597276804448075,-1.8186367668646504,-0.00016838456681731327,-7.571383962864649e-06,23.843490469786705,-0.010748662954676483,-0.3854929228854041,0.07939632305046689,-3.3714272148820914,0.40975564955803173,0.15047288292161948,-0.26065796840125854,-0.023436112521411298,0.502035290421164,1.263179642348101,-0.2538054873773785,-1.8605921891175103,3.7009239362616775,-9.086997136009725,-0.05262074657499857,-0.04357195031123693,-0.1862890891545228,14.715811406011085,-0.09303581941279174,-0.707164313668744,-6.29712696462226,-0.0878498721134344,0.34394245290223613,-9.086982603601824,-3.449411617613145,-3.594685854750552,-0.146555825157755,0.05452888997306075,-0.22943978734051415,-0.3276935061714208,0.6636970406296713,0.12703576219913784,2.0850141010125367,-0.04838481554844868
-6.146830395681531,-1.390493846776755,-0.25607573438341497,0.4413549585138193,-0.9850663223084714,-0.011547563969757155,-0.04160068861346492,1.9628407878887928,0.5227674261461521,0.1753387016043354,1.0859550054129463,-3.631038031027867,0.02673157919372779,-0.13881829381665386,0.11378583636147646,0.49575445938335855,1.138873290409601,0.2485119072531264,0.8784354586383681,6.75779539690264,0.5151990629659522,-0.16913448039523582,-0.3773400530095766,1.5904436966099909,0.0,-5.231986956882541,-1.8345958138538068,0.7687095472325355,-7.668879322548862,-5.541141075702124,-0.3506490616085339,-4.856641488919992,-3.903018225707454,-1.813630463563782,0.15989161146116776,0.0,1.3194461269515936,-13.860787955393183,5.76894934831893,-0.22809351168106126,0.030602817089841385,0.42823491026429605,-0.7544364731632833,0.436108469029395,-0.1128057496888591,0.005500743964878572,1.9502041286494864,0.18922052257817634,0.08650991520118403,-0.16158757185476802,0.058794508139750616,0.0008857248243520028,2.042314735437747,-0.5160807797610006,-0.23984939063522195,-0.017206677655894394,0.27541757399791134,0.2889171582903587,-0.17328339330040488,15.618514776201632,0.05781008500955909,-1.4697642922918484,-7.745151235824443e-05,-7.571383962864649e-06,25.244052095995237,-0.10412541557363492,-0.17380393053030435,0.12678802038746753,-3.0794367216518763,0.3920046987747614,0.5268508043118852,-0.05360110641574884,0.2970603489877352,0.6642840976114893,2.892755834719479,1.3020550725590816,3.3056578896969837,3.229986696736407,-8.333303110944428,-0.0666190297964433,-0.041568262538760545,-1.9770777616637125,7.744878170747405,-0.07139269692947545,-0.05666675872325299,-7.0233764702115264,-0.37543061588121185,-1.040279670399416,-8.76193481796369,-4.470984230716589,-6.80661739948881,0.02090636070671776,0.2526900189753127,0.3075831386682371,0.07093866458738418,-0.8372964748115875,-0.21633167417072707,-2.5610468857760087,-0.03209470012032767
1.2531233947502887,-0.5432481797989637,0.1153163109541775,0.0020718080079059477,0.307115845034003,3.991754884356356,0.5129258076047962,-0.07059536253938241,3.6769450056162847,-0.28144369691071136,-0.1338996762840641,-0.6552166946055346,0.21893960207524307,-0.04965632323777576,-0.2025144589275801,0.360980006595463,0.5904603965632029,-0.005811234729742864,0.07142183203809033,1.075757332516689,0.04743085840849934,-0.6179208306868328,2.1140672358740407,1.4265284730870462,0.0,-6.569756061841773,-3.3468558601845246,0.2949579285991782,-4.724312843730119,-4.329174068370815,-0.46365796336453413,-8.63598175175923,-5.878031126364453,-2.7074530213426105,0.2867995708639368,0.0,-0.17911590123353063,-2.744606618347882,-0.9768253669047777,-0.6028905953400124,-0.021135984847025526,-0.17718477973666527,-0.4778650890917129,0.23125865446952412,-0.05645057151366388,-0.5796598570533575,-0.19512496939469498,0.20495116686292228,0.6359152706828133,-0.07896946320561626,0.17632868464623225,-1.1225913505201823,-2.33280176309577,3.889699539853876,-0.059089578926150015,0.11649520272911021,1.6940180489260708,-0.10673339738052864,7.312865592769128,-0.5471941425627503,-0.1263614510085948,-1.1047852865414864,-0.00036047302038766886,-7.571383962864649e-06,38.68336979460194,-0.01949787529353929,0.006253881849390756,0.051803820898377914,-3.2449306081702254,0.507906788671468,0.1570282854534722,-0.29024809129957957,-0.05620384272297298,0.21696359322490644,1.5787476019469981,0.8819749249696094,34.56529660637486,5.76900188816981,-10.227023967023767,-0.05594084347885737,-0.029615558221155504,15.498229407662976,0.45953214820561056,0.5707814920288093,0.060920583331120354,-0.7129006276831535,0.004267210570139056,0.29635542056129105,-9.816908850992986,-10.713157697273111,-2.945587452863888,-0.968146239752176,0.41839816911245264,0.7221965698614023,-0.03862497733567568,-0.07750744898459613,5.57534033007746,-1.6383077143491327,0.7181168502788725
-2.8996822430549343,-1.0364932262768725,-0.054879254131380464,0.10947138527900517,-0.6781903640570539,0.10977893703838053,0.33432954803958975,1.570317931306823,0.7205993196363268,-0.0873273592746965,-0.2043326379129719,55.27646928660999,0.14410736377168343,-0.09370828598411744,-0.20920317022623455,-0.025702292313602354,-9.61034906127931,-0.6454151852786516,-0.8322985377745051,-0.47640638725902573,-1.908644273801618,-0.43780919460190143,-0.14204787251150572,0.019568450086005443,0.0,-3.9729332043323646,-1.6866498817516313,-0.3022564398846452,-1.0424957561168324,-4.867850844882636,-0.40352099776126243,-4.11623892984474,-3.6430415318142098,-2.267315110163645,0.20731749890233114,0.0,-1.8246317545498045,-3.869844485681964,36.02034035039437,0.03875903771714527,-0.30511552503189004,0.11439830977074636,-0.8690100262128736,0.5678576378497929,0.6913019372659039,-0.27084193179354293,-0.24515957039099062,-0.05448482084250367,-0.6523764044385048,-0.21241049747827703,-0.2546480213568729,-1.3169199823853395,1.2124770028380472,2.5071433104071454,0.07662006518057235,-0.0362493550659542,0.24285005570167364,0.030007882129340954,-0.17311947209267284,-0.8128016720976124,-0.41682636930714834,-2.6518761630308507,-0.0001705660041082486,-7.571383962864649e-06,53.32256063771971,-0.030366965152482977,-0.12271143437740936,0.1244047239362156,-3.151052542597926,0.5257540966502302,0.008917294898977345,-0.2521738816589943,0.03623145809666548,0.42360508810585723,0.8877287252589042,-0.35141714076844693,27.541025768577608,1.9825781937927736,-6.765584145029107,0.0033519806593019148,-0.04380253499923248,0.6586267651408468,4.781000029097528,-0.15421260185831087,-0.6608568992807661,0.39568177247667724,0.1277069373297879,2.6948629993761624,-7.666997123604103,-3.610746658043126,-2.402810591475413,-0.19570130076500888,-0.12387307945598573,-0.05817769528930491,-0.392926644588395,1.0024520942772015,-0.19522415920923422,-3.6921770581868465,1.9039928729842812
-2.3678564901628447,-0.5386392798845311,0.13923005787101306,-0.07606189625866351,-0.4962401315252985,-0.36478310308048806,0.3345014065519206,-0.014419634188149323,0.11712640677462804,-0.6176882697175703,-0.3227815257273992,-4.126701609125342,0.09374090577788685,0.07947856664350929,-0.3142842217571897,0.6202213403360725,-8.133111616467222,-0.182022876044526,0.15161994238294624,0.44307407201158644,-0.2947609177546472,-0.8987898585646694,1.3441531079477604,-0.5007278089960134,0.0,-5.6244625551455485,-1.757022764554104,0.3342665099075786,-7.945414669080106,-3.9528413922150225,-0.46141770636306195,-7.338804594655932,-4.375777979838563,-2.4524475975188627,0.23979219876338248,0.0,-0.6735178886256237,-0.6171160168765574,4.74928460747988,-0.41909205825159795,-0.1472569458094851,-0.970726707507651,-0.4202797468578156,-0.15764472163393717,-0.26348871339456237,-0.06386034425163545,0.1371246184690323,-0.038621512542018475,0.9169354911338952,-0.4606565806649173,0.1707791161747281,-1.3932315084175366,0.10291144836534885,-1.158172008402145,0.30099203369257177,-0.0033580408313339753,0.33994417611604777,-0.09211935891277928,-0.1532898939966988,-0.6308116659173134,-0.1091628728668184,-2.7332152277211454,-0.00017777887162175098,-7.571383962864649e-06,13.744736953923297,-0.024397511772294947,-0.22841113298389037,0.13140718998427334,-3.17744136049434,0.4926805679600237,0.017474816503568538,-0.35243813140497393,-0.08138969014826616,0.6177033678027587,0.905029857058742,-0.8187946018876764,10.249653872434992,1.1806378134556086,-6.922910505419475,-0.05136699068486163,-0.03927968156752137,-2.035701995126876,3.7522872102605107,-0.16324344824442016,0.21050428377442096,-0.35875239627537897,0.2807782152035667,-0.2863208960317842,-7.326096994872279,-3.1275150048134766,-1.453753478345248,-0.026779665730301397,0.2349957948950695,0.3577204494095365,0.1299827290982106,0.028883282565457708,0.015342450428006648,-3.862610831733159,-0.36170440327999304
-2.720396578960356,-0.4953566108340549,-0.11250879901125797,-0.04163874353003385,0.16732488198269127,1.110569507986102,0.3627388681551998,-0.22328984023330797,0.15118865003092785,-0.026159335527916924,-0.2754619183659175,-3.3292226350111425,0.10425960799456739,1.7718304121236075,-0.32707195344631895,-0.17399549122512323,-0.08082136651518998,0.15749886327414966,0.12040369121915283,0.38972985347339956,0.13720608470875287,2.2357395512975775,-0.13179099716295825,-0.809811301951064,0.0,-5.69522542258679,-2.3348224650645153,0.48571071293103196,-10.12016952168704,-4.842376343662156,-0.40725793631439605,-6.708715172665292,-4.367689323771374,-2.2166616547885623,0.08401609957968958,0.0,-0.6569222401386697,-0.7350662925017591,3.81086877441057,-0.42784892662322715,-0.13047183367692075,0.31125376134652066,-0.9128069393121658,-0.2169850568665379,-0.25349189443165676,0.008704299272732273,0.1235269886233691,0.02755557857710462,-0.1517807395418627,-0.12555545767675214,0.17273933688935852,0.2195996195815746,-2.054537590115057,-0.03222340194073599,-0.05650767381568924,-0.026160565421211607,0.26111103796574764,0.29473051844338854,-0.18762093746747188,-0.6044265903372305,0.16186080689773635,0.404908601320006,-0.00017610663936470746,-7.571383962864649e-06,9.779345984003163,-0.02025956011349339,-0.37680362351328334,0.13316188554676936,-3.260910531579326,0.4557138402926569,0.07790646640050099,-0.19000708447063894,-0.022191717724012818,0.08117393573355515,-0.670380747226372,1.0475515386370986,-4.3109747663837785,0.25186353057505695,-8.607562328798183,-0.06605487280801196,-0.04350140109825375,-0.5694814944445004,-1.233141936505815,-0.44467260424739913,-0.44926484187888127,0.536648888451067,-0.10935527977750856,-0.30519345012885896,-8.305473114479971,-3.6338167308474816,-1.3066442237666807,-0.11669973518949614,0.3761474986748664,0.15791224268479065,0.1066222882787371,-0.2036866258852355,0.17366835476250625,-0.7477726138853873,0.43982913713184657
0.1697761646395473,0.04110957901504512,0.10793194208953637,0.042621336032370276,0.042218397665382455,0.10481027856954549,0.3399052081257707,-0.26797128380922297,0.2340064854789174,-0.5897797871326106,-0.33127906711321553,-4.814753904951209,0.04236858492164158,0.04374874935885097,-0.2536791497924688,0.423664743406786,0.012967002676047532,-0.1240866341371902,0.14798087024133885,0.5137774816267754,-0.3133792674111413,-1.1580974533664221,0.5484362854585761,1.2048972518091665,0.0,-6.901323435323997,-2.3865795414873454,-0.29352669829779576,-6.332442180695242,-6.608758562848425,-0.47270392247597787,-7.645247555459381,-4.391360551868472,-2.3163498261644286,0.2908156118175051,0.0,-0.6733511235682608,0.9176393342744316,3.8434741898593887,-0.5064982002015923,-0.1520113291451654,-0.7695025300088267,-1.368356848315846,1.3431772072390575,-0.03284093821225875,0.12158365433198554,1.7531089165552516,0.7441371497343715,-0.12979699162392863,-0.705731738563932,0.07804116611960095,-1.4125736754033484,-0.8006808723552825,11.948045893639016,-0.1858269266525525,-0.05029219879503862,-0.30698223967372307,-0.2834971410452608,0.08959121119848788,-0.4587974344404919,-0.13751856950324579,-1.5550807414408756,-0.0003732042206774678,-7.571383962864649e-06,17.43797134609924,-0.029493691022136514,-0.2963519314919202,0.054450055982461394,-3.1309228829405376,0.4584263815362379,0.023417904853267498,-0.3046644478184214,-0.16115647744968828,0.4892503027280296,0.5599672309413821,-0.37594539316207165,22.30830480058021,2.7296316284833773,-8.10844413433311,-0.040272747140358583,-0.04015617515311143,-5.292753068537683,-1.2028481985587807,0.9537737311659564,-0.25345470369932255,-0.3202010255364677,0.4015155326159113,-0.3510343061236289,-6.292540511234253,-3.561171355182159,-1.2180235818376999,0.07899848525104716,-0.15625544338950123,0.5909643721199694,-0.18760647404217118,-0.2355943359806087,0.415311677949211,-4.336026448900507,0.32611255783489623
3.558937351152015,-1.572258289921646,0.16398912412827055,-0.20305790542648375,-0.046284107877262004,-0.03951199082263725,0.5416093325728655,-0.11567048126650963,0.12581549041268766,0.03883783708891483,-0.2404721671410251,-4.348139028831824,0.012373337521716144,-0.09755723856263655,-0.24108639512679925,-0.20324736920647213,-2.0937675447647814,0.06323875480729163,-0.20284161936354458,0.3477919027589143,0.2544657310633914,-0.15354848341724123,0.2014194805616195,0.002804303334988824,0.0,-6.566310117021381,-1.8812008040362451,0.11962672734134394,-7.114676140867036,-6.828348826103189,-0.36652827780240543,-7.549466439730862,-4.7164474358579955,-2.3808825300884404,0.15339984152894734,0.0,1.3459805689735787,0.18633325408378448,5.479330734708194,-0.24404937985801106,-0.053065741262286775,0.39781830374202576,-1.4064299306913575,1.104740740091852,-0.21847916851011198,0.13518673740135623,0.6337265685038853,1.339666089050093,-0.501743957449171,-0.02111018382497391,0.0711260226965706,0.05000754979121994,1.0942438232386116,0.5833094006309812,0.23951677285185577,0.5207259608107783,0.2926527970935341,0.6898773752059115,-0.19919117465351377,-0.16987186799235332,0.2188383133966808,-0.7815987126321917,-0.00036938318609327234,-7.571383962864649e-06,18.29898876124222,-0.029725099461083704,-0.3721259029163683,0.11537077795455156,-3.4670011242429615,0.35997316467456425,0.19077826159683678,-0.026089994729423638,0.04358063332213192,0.47321599676582554,1.9596938288751393,0.942421024412985,1.5422828310892076,-0.07530832990668794,-10.890264506657862,-0.03887014303922226,-0.04534401072583328,-0.17749469730263548,2.1974229313896974,-0.28881939864449246,-0.20677107096933572,-0.6632083052245941,-0.07896648657136146,0.14712699056512885,-14.711470332317658,-3.743516436432983,-1.7735620957514284,1.0871306854203464,0.14576422735855857,0.5127564427605803,-0.38755554898653943,-0.8745138537872075,1.3691937821731337,-2.4318720450091935,-0.01125471128649439
-2.5024554919227078,0.2582095570194982,0.048049540101464255,-0.013970199732997806,-0.6067703266763212,0.5417213346218254,0.29288238813397655,-1.5027885227575724,-2.356762121281789,-0.1615076479910573,-0.2687597965443464,-3.942390318517298,0.08588312756842177,-0.04476902512485561,-0.330160689761214,-0.30507834939177975,-0.018998002030766688,-0.5436725474278618,0.15439685958034727,0.3163665734686108,0.028583453715747047,-0.49829617889587263,-0.3871066569365486,-0.34611193293042236,0.0,-5.463914751040121,-1.7689248126338049,-0.4030559122459241,-5.2203724719174405,-4.9324914845771595,-0.4442883234917511,-6.644553903581481,-4.408799210711494,-2.2342079803258597,0.14311608763600764,0.0,16.841830762875002,-13.730196399972543,6.362474821745219,-0.12710829033926,-0.14841169923265846,0.3769107763830597,-0.48237094268142555,-0.10544237532142817,-0.07051965363307897,-0.1032556932083646,-0.3307156446526627,0.26199212122088833,-0.24249870580251057,9.265952003672824,0.1231653547155713,0.13678691876119048,-0.24652436142140033,0.18874110515618342,-0.2524576775448779,-0.046843118926715534,-0.2711679750500803,-0.28727324780425495,0.05374349088466125,-0.17151864661839616,0.08530343968545781,-0.889523533774699,-0.00014612453318354788,-7.571383962864649e-06,22.209805316025943,-0.01252577288369659,-0.3827156149211015,0.08598534974685955,-3.5796662245816235,0.40293784497899243,0.17291702359777153,-0.25923833155337367,0.025535815256882286,0.308243333347534,2.0210903647504725,0.6791143457345594,-2.992674951937401,-6.213756503224895,-7.450143189122272,-0.03850561558080379,-0.04185367880026921,-2.9426629672705746,-0.8464398055571025,2.5649827659171796,-0.47826040093197336,-0.4106615513716086,-0.09117796621516015,-0.24386484550075854,-5.830978976450508,-3.562190056083548,-1.0154394585535167,-0.20021852643870455,0.5234055208154087,-0.26484257109836706,-0.46386407022700016,-0.14785314729720264,-0.2125506178077587,-2.6864286108401267,-0.02940673030939404
-1.4283539603987472,1.921088753743019,-0.14652106765027645,-0.10627112149376565,-0.4033285846541983,6.820924632524812,0.030984012780340044,0.01969227837702484,0.15445769492917066,-0.029422316514704713,-0.19618043552954753,-3.35450663999979,3.1659447152662,0.20141407672019743,0.15198290877508358,1.4252211179055274,2.2236546148406857,-0.025321859559587257,-0.8247221843394578,1.8353896421121139,0.09198235453695547,-0.14324981079845214,-0.08571136179668845,2.0551520508732604,0.0,-4.762059378727088,-3.288663129205446,4.897682721335436,-2.51134181917215,-4.38008083282511,-0.28362714358686325,-7.115786555814891,-5.81256105932297,-2.080885007191039,0.3464426403780481,0.0,3.7174821382533207,5.5974440103618734,21.738818574581465,-0.30338296292484995,-0.08237578904368832,-0.946297315393967,-1.44824646893702,0.8164159554658128,2.512153177138004,0.13131077687800044,-0.002856361424625163,1.3535350691051153,0.1428491482678587,-0.06797491405141758,0.10066841066681617,0.13709474347622222,-0.569715439517339,-0.23386962815765358,-0.030639814519271003,0.0011151092252959446,0.141637811896621,-0.041331394490485465,-0.12270206169872193,65.44095274451813,-0.41067715720523434,-0.5307403331469018,-8.829659247564713e-05,-7.571383962864649e-06,73.28239673408224,0.018320911288863928,-0.19274684273162193,0.05224566830141715,-2.904300755491259,0.5295022727218205,0.05722205761017206,-0.28616748761186483,-0.15517911874121662,0.5270062468925705,1.2100920990572654,0.013991324131457702,2.653098334526372,10.633060487432559,-9.417560323894392,-0.03072170782368276,-0.03072496094422241,11.850436207018937,12.605703274442945,1.0553710041114757,-0.08504150354012482,0.12690551027370633,-0.08946074949341298,12.082938315164693,-8.388834681930634,-6.174511033250929,-1.8327668725790531,-0.066822012242091,-0.6242355286450368,0.0043522529830511665,-0.28203314893499676,-0.648700545073269,0.11050194553290954,-1.1812235319137585,0.02736776806188885
-1.6372731057264818,0.9889200233797931,0.18966215386080948,0.11847541930308016,-0.6288397995700792,0.17817366056596334,-0.05932896554591409,-1.448800843807409,-0.5189497811689875,-0.5765891188636348,-0.2389793659533295,-4.1521730111936295,0.013992814537212826,-0.05577109503588163,0.02866334654025311,0.06507318733069309,-9.168142831917498,-0.39787442668919676,0.0022370807310002935,0.5230658787855117,-0.6156994350411243,-1.0210473443295556,-1.0240195955569484,0.9529747239858049,0.0,-5.246610412446551,-1.755979466652572,-0.3149696654676406,-6.567945283975951,-3.9931217183644776,-0.42070923181071757,-6.56636626499663,-4.345366700464539,-2.210205737693602,0.2868342640450068,0.0,30.858744664278756,-32.09334670958008,8.945188942223997,-0.146682615588834,-0.31103947215996697,-0.8917550928270935,-0.822980887953112,-0.2493686506788568,0.31371949010701367,0.11478367235025289,-0.24759470722362797,0.35641715678766106,-0.2371398950229474,-0.38520580193982445,0.18809960402252338,-1.2669003937406538,1.3702220277840997,1.3343109898346206,0.39719613916667795,-0.02275967044295276,0.3252228764955078,-0.19889880284712227,0.05834624578762176,0.4520879065914224,-0.3309830737426083,-4.306709775036775,-0.00015930254471354434,-7.571383962864649e-06,28.669198784269373,0.015302587608058162,0.5844099036540689,0.08427132972371969,-2.687816464595891,0.4149677938032359,0.1363650089747728,-0.21086995593478863,-0.032234511645769376,0.6195088739828772,2.335703581802568,-0.38858240170777864,8.688093451412225,7.001298999212243,-6.6419099502009935,-0.02048713444607349,-0.03983101108565018,-4.795063023534867,-1.3373852368911168,-0.015095893347104736,-0.8963559162063599,-0.3816124014713168,0.3726392936841872,3.3396586801441006,-6.074183604107452,-3.6149853817030104,-1.3250332835149434,-0.22465559229665671,-0.020102142302124332,0.32860645532066274,-0.5511221277343079,5.109689595607042,-0.061026171208114655,-4.988349650896286,-0.3617276081823652
-2.361240763369109,-0.06058817330219758,1.5706215646648276,0.10942020434824261,-0.5631147047522187,0.04662674004835762,0.42687184825054314,-1.4926756502776994,0.44603204635693244,-0.4635316364027076,0.32380591145274806,-5.335632575055637,0.0973722107716919,-0.024475069389685397,-0.16882925413723152,-8.676664438929134,1.4027889792247898,0.06671276030354782,0.30368335362500476,0.3677794840857639,0.1817466239917711,-0.9249666487268967,-0.8650321902218977,0.39840782614234344,0.0,-5.802924340426839,-2.371502327986724,-0.31352347312043194,-7.84279041755834,-4.390359851833236,-0.4297664199883377,-6.046906330029117,-3.604358505961262,-2.2213985648741073,0.34909620413915615,0.0,1.3425233147900253,-7.964807197405963,11.879577122798972,-0.9705727077744962,0.08751170985792255,-0.7634042873522472,-0.7798390364832184,-0.14555250604491715,-0.13059969568744179,0.18556165180808182,1.7293670131297714,1.0145145581407964,0.782133366679586,-0.7260758373903468,0.08523003823313036,-0.2054584137758726,-0.9679052554377876,3.0218497961420043,0.3753346037042349,-0.040884324835744314,-0.26232903275106983,-0.22473797962333222,0.5660481660304557,1.239263593066011,0.1641526247884051,-1.358434954250033,-0.00030126554791975904,-7.571383962864649e-06,19.987232323624973,-0.029806977550422088,-0.40974198274771984,0.08435726205358056,-3.175781202275959,0.43498094459318554,0.1727055195733136,-0.2613071965089698,-0.13475285237400453,0.9394506693299565,0.9708717905745151,-0.16869715651164066,10.037775992296895,3.73084116760396,-8.360951512914776,-0.06340589156718106,-0.044782387213398576,-0.9236287884833704,-1.3733141858022084,1.4546362374993893,-0.16390779781622594,-0.6028947674684093,-0.06642876254164046,2.9585889855332788,-7.217563573981813,-3.4529376060457557,-1.3806902096116722,-0.06546866913695175,0.24755234367008613,0.08215224949327447,2.6427015369911477,-0.9789078006000961,-0.24988571963693987,-2.774073962008863,0.48986511689182327
-2.0921628710700584,-0.2149221037031424,-0.22990502321212397,-0.03333775630965795,-0.5161475071045667,0.20983856900467435,0.510984979564808,-1.4391743165588469,0.16229332475905506,0.012928782822656975,-0.24415922724972494,-3.6814090703343614,-0.0035703504174800955,1.8085488744271268,-0.15439051558852823,1.450018748156905,1.9186425671478713,0.2362000861646752,0.07065594631006686,0.5170505541671926,0.033529327231278036,2.185933689618212,-0.0886688523942642,-0.6361087653284925,0.0,-5.702465430326045,-1.74979888816921,-0.04749762133192233,-11.633163565636313,-6.205809386185879,-0.4093881704740102,-6.094169608946981,-4.337794800375591,-2.116310313031626,0.4018514456983029,0.0,0.43677851795371425,1.1796553186587535,25.51356743614916,-0.024534276735124722,-0.044512414149308205,-0.9140318255742125,-1.1045043404356847,1.2968968244663133,-0.11903658564898313,-0.011375786078817944,0.1676582793427759,-0.605069957062633,0.4643946518188611,-0.14894968183506818,0.17505481796231478,-0.04296914350311225,-1.0664639931264173,0.07967382340779015,-0.20673788602074497,-0.04757131569296039,0.3414100803124399,0.022725405422837297,0.1442618128768773,-0.5126011118547186,-0.2502407963667809,-0.0324235897751909,-8.069515816403733e-05,-7.571383962864649e-06,23.259994936630008,-0.02047268704549641,-0.43953424045963757,0.1011149306467643,-2.802371817256143,0.4671699648230244,0.12077987788004245,-0.25327866736314,-0.21589964219551092,0.23341055242598713,-0.8854538974780074,0.9864876540760265,-4.256246490229927,6.030678845611654,-7.115782530571644,-0.0428384651908931,-0.0433083995659251,-2.7859196435816003,-1.0373358241784179,-0.5377424684496939,-0.07612823203921185,-0.47183351607789603,0.3616626031670534,12.12213731343354,-6.8288207100251315,-3.643356013384545,-1.1440065989269932,-0.4894833179722152,0.03682815030495737,0.31250183064527204,3.1133735296769527,-0.9144632215133912,0.1140034993652945,-1.5547067327848043,-0.005764223884569355
-2.579449048276772,-1.2564855535334774,-0.0977449528808289,0.125096217178046,0.14715004624779654,-0.0016356880165938198,0.35075083647065286,-0.10862542859422854,-1.206036837059185,-0.5197754540647745,-0.3274575954798425,-2.0164033926396057,0.26032741178457985,0.07006834051712191,-0.25872361817920253,0.5385836647307504,0.7553817789763455,1.936074896757435,0.0973484290748941,0.6893644698719327,-0.45057933845093273,-0.9413041352259345,-0.13595513758724576,-0.6179727738339159,0.0,-5.568708832321691,-1.7586590379706093,-0.47950867647733886,-7.3735316212978805,-5.536640693545655,-0.38524952208913843,-6.762753019827729,-5.038577450829873,-2.4838189538726936,0.1549687619246508,0.0,-1.792867422851479,0.3460009499425282,-1.8668299056442823,-0.34913544255341183,-0.031750089517417875,0.29124758748757107,-0.6316407098869955,5.90080057253987,-0.08385117825689861,0.13950558786985592,1.7904926401524142,1.1306591902176217,0.6458506102843967,-0.47377664184994284,0.07669175656785696,-1.4615422999175962,-0.8819307177816794,-1.2904676753194448,-0.384496191356765,-0.05611202995266159,0.31938550049696046,0.039025798925915074,-0.18941640528337245,-0.6935736467393301,0.21541191179036662,-1.070730392912125,-0.000547762225523846,-7.571383962864649e-06,12.555126139242887,-0.03424204899071147,-0.08624349716239922,0.12682510934825814,-3.458562315022251,0.5179190630345041,0.4046690649989903,-0.2665324915549823,0.02716904045813633,0.3629369603346098,0.7136440031415983,1.0879801265119542,12.551928974904694,1.3852517012979884,-8.522487216674193,-0.04880424154720154,-0.04146830648984863,0.08305185229046662,-0.4275395158473828,-0.19055719159104306,-0.05948359167745351,-0.577234690283129,0.3356107575911604,-0.03359122052714115,-6.647815486291154,-3.453028606868167,-0.9364199991255512,0.14451410166929107,-0.14893399268730892,0.12959386086064248,0.012418984519512982,0.5430859408643315,-0.11050135251007252,-3.0986404457282406,0.38520959870259464
-2.444047027953948,0.26833624758938723,-0.12320808332291784,0.12139906966520171,0.020757432254466756,-0.09158922945891838,0.32831318427410455,-0.1486029568802476,0.03734502660048117,0.28659384249156744,-0.17969110827319382,-0.9362033214254948,0.17694583006997852,-0.08806405291682523,-0.21908018125357137,0.18564781878928147,-0.1884417965633535,0.07139407499671624,0.06506297731252986,0.2550964863383341,0.1490265686072339,-0.19291302324425097,-0.01798121874208463,-0.1602461941596552,0.0,-3.73546880123615,-1.6665514222873836,0.04957156057278864,-8.273148986086476,-4.360444976255489,-0.4086876665745944,-5.63778996832016,-3.203575926497672,-2.511040963468228,0.2870706031200242,0.0,1.2489063229983153,-0.5479663620959376,1.8357433333918964,-0.3999654112151939,-0.19402556329899326,-0.7419836433703142,-0.9976030429970988,-0.15646393505094788,0.047235955808505044,0.10075923937221853,-0.6724916544418488,-0.0371379367318652,0.5243813978204577,3.2425501487586867,0.053848201753316914,-0.014075701331185212,-0.5842834152434628,0.7693512959673361,-0.2181455583915134,-0.1071626660489605,1.3955714324438505e-05,-0.23043717022166374,0.006716155633002632,0.11043284057922595,-0.4899616161101489,-1.2666550189067876,-0.0001280567114358026,-7.571383962864595e-06,-20.03190835864913,-0.10210565238230354,-0.3145523322617626,0.08591357610101025,-3.4367184109244824,0.5037185698152808,0.13622668496656104,-0.31121244053823466,0.42465218350826556,0.18508922319400176,0.08332678135527125,-0.12694599954025446,6.683559513356213,1.211066012794081,-6.70549975461133,-0.031469067118429915,-0.03515631524750665,-2.108961774595574,-0.4134011796599526,-0.004995864353843316,-0.24679239359737276,-0.4540889232538622,0.2210877375431572,0.4934935606517972,-6.973279350515486,-2.8949148172336456,-1.0582078346219992,0.2789058518509861,-0.048826655340631464,0.07466391266102343,0.0703214706084536,0.9969025273382544,-0.14323089335384,0.2453445527580824,0.0022221357316550665
-2.1097598034953577,-1.3147320910302254,0.01895965667509484,0.46978425434425075,-0.4685795475458702,-0.026205379018240084,0.3270069689219484,-1.4283205235327894,0.11145768748823769,-0.022109371776198882,-0.12456066489817127,-3.108979758998172,0.1349427228753414,-0.055420311309173007,-0.2126216572083666,0.2609698481050013,-0.3590285579520248,-0.5774298825833906,0.06269543477876394,0.5261098134935571,0.11568052019316545,-0.3184112046829751,-0.31552920926921824,-0.6243929558413432,0.0,-5.7054765561172625,-2.3511429958645316,0.11130281190606746,-7.29208841089867,-5.027245967884522,-0.43214961205927116,-5.75630835790858,-5.034457848475978,-1.9496627195061136,0.15037194167155213,0.0,-0.3687613979457691,-8.496880818650945,4.458739550642457,-0.45033839886477794,-0.13771358583946547,0.2818079813278857,-0.8521636301547032,-0.17624414527955126,0.5380667071173271,-0.33021885138796747,-0.5880934092209282,-0.018377485253269744,-0.19772361203480693,14.80650565499422,0.2052547151328265,0.11580170582040351,-1.0020226469517932,3.245687403107127,-0.1409926072324061,-0.048699478509481114,5.38236119151071,-0.34845769211788513,-0.0959293120977914,-0.7767064575298686,-0.3176887313617222,-1.4619529202089503,-0.00017931891473448063,-7.571383962864649e-06,22.352451105282388,-0.020282064406092537,-0.277952166838729,0.07728120170563292,-3.471108859905468,0.41262664211969924,0.05319647318626474,-0.27898193086458,-0.1687479148200466,0.44479582146132135,-1.116282711000129,1.0376655921301237,1.798003339050285,5.182687829077726,-6.839432908386996,-0.06854945064236986,-0.03626215385102972,-4.6683150732684675,-0.760392485311141,10.724150928109085,-0.08066426677419482,-1.0207161266312326,0.36399858376128663,-1.0898156569328623,-5.481408256933083,-3.3559468254128846,-1.2320025922638007,-0.33323486700253974,0.2307584428280052,0.3369426574242147,-0.39542883629200953,-0.0446975896622091,-0.17833983618284135,-1.6146424054847068,0.38793095477324135
2.7088151242028027,9.396375522671462,-0.19626191470925522,2.971216422043801,0.0004267909019956528,0.7426214577314176,0.10612233933288132,-0.02709888637819395,-0.8621257108727249,0.1437481199525452,0.41173681876985474,-3.043794071535749,0.20131159779952026,0.45749924168050565,0.7258915989092143,2.157811675367325,1.2104103119840521,0.2097635510329589,3.895484820901721,6.720266321445877,1.2123248224681904,11.0346814481709,0.34192204563626577,6.575724196918774,0.0,-4.27811509690928,-1.8843441179169238,4.200907509850754,9.62556460539334,-3.9588309154604677,-0.2007768236757988,-4.2273189091338255,-5.094465460145945,-2.296382296453239,0.15053092961424674,0.0,8.464475386718991,10.218892381272964,36.299978113722126,-0.3618244470304814,0.34886240513693606,0.5324768094779442,-1.1831645129082986,0.5659517255541971,0.07868874647233537,0.02634729324302056,0.7973100365146415,0.006254712725077341,0.35458335785086126,-0.34708774571945344,0.04931355867167048,0.766473968592544,0.29294269089859304,-1.1625247157005596,0.02384176890740244,3.2362973525631973,0.29375646375385134,-0.07741303988549417,-0.08370217914586976,31.920907405319607,-0.5676905333226053,-0.7823727859059456,-0.0001649894126734116,-7.571383962864649e-06,115.32008920802522,-0.002634175156025414,-0.3377096069520601,0.12654564069899035,-2.9509422878612384,0.4210642021584131,0.1392023945678686,-0.0980837155910071,-0.019263297672196915,0.7478945006352273,12.717825933362679,0.404480006669676,43.0819254844927,27.320068763067876,-6.2489209157082,-0.010979263573307344,-0.03866498473954518,-1.8110637729046482,33.80373858957446,0.3457524067703768,-0.4819746186556978,0.2074964501695865,0.3617249247566759,12.011988983139364,-8.08371279918519,-3.146696644034272,1.7177023198176822,-0.1476243062887957,0.3717730847325181,0.1681694557413875,-0.18032897861141958,7.7256920797529265,0.0589635152802218,46.26028032786449,0.15263597517732877
1.7433049401107064,0.6835789207629264,-0.3120971681556816,0.06928467023224755,-0.49735082179487766,-0.036378875457267305,0.4594604700105459,-1.5055539236178619,-1.2022452515172484,-0.600249125026688,-0.49720137210346976,-5.481782703863556,0.0911758359088516,-0.04384879023781249,-0.19908040367955884,-1.4118776870886773,-1.9493801327419884,-0.008551769872180981,0.04322759660886953,0.4408016370406338,-0.3472280206546727,-1.0184392937818048,-0.41698506242216077,-0.5431578849826745,0.0,-5.612550914907997,-2.3211052475872154,0.19620176212678034,-6.8483513919272605,-4.849156781201934,-0.41914636329361715,-6.651090865609914,-4.333032787245473,-2.952749167540892,0.14720292836137794,0.0,0.650371286074312,0.8881797694085414,5.078448954115263,-0.4025000430250741,-0.10469553589834274,0.24530515370869374,-0.6458439941193784,0.06066215519019701,0.5148551344445385,0.004565761390327338,-0.6023528011577933,-0.3364476150641458,-0.3386859407971047,-0.32090066968521125,0.1667765057992104,0.522555905024411,-1.0603631351979084,-0.22308219346326233,-0.3024283346508794,-0.033412231434351986,0.2551371862224196,-0.05630931600881351,0.5736363872671523,-0.3530416799289776,-0.7514407507798215,-1.4889801020791527,-0.0003806924663779642,-7.571383962864649e-06,11.474634632629119,-0.03561122311387233,-0.44239882495755944,0.05446948500425453,-3.28250194089096,0.3892327163325583,0.12579429047518012,-0.27552413567151535,0.044357568688926687,0.3171585977605042,0.2681993598126623,-0.7401187482650236,5.307002659367056,1.0803700600322703,-8.859109080589448,-0.06506301999181968,-0.04430647525733055,-3.877669189538758,-2.5750869354690002,-0.6018055564600303,-0.29662657000598525,-0.32270427779281835,-0.04759610709784532,1.2295667534060457,-5.951973450200475,-3.5067197156009464,-1.9077940496538242,0.1734222133245976,0.20660338014143942,-0.28423918014162747,-0.0969573399538399,-0.8507692841038332,-0.2616934228836534,-2.858650830490589,0.015776403986933772
3.796297690245515,0.15355662448979424,0.05628815594822186,0.20941895433152338,0.7592170288016714,0.5761951548165112,0.5178242944472355,-0.03765305496066377,-0.002233887535342932,-0.13621778360997097,-4.485455133661119,-0.9382049889602236,0.1297335434880307,-0.01559078621594842,-0.2975616894769233,0.21168565869039574,-0.1541253079234091,0.04254256317813901,0.18514545410859187,0.13938296265299924,0.08169965207361586,-0.18763173542218917,0.28564605593453435,-0.021328086469515378,0.0,-5.000818713570964,-1.6742905398479957,-0.015581288951835356,-8.141087164457074,-6.287632424285098,-0.46898159179917687,-6.93461422796683,-3.0485260978755675,-2.549299722522012,0.2839765346598696,0.0,0.15048625487001305,0.4336051639246613,2.303100612039065,-0.562283235729003,-0.1483125997755398,-1.5635855294077083,-1.5213727724606319,0.14434281865501059,0.021327948074355323,-0.18760912797790127,0.03336446350954113,0.10574968070177963,0.8486305425597368,-0.014800057785706212,0.04813118456493606,1.6177402424991685,-0.7556881480183082,1.7732250544984227,-0.09120524710304398,-0.11082729264475048,0.18751970489786796,0.009809405527176726,0.05304592496249925,0.2502106600171546,0.11282641807039513,-1.0770423541259326,-0.0001227298185448581,-7.571383962864595e-06,-20.127738179327043,-0.018158265437401754,-0.3117834618662867,0.09724235088740733,-3.7714448775164695,0.5319789365044376,0.15282454323001404,-0.24789954078082538,0.03162167449344503,0.5944211331406664,-0.001871849096141191,-0.08261496931678677,19.50460492095489,0.8775870345825378,-9.646120908590868,-0.028187982793453737,-0.006980788589942708,-2.1894802825116764,-1.401839506969386,0.45341027385779215,0.29834279578591694,-0.5176332005230315,-0.0018221090525351842,0.5217498020568678,-7.537165564412017,-7.240380147052944,-2.542702739008508,-0.06154822958395494,-0.05795454168515614,0.8055143948592612,-0.09079363365668724,0.12637416168041687,0.30853465256014373,-2.220852011155117,-0.004140271676451666
-3.1742527748751717,-0.968167253540817,0.023127795516633454,-0.13311304482543268,0.18609099434117518,0.0019486850857773506,0.3352520444044307,-1.428593606981521,-0.4540960459504119,-0.21373651905971466,0.12314130292664249,-1.9193444397298094,0.26232304955012803,-0.07377526431573406,0.1341518744241681,0.827654054167058,-0.034115213997408814,0.07645925379019407,0.020643215641101973,0.5314479888376452,-0.48085157588784677,-0.905018259058336,-0.000972330497594813,-0.4846596907100361,0.0,-5.5891808050586835,-1.7709251708140556,-0.5912723185405621,-8.832825175977161,-4.9322445115110005,-0.4257950100593233,-5.986108572468647,-5.094993825276131,-2.142086675455395,0.1507948811396489,0.0,0.32996308510405287,0.9245357454829867,-2.6394250566272577,-0.5163721835733784,-0.11465036947358508,0.33890890900952664,-0.5343388254261753,-0.2681195970099542,0.027476360539379355,-1.0728469840767696,0.7701034436843677,-0.44746451390224085,1.7322069101286377,-0.4730992524076379,0.07503774797341697,-0.07471141283657265,-0.8994071731583331,-1.2700429787691672,-0.27577230772703104,-0.026366604609750127,0.2951552006784614,-0.12154088198285679,-0.15252364127049506,-0.8255720826668839,-0.37783952991368136,-1.0518365877470237,-0.0003432281519719892,-7.571383962864649e-06,9.93735794376907,-0.03891618519840971,-0.09821233753758553,0.10296664126617547,-3.2468996748503747,0.47107803989804925,0.15885609186041363,-0.15619944274092673,0.10883865473004327,0.3781164724415612,0.4204365159646069,0.8949494176924275,4.31979540561059,-1.2025642677955777,-6.914699656947422,-0.07802723854897466,-0.036488644378536536,-2.8366260526700806,-0.9741025740572831,-0.46938822721815027,-0.19148957138914383,-0.5713695300534397,0.2581239711449904,0.32974154793200955,-8.33579721164195,-3.5839009930192574,-1.4392551851761406,0.024715803556373643,-0.10339252982894112,0.48453923714133096,0.071347947770345,-0.9644843142333263,-0.2020684262643817,-2.3883728247261256,-0.056176321676074066
-5.045604354166362,-1.479421597465633,-0.1461089041903551,0.10817108090590545,-0.2452358878072063,-0.04036832617608185,0.11073852143880895,-0.2882071074773191,0.06067416693503777,0.17557620761958212,-0.2925514060347338,-5.260950312026783,0.019638940019921027,0.23120967109697216,0.12918948824001306,0.847768042247584,2.004963362470395,0.12973702703535517,0.06883561370602966,-1.4848906312025694,0.03509131447788653,-0.8074057356703643,0.1316593134670517,1.946154312223595,0.0,-5.326407409774185,-1.7316305856450451,4.581674081630381,-6.31597333006441,-5.335534057220322,-0.398321036516144,-5.254281736737179,-5.0015364025714595,-2.0902271865749293,0.2008781647239315,0.0,1.453833110828283,2.7116443966164314,7.052467457357248,-0.3395084944222809,0.07658065581914418,0.30083691165565696,-1.1464977581465707,1.4002140391784603,-0.33527555839100126,0.15499329512872353,0.6784504915342822,0.33609240862992934,0.5824099981377,-0.3586241639706398,0.07850300158040963,-0.2017166657804275,0.8762421034373495,-1.2657025732395695,0.11675197220882053,-0.06731671084017675,0.2476350052735145,0.11869057085196086,-0.19302181010334396,19.318757706780268,-0.2926532586592572,-1.6971201142686754,-8.65385074000588e-05,-7.571383962864649e-06,32.624380069063456,-0.07012397380736572,-0.3973687286351017,0.12501204177215702,-3.052387950108475,0.43523831114891853,0.07667605382688403,-0.27118598989849296,-0.12803764343572868,0.5163910409624382,1.3335436247038137,-0.5764670730676658,8.536274936925942,4.751245963131346,-6.660031958392474,-0.05674825439984302,-0.03777234433511017,1.629260977834434,13.498253012798042,0.9645791347771845,0.07565820304694837,0.20161865469656343,0.3577759559444357,-1.0700033594846141,-8.527719633934948,-3.467370867225732,-1.1325553360174754,0.0062650209268217474,0.2342253124704286,0.1958086794064465,0.01616400514607651,-0.8176358593551715,0.0841962838377316,-2.1875897053451347,-0.0687753333587721
-2.188095073504854,3.6350366209765594,0.10255337584363915,0.09780078486094536,-0.014112215040855046,0.00026342031748524463,0.3838980728910196,-0.2850974660070004,-1.1887200553880002,-0.46196372270683334,0.4576185897783295,-4.593722723124776,0.04664472394308242,0.0730575564369186,-0.2924035756203087,0.013604209900461075,-0.02883238322764395,-0.255364521621125,0.13343320109930873,0.5489400685439898,0.2539026337576556,-0.9097710220112095,-0.5983837717614696,0.08736092482649074,0.0,-5.6582820762186765,-2.346699185979296,-0.5582012681186447,-5.610616426867993,-4.111401410158611,-0.4139283098670989,-6.195798810488326,-4.188532292122062,-2.321912723429614,0.2878307634762112,0.0,4.612859116682982,1.389762393234305,4.500986268170222,-1.473912274476447,-0.06868785042511812,-0.5146082203727158,-0.5823269417090113,-0.005058274269120126,-0.29470367135760017,0.1509538003799219,-0.18497680912439823,1.8149059093390945,-0.28769068506311146,-0.5960333827875464,0.17519163558738127,5.255411020581544,-1.0739783152636064,-0.3897723992424563,-0.2577633084425485,-0.03785506863374795,0.2961532099170708,0.26920805964347444,10.751396945508956,1.7242942702105066,1.1191622708975277,-1.4417417087941744,-0.00016972117380472534,-7.571383962864649e-06,23.442778028294374,-0.02948921905867165,-0.4084916366376392,0.08452210391721111,-3.257949880937281,0.4562846519793653,0.03565170516829516,-0.2917806827331499,-0.0493520054969765,0.4284359713402217,0.5733186991200468,-0.3963858567986353,17.652924674193564,4.9857768744659605,-6.98202528142917,-0.05869913801065669,-0.04393727878095016,-0.6881755504570202,-0.9547341331094525,-1.7468758819995296,-0.675778438905589,-0.29211720777779737,0.3360234958117162,-0.18699601236590935,-7.214031357409323,-3.497333462370759,-1.2527604413929874,0.2781971424820044,0.5307870758223014,0.16283189690713215,-0.0010733198387263962,-0.7190090106183312,0.5462846045131726,-3.8826243970319942,0.3685549126221798
-2.7422496630582542,0.33720994122239417,0.059074376347914834,0.11569920452072942,0.7889421249528744,0.5055331648278383,0.3147996554978494,-0.05377405668342422,0.0333304414715585,0.03620993065557096,-0.22684714994483038,-0.8852855153891593,0.20051769377554288,-0.01690934916366415,-0.31129012838726783,0.44784562182326315,-0.00403614940273757,0.10842224724865805,0.1435757981739257,0.22485335961867867,0.218466966561078,-0.1969062241027927,-0.09103782361018638,-0.17403581377811925,0.0,-4.41949468880515,-2.3482023671483185,0.42589897436725,-7.105596921005769,-5.0518701617224995,-0.42288847118218537,-5.705929495100731,-3.8328618905595375,-2.3381538142226033,0.14582444539218545,0.0,9.879206601161147,0.9110742719466,1.748826055207378,-0.3242472047447556,-0.08166036417927418,0.4735896080033812,-0.9319483155135572,-0.057720597949449254,0.032640806858513366,0.3735084671763481,0.31967845672167977,0.08336611353221657,0.6284641054814364,-0.0302374137099207,0.05092074571457857,-1.2921348007711002,-0.7687933934832459,0.2860863626412554,-0.07929813056132522,0.7497398498123528,0.35736691595092407,-0.14740968861760048,1.713804008216306,1.0449361894691112,0.27355775872062055,-0.9857007124269365,-6.9313190034881e-05,-5.2374350917265946e-06,-10.094765606880928,0.030671652290062062,4.320441622245582,0.08707152330865547,-3.7243370624473853,0.6609918566204408,0.049303443755081354,-0.32104865389302356,0.8827047602313448,0.49342034167198146,1.3156063670696296,0.20389297342076984,11.085256983866019,-5.2583369561282325,-6.929951009078821,-0.031178633060998877,-0.033767499360927995,-2.006027851092451,-1.0583486256983694,1.6571738750617535,0.18877433535140073,-0.02994585516536093,0.008155880870439983,0.2856701712192798,-8.147206328231183,-2.972680474977516,-0.6376838198677921,0.05464889932697911,-0.21028869951140228,0.09056986339785597,-0.015040961711468218,0.1096232132976233,-0.05027476409957901,-2.092940360187326,0.5431158965665305
-3.0502685380339045,0.4582585137062916,-0.19369848886016341,0.10996274373274582,-0.6525981074944317,0.046666306425656605,0.43292394306721677,-1.3817178026764845,-0.4802966583788399,-0.27646751579267353,-0.4926343108264135,-4.331492019320824,0.03335868196014166,0.029739186698854614,-0.13923173427350652,0.9894828040725475,-8.914782350196031,-0.23692823450694767,0.08291256742952037,0.50978690474253,0.44300593722444276,-0.9287471447692632,-0.33378722718526,-0.47799985346215546,0.0,-5.459613796587048,-2.347686732008372,0.013673602371405386,-7.421306484736872,-4.496484650462865,-0.41835161585335834,-5.710663167661194,-4.407547856783614,-1.6821396894028926,0.2894957376268446,0.0,0.5042988181016925,1.8082128332560028,8.002073883090606,-0.2371632337975147,0.1299001444017665,-0.6995337886038241,-1.1044529483207914,-0.03531577299393501,0.3653045504868556,-0.5138653238566597,-0.5519221768361607,-0.26201832406698344,0.6153810710577958,-0.45225444225028305,0.06133316986103415,0.4565292862013316,-0.8560117608542179,-0.2571418457299991,0.33131617551744486,0.04135119247877219,-0.1569850040744735,-0.0565475000920907,1.713537014720629,-0.4498999794623515,-0.4474760646927007,-1.4737959514938161,-0.00017177135564782627,-7.571383962864649e-06,14.83213470221244,-0.02211686830059661,-0.24622251997596084,0.08366264316571856,-3.2211894008959545,0.40496202406458653,0.09197649870726109,-0.28786440655841716,-0.08231123501220007,0.6185972983835756,2.857330167762882,-0.7713286410457535,6.461441275331023,-0.7129770838684107,-6.9492708851799625,-0.061367824016525255,-0.0374861219189157,-4.669804089271803,-0.7956934990052378,0.940571012953984,-0.030017966320472832,-0.44116406075890807,0.325210270117086,3.2764332763993993,-7.068336596191862,-3.510120036443712,-1.0674008845396326,-0.6940729396174378,0.7042262906381939,-0.07263944491612093,-0.42775263258985274,-0.35677450898351276,-0.031873865149293086,-2.640708347050252,0.18693182360367216
3.7154563623269405,-0.3387658505065781,0.0770330886089529,0.09363451080571834,0.23126743133639052,-0.0017143136532588145,0.4516417548101288,-0.05988375924728266,-0.5168870633394097,-0.3351496999851911,-0.28110407832387885,-2.7979234550931356,0.1247978963995541,-0.06687549029353976,-0.3154195818144053,-0.9300102010412583,0.3144059302203214,0.00940099601162384,0.13668585987607748,0.2886980395924747,0.014227760356590955,-1.1238600019325748,2.0195560466186593,0.4924952585209158,0.0,-6.828461653753589,-2.328426226990813,0.34648065107172893,-4.141354105455856,-5.7961587534372665,-0.4595374072712016,-7.105588802759724,-4.13843039956763,-1.9426373090563036,0.1488931754890056,0.0,17.482977576098392,-22.38164386228641,-1.5060584654679918,-0.5913455524084951,-0.048133729290835835,0.4749925347038987,-1.338566192310504,0.1549672732538275,0.03684051643077946,-0.6991059451551443,0.15944697279032047,-2.1388424878237062,0.8534903453299797,-0.14390638609662298,0.1753444392766559,-1.454594713964832,-0.6534058561085507,1.2083348686660633,-0.14906137334370403,-0.0197618709626812,5.440082891337133,-0.15485597571235757,4.640007449131766,-0.46489865530233543,0.020688513312024905,-0.2972105696473005,-0.0004345776574714507,-5.761632975765946e-06,31.133614073862546,-0.5438324969960502,2.5937280218527294,0.09863263791214401,-3.4418638667188755,0.4314147464331156,0.18320472447561395,-0.34213764562169324,0.09204006886514908,0.6082123692939648,1.4253056817186958,1.0911870055865611,11.847927146571834,3.8556748774690877,-9.685765887065077,-0.04780690937406294,-0.05347647744264569,-2.506455327364577,-1.0217297221818529,0.6923666522941675,0.3949551689502038,-0.22447966689272186,-0.06389580460735286,0.1926059759345438,-12.573648733742525,-3.4570327017225364,0.4598559564451996,4.265137345224342,0.205790662216276,0.48890499185293773,-0.09464064672134713,-0.8949759290414074,-0.2015216449140228,-3.808341859312411,0.2764065235241504
3.7933077375408923,0.9505917112852976,0.0005734636200761401,0.07672323573993958,0.1718884975519608,0.6247071971520671,0.5450496806281387,-1.3897719394468053,-0.3257498169324305,0.07888598960873652,-0.13940119059186842,-5.251078259163169,0.059974519944657786,-0.1350575006184925,-0.29506463142111194,0.7778515179463981,0.13990324787596334,1.6990525051211407,0.13479352167960418,0.3690031852063388,-0.05851959090592216,1.4558604246620641,2.2499978124959443,1.1795534429770553,0.0,-6.78251063242204,-3.453169374153836,0.18536948932149167,-4.017271510843985,-5.878737220233639,-0.4050096603761369,-8.454475882227868,-6.218373685054476,-2.2988351344533977,0.14902857043175866,0.0,22.33557277283725,-31.769508936917653,6.476592222326574,0.0006351149636570528,0.11981537021546287,0.05833923092143527,-1.4216861687462745,0.12405455114910752,-0.1962354002936788,0.29202833740250034,0.06758416131429136,-0.4397955771199689,-0.04191616907793122,-0.3452399897807695,0.18514071425774775,-1.1436182222287112,2.4129557419321817,3.8470395695059847,-0.1571512500381578,-0.04036712931237583,0.34866491230038255,0.22363345410832955,-0.04708298659052169,-0.07598515559263756,0.18112466858268747,-2.584080080799671,-0.00025924031361444576,-7.571383962864649e-06,31.460898107263947,-0.07690454987363639,-0.24040564645672033,0.09899107938580898,-3.0452439463338457,0.4729824689510664,0.029028640400893486,-0.2981713341758264,-0.12532945606884524,0.7019335310205775,2.5628791939133175,-0.5503449989104168,12.623612970203471,5.896879056828968,-11.343604938924555,-0.03937415664278225,-0.032855114381941934,11.402910572139575,-2.2761315820552697,0.09042606182866687,-0.39489282593206954,0.384505649526111,-0.012604607072232233,-0.32767092623899946,-15.161618470363011,-6.1657227389568785,-2.0936279929181474,4.388245708721786,-0.07971855997538775,0.6394694835782226,-0.3787083560729811,-1.0034609955030098,5.924393654688921,-4.522590324917884,0.21329271667905303
4.384131010905959,-0.6736169772773815,0.11847656998533213,0.07448877231949792,-0.4699413675880428,0.5789890458715846,0.24361251335872589,11.168887072721047,-1.3321942495931813,0.012506274664753606,-0.24156759903312186,-4.603112308489416,-0.005695402144706698,-0.10273612485981232,0.06591037567202711,-0.34273519184869594,0.9269047937898864,1.064282036907242,0.18719765932157034,0.32624783283176134,0.17214777368420386,1.43943407726444,0.7389031467339138,0.9581578027800894,0.0,-5.553793784511476,-1.7309513978822082,-0.13901899804137963,-0.07246028683732635,-5.831668818320192,-0.41019682875902114,-7.185000969986805,-4.348112708026268,-2.2266136167010138,0.624578264781999,0.0,23.140930232978178,-38.91962071636237,7.352030659058464,-0.15301943399094137,0.3661714373130889,-0.4162673268963515,-1.3213205518311926,0.11876569988668079,-0.35807927735811723,0.2814507879346135,0.6912259023269245,0.37115723060349554,0.2938927109557857,-0.402018169129333,-0.12815267732895894,-1.377378206971509,1.956564049276954,3.024202359341094,-0.13598832732879268,-0.022924923121348265,-0.04474625579123522,-0.19783803247192627,-0.045317054503561806,0.08619930196542609,0.18313852120496418,-2.5985259604368873,-8.975729307457454e-05,-7.571383962864649e-06,33.57492415778,-0.09682235162168547,-0.09434988150966854,0.1020601398096344,-2.4878218394486558,0.49525465048842243,0.1478673417887016,-0.26169913930311406,-0.18381978696692106,1.5529140036984728,3.320087840323403,1.1981444158708832,17.505918622333773,11.758022984668223,-9.52064102875923,-0.05799467656272942,-0.03852614265102737,1.483042725553645,-1.1588988557236297,0.6128845270798473,-0.15451881689068117,-0.24081152496591757,0.30842961940534097,-1.0476572701669384,-6.760346673749186,-3.2264385966907803,-2.967833415070862,-0.9328415561934792,-0.0733899007061619,-0.0030812645425132294,-0.47574546081599467,-0.5902260024624308,-0.2325582618856327,-2.7719767121296504,0.345852360682933
-1.7004303957015545,-2.033754564987775,-0.21850492237758867,0.0999687239316746,-0.29219702981228013,0.3020591207749339,0.14051919898729057,-0.08276640104946593,-0.08932970475125711,-0.7715634232936254,0.3164191771599238,-3.2876609975290614,0.0983502164952683,-0.0801076924286562,0.8753856917946081,0.409042009505385,-0.04711060917185858,-1.1254521670028927,0.3638674044339297,0.39054800145581203,-7.502507386208101,-1.0354280095200472,-0.30510857398237995,-0.17147865085811723,0.0,-4.113106126605407,-1.8190365969978093,-0.09877071721872331,-8.315984602577291,-5.719388253378338,-0.45116286470745975,-6.604211932915465,-3.478054028592859,-3.0586763353791744,0.297438648419388,0.0,18.93779972458666,-36.48245448946025,10.063628949839549,-0.02918752591380751,-0.14465005177652845,-0.7100968801822221,-0.7886944868156268,-0.10161965451149907,-0.11167820256711761,-0.06429555333179328,0.018145367540132816,0.02937172656292243,-0.12704033121685873,-0.4839119130210087,-0.27003716662713095,-1.5565743240292191,1.2120942810787578,-0.3975493781404121,-0.1612706356176893,-0.008683825811307654,-0.2974621857741217,0.08194478723104111,-0.030433689572437462,-0.6292533523093474,-0.2006132455605682,-0.8457742786009294,-0.00016105779411950414,-7.571383962864649e-06,22.597446578958717,-0.017036370443508773,0.47618616392225577,0.12490551642989856,-2.783439898841855,0.4301255304624162,0.2315364078206433,-0.11685223664902639,-0.1200403251338632,0.5420326411260452,2.11988126670099,0.6440745637789881,14.949395216234409,2.8822547699794097,-7.903348663698491,-0.04038293813914517,-0.040263753114428646,-3.7654832822269855,4.352041678033756,0.03850916914855483,5.655575320915932,-0.23314577443914009,-0.07698254564780858,-1.1017351887649194,-6.950061701585734,-2.1038035160539903,-1.0612967130674418,-0.1859875593021091,-0.15352971842004695,-0.005425616623559212,-0.4017315349999412,-0.7300703710273911,-0.30502426469141336,-3.8960931645833883,-0.33992451315914385
-2.2392848343552556,-0.43967387790359613,-0.23708385576230515,-0.05851261884838558,0.11685362257729227,-0.03719008311937941,0.634266929987062,-1.4621521031769458,-0.6545958564402543,-0.2202843235394027,-3.4132027133287224,-4.58189857521512,0.08580146320072633,-0.022745876934645325,-0.21762232045103616,0.3784203035096107,-7.892564357090504,0.039604721617133985,0.05294538708071636,-0.4584025683512849,-6.918941157707842,-0.885442846565432,-0.125277181565907,-0.6357537719472736,0.0,-5.539283578847295,-1.7418244228465782,-0.3672298726372949,-4.022392636197172,-6.435309114488021,-0.42491341397092475,-5.927151561352079,-4.25386538407508,-1.9447130290495347,0.2898378845399317,0.0,0.5079590911211515,0.7828015050958423,4.505322019032352,-0.6560644877719418,-0.07329806657136641,-1.4307127023324717,-1.083664359121675,0.4298836780713937,0.426552067798284,-0.22423665330901585,-0.26029446315824606,-0.4264716546787066,0.5184729534636705,-0.36582049657922033,0.1339595542109547,1.6912214673515507,-0.8596134923585367,-1.065396642914153,0.6516664806937004,-0.07096106886674876,0.16066637482065277,-0.15506587628889734,-0.024458893922872232,-0.5984277741227599,0.08672192914021601,-1.4108405654895972,-0.0001776745338427581,-7.571383962864649e-06,20.993660153471684,-0.015108730891677307,-0.4773285101909524,0.12444016107759427,-3.538833666630582,0.5084353525005959,0.18760650119851563,-0.32034564466243437,-0.17053427994536632,0.33485654685949184,0.7016119993295293,-0.21644556244732222,26.76464842080779,3.5204499252665276,-6.477941200214032,-0.04801735447821329,-0.04373345204362086,-8.37281439790484,8.107035420152643,-0.02247408012430814,-0.4218296521284639,-0.32695591884714775,0.27847198811943424,-0.1449243527972941,-7.229477386334999,-7.617141045675473,-1.2426764921136306,-0.3145733444851419,0.03454074479208809,0.08166460313236425,-0.3086660442748516,-0.2349573462441331,0.28977198729732845,-3.608522988824136,-0.31068560756293284
