cm_angle.dist_ctr2best.mean,cm_angle.dist_ctr2worst.mean,cm_angle.angle.mean,cm_angle.costs_runtime,cm_grad.mean,cm_grad.costs_runtime,disp.ratio_mean_02,disp.ratio_mean_05,disp.ratio_mean_10,disp.ratio_mean_25,disp.ratio_median_02,disp.ratio_median_05,disp.ratio_median_10,disp.ratio_median_25,disp.diff_mean_02,disp.diff_mean_05,disp.diff_mean_10,disp.diff_mean_25,disp.diff_median_02,disp.diff_median_05,disp.diff_median_10,disp.diff_median_25,disp.costs_runtime,ela_conv.conv_prob,ela_conv.lin_prob,ela_conv.lin_dev.orig,ela_conv.lin_dev.abs,ela_conv.costs_runtime,ela_curv.grad_norm.min,ela_curv.grad_norm.lq,ela_curv.grad_norm.mean,ela_curv.grad_norm.med,ela_curv.grad_norm.uq,ela_curv.grad_norm.max,ela_curv.grad_norm.sd,ela_curv.grad_scale.nas,ela_curv.hessian_cond.nas,ela_curv.costs_fun_evals,ela_curv.costs_runtime,ela_distr.skewness,ela_distr.kurtosis,ela_distr.number_of_peaks,ela_distr.costs_runtime,ela_level.mmce_lda_10,ela_level.mmce_qda_10,ela_level.mmce_mda_10,ela_level.lda_qda_10,ela_level.lda_mda_10,ela_level.qda_mda_10,ela_level.mmce_lda_25,ela_level.mmce_qda_25,ela_level.mmce_mda_25,ela_level.lda_qda_25,ela_level.lda_mda_25,ela_level.qda_mda_25,ela_level.mmce_lda_50,ela_level.mmce_qda_50,ela_level.mmce_mda_50,ela_level.lda_qda_50,ela_level.lda_mda_50,ela_level.qda_mda_50,ela_level.costs_runtime,ela_local.n_loc_opt.abs,ela_local.n_loc_opt.rel,ela_local.best2mean_contr.orig,ela_local.basin_sizes.avg_best,ela_local.basin_sizes.avg_non_best,ela_local.basin_sizes.avg_worst,ela_local.fun_evals.min,ela_local.fun_evals.lq,ela_local.fun_evals.mean,ela_local.fun_evals.median,ela_local.fun_evals.uq,ela_local.fun_evals.max,ela_local.fun_evals.sd,ela_local.costs_fun_evals,ela_local.costs_runtime,ela_meta.lin_simple.adj_r2,ela_meta.lin_simple.intercept,ela_meta.lin_simple.coef.min,ela_meta.lin_simple.coef.max,ela_meta.lin_simple.coef.max_by_min,ela_meta.lin_w_interact.adj_r2,ela_meta.quad_simple.adj_r2,ela_meta.quad_simple.cond,ela_meta.quad_w_interact.adj_r2,ela_meta.costs_runtime,ic.h.max,ic.eps.s,ic.eps.max,ic.eps.ratio,ic.m0,ic.costs_runtime,nbc.nn_nb.sd_ratio,nbc.nn_nb.mean_ratio,nbc.nn_nb.cor,nbc.dist_ratio.coeff_var,nbc.nb_fitness.cor,nbc.costs_runtime
-0.020650487097644516,0.27655536566190897,-0.04284588011610691,0.0021735151951401705,0.03846611356895974,1.0712832065308238,-0.029925211106433595,-0.016965846819613623,-0.022662278631938447,0.3338764256311917,0.021825889337526903,-0.004091574914185822,-0.0009125903731792696,0.027609093092608946,-0.029065884367820403,0.023551470826025815,0.15654962224438942,0.004670893283619213,-0.01087122804061458,-0.020661914404920552,0.13125158670943043,0.018322686696225624,-0.04190296439285256,-3.310523532164145,0.0,-5.302435626129307e-06,0.007684388654921926,0.02063925155153545,-0.03880769852988391,-0.06544931993926195,0.0018533851760584679,4.7501856661455624e-05,0.0015205717330319414,-0.03574997862313626,0.0009168075489645433,-0.0006568761631060812,-0.19212247481140265,-0.36585014953698525,-0.9629250422998408,-0.05070246419954363,0.03832878655334772,0.006713768949751209,0.0071698824865541,-0.03463275260120421,-0.014041769617374161,0.09927336186312291,-0.023812153565595857,-0.05821868732147325,-0.003757520574245718,-0.01939459760433912,-0.04869917960628009,0.0048643555831064545,1.9259583829435782,0.05048703620331599,0.2339617543096383,0.0029391015964894186,-0.054563048325282436,0.05139471355649976,0.004309865959722485,-0.023033959092649683,-0.00694224022821685,-0.06666464475936541,-0.0002988365536859591,-0.0003019079859967277,-4.667942317600061,-0.003855582402001667,-0.0006446495504826773,-0.005134062712171997,-0.02087045252913216,0.05057977738934673,-1.232464317103711,-0.006391519373795339,0.3295978069641517,0.12836613949910639,0.19860107427064463,-1.0012919859020617,-0.6199139487375008,0.014702692045523656,0.0006370818312424245,1.4579722193264444e-05,-0.00010538556449805207,0.003851222677541921,0.06633305333152435,-0.0016316060851893413,-0.05219589520324792,-0.019352009608310308,-0.000561435511539401,-0.010711012323896867,1.790215921303028,0.0007848171450907091,0.04404002116520699,-0.013250775974151929,-0.021612938440800394,-0.007033431207286111,0.03543991337721283,0.006562205870326305,0.06129864118553455,0.05300716093028627,-0.030658234329211567
0.03458633454265629,-0.026992006030182057,0.08731252596634384,-9.740265078240484e-06,0.03086242385460366,-0.026170348631692604,-0.01243669905285379,-0.018327720690594806,-0.022623426017226323,0.33777131713401576,0.008879353583485433,-0.005737927625268234,0.0024303318976696664,0.025514587749913907,-0.01731144036181296,0.020048105424341187,0.1446539199978446,0.005197245420598792,0.019120576503645115,-0.0208842953741769,0.13297223720904958,0.016837449111253195,0.02141314814378108,-3.781202653695021,0.0,-0.0008240849284553673,0.007669577335782903,0.03353422634834037,-0.03865567611126343,0.13988430099992197,0.0028084091281882625,0.0009786349543730133,0.0010932984472686006,-0.03570568754384416,0.000905012583460171,-0.0014421828545028426,-0.12045081238798852,-0.3854896489829796,-1.073320166754917,-0.04782681279769115,0.062308412784282605,-0.013743821238063192,0.001978166632133695,-0.03421659561693585,0.020138182589938165,0.08777805786893399,-0.030214475441110486,-0.020966502002430956,0.0022694328797566296,-0.03139642667627764,0.021525210913626924,0.0026675864039215637,-0.09147687084723866,0.048651819011157525,-0.02743136762765261,0.003929688672695758,-0.011500670125048483,0.035284740577994134,-0.005175982349319495,-0.04038578022071582,-0.06296739479327901,-0.06996252266351885,-0.00025345205824974496,-0.00022113141190963965,-0.9297141042002196,-0.003925821273579752,-0.0017047153984766873,0.06836717054375537,-0.03096556966177295,-0.04876054951529015,-1.1494795328669307,-0.0010774946375929986,0.023469051649066448,0.10572307309317772,0.24358636833608377,-0.7339422170419103,-0.7774311408531515,0.014190749147173824,0.0006513048580784562,0.00022459358065449127,-2.202900851719949e-05,-0.005776526851153177,0.07734921908680324,-0.014630903755574689,-0.05359455032980205,-0.0232245361143004,-0.01031907504300041,0.00940364210140099,1.8703425503176028,0.00020045429989918006,0.062006254246977636,-0.016557095020965817,-0.023651686306273255,-0.003099203704790908,0.02233022668265194,0.003474430773816665,0.02840467907818571,0.029085959639273205,-0.03191396569633173
-0.01754189280677595,0.04125169744285712,-0.043668280240066165,-0.005972131711064174,0.020813614416925048,-0.02935413163052603,-0.03966612641050415,-0.001685753826436628,-0.02768507290882147,0.3208250991610597,-0.008731797154807971,0.007735855124690161,-0.015127163245887497,0.03028662082230894,-0.047803402786174294,0.0222069316497987,-0.002586650704906061,0.0031161416955746007,-0.023337096195420386,-0.005347401904412639,-0.020589224353150627,0.017856875263288545,-0.035577680461709574,-3.5440588003195312,0.0,1.3206167731680062e-05,0.0076738953710542655,-0.010048352195674357,0.04125776333719443,0.1309846493991435,0.002618624993201407,-0.0002698101803699528,0.0015077277690414108,-0.028956884510796577,0.0010733357724979243,-0.0023741900433424503,-0.19263606927281268,-0.5630741065730244,-1.138554004933411,0.057751852279325507,0.045943256750366174,0.1466437533903711,0.006067564670528529,-0.05247511406559153,0.015593656425424582,0.024288205725307075,-0.03674110540057292,-0.05771385589536693,0.0058801697293925075,-0.018600580273105984,0.017453410190330372,-0.0035168526635514495,0.010842286500988906,0.03766416558029987,0.16240228754755456,-0.07102074209621344,-0.05158542927537014,0.052430461770989346,0.0023086981840839084,-0.04615411018062835,0.0738550390026163,-0.0724470218960754,-0.0003177200803207533,-0.0003447377262746928,-0.9099024088746225,-0.0039857238448948095,-0.0024751125318649703,-0.007256213051307061,-0.02072739672569796,0.04972030188457294,-1.2852478850020044,0.006473162139439243,0.02809840675250526,0.04504484809383293,0.23359075811560576,-1.1341911411298338,-0.590675733494458,0.009424273809385802,0.0006371748990480512,4.177679155067138e-05,-0.00018527610542552143,0.054631583937171366,-0.049874350243392304,-0.01619792789751994,-0.03254797924477914,-0.05789910484034503,0.1749740217332158,0.016395744994140524,1.643420731781943,0.00045702426071170103,0.05221834751401486,0.0012974892478935884,-0.02285430384851282,-0.004071947048487339,0.04300457022581017,0.0007492114692553859,0.07973576932485182,0.038986666628587394,0.5248826697495171
0.03287213091575396,-0.032465502534829896,-0.03480486126270809,-0.0045055647800895,-0.010331543197580216,-0.019617185677070433,0.34555001843476435,0.005584094245943484,-0.011992510273705839,0.30524319204568867,-0.009709016217912947,0.01009020225101459,-0.02055996161884914,-0.006879485147317323,0.6909120440758536,0.02130988013081405,0.15786129444618768,0.0057730355989442745,-0.024337021244496323,0.6885667696971737,-0.0019317180553123595,0.014362020301453933,0.022542392779886233,-3.6214080801983353,0.0,-0.0006435274341018757,0.007724675638948028,-0.04996162398505283,-0.03191177185607722,0.11280848273079898,0.0028095393729881913,0.00012641390598881202,0.0011733377817797668,-0.038125779456971126,0.000991739053406742,-0.00023151217532124788,-0.18931944513577179,-0.5115653315469437,-0.9494515314970956,-0.043731975013958604,0.045151680224349386,-0.008962274862669888,0.004052081714962558,-0.03403534269904319,0.011176903865092461,0.24899032704771995,-0.03125594999393567,0.02335098393990477,-0.0030688271099701004,-0.014119893294006506,0.008960316479280177,-0.0158432173361346,0.024354974201068344,0.01896304160726862,-0.042359187794965614,-0.015797012397989325,-0.05303717341495216,0.04505852313477686,0.020784789075684054,-0.039762564353665666,-0.005259920293300792,-0.07356821117079251,-0.00025659639743094774,-0.0002233817190417017,-0.8801785781805398,-0.003927781162109423,-0.002310805811870151,0.038563669864673425,-0.024869993288926095,0.01257672056733326,-1.079327477226269,-0.0002243539066029433,0.02796304270010569,0.1511505232580244,0.1959947884007399,-1.6849527294631252,-1.7306730246290751,0.016021900555216056,0.000646808618586235,0.00034521003798270637,1.9304275278093414e-05,0.062226799772182546,0.06692475456607117,-0.018899576069643927,-0.011203130044312963,-0.019216733501211662,-0.011756430256185637,-0.0006590269698802507,1.8458603735683088,0.00039369784686157385,0.061166294082802414,-0.03337029741536389,-0.024526571249654284,-0.002969720085925387,0.03836367773929415,0.005824396846948779,0.05866060859366218,0.03080790079398163,-0.029994773962895044
0.03354905453774934,-0.03506219593652832,-0.03198252690317609,-0.004937825201950058,-0.010238250958434237,-0.02881856255969426,0.3452345957579108,0.00521952819083827,-0.010565494055312721,0.3057137629401536,-0.009516906072456073,0.010532304767648867,-0.021922563049089485,-0.0068516801845142986,0.6896044139658475,0.023316741533286514,0.15818762027237443,0.0065471172473206335,-0.023985670544953454,0.6882577764743166,-0.0034466237557077913,0.013948013349107386,0.0013856035782720652,-3.5208859038970797,0.0,-0.00063620594398995,0.007721420520490684,-0.05305017390736307,-0.030486672898030427,0.11210496485418694,0.0027919670702702356,0.00012609014921179524,0.0011471509900076275,-0.03903240887999919,0.0008963548009945578,-0.00023115005111309884,-0.18931307667444666,-0.5108762633093846,-1.6854149823943951,-0.0401560954449291,0.049981864118141525,-0.010101869331393816,0.01316842638562995,-0.034648183581668754,0.012952126714262251,0.24836817868560063,-0.030043356998780565,0.02224430444498285,-0.002354689579855081,-0.010753478667126268,0.00893886886623771,-0.01795998039511051,0.029838602397674482,0.018826745199436293,-0.04440484329339241,-0.01574200449615987,-0.052899331026151186,0.04499540710207402,0.021036911004417565,-0.03934304255398987,0.007853545759491473,1.39638096880347,-0.000253891080591857,-0.0002217353160147531,-0.8971554574421647,-0.003926880582833963,-0.0020533056740364764,0.04133736812614583,-0.022663445326244525,0.013125949365391106,-1.0804925570880468,0.00036666666201588436,0.028285514382367444,0.15877392152751438,0.19704004588047214,-1.6874688656323258,-2.560869190951979,0.016067531953335008,0.0006468274974724712,0.0005095296836631147,1.895965811323242e-06,0.06250591766449118,0.04882867368323829,-0.012919121687451598,-0.003693300007189721,-0.0190225047450842,-0.011193964558288413,0.0005532191560110396,1.8405388870631745,0.0006183246151455201,0.060984944893071664,-0.032421719414701886,-0.02481204505975601,-0.002359501495625094,0.039571315957888965,0.005693512631239885,0.05886301388262075,0.03694508871519858,-0.027116497817612085
-0.02047676071973597,-0.0430806524727909,-0.029243265240862657,0.0025185608942461775,-0.010694852589071298,-0.027464189069907212,0.34777160084619435,-0.00811591136929123,-0.006712008457128594,0.3384035347225787,0.016674148711537575,0.014315050550409509,-0.005552203697589718,0.00508198155436213,0.6994649445156322,0.024539358390575982,0.15810788203596168,0.005209726442335415,-0.022139383845938818,0.6838641111267248,-0.0004952006984123487,0.01381844631639569,0.004139179929648311,-3.855415984268937,0.0,1.8396731860995856e-05,0.008090872400925502,0.029267022545414294,-0.03861086682027868,0.1176002347217017,0.002588268795235752,0.0001679002250926434,0.0015654041654241577,-0.03603556513705467,0.0012065288604889062,-0.0004678550483032298,-0.1891598790787755,-0.4120784678682793,-0.9436730029883797,-0.04453815584590035,0.047609721841045276,-0.009246087754871974,0.013989687710157234,-0.0359564379440992,-0.014636692590756136,0.0989550367505668,-0.02076177980206095,0.012918839582013734,0.05458860189038415,-0.02874092866995393,0.01363867629585638,0.009700161881106797,-0.012094906815805814,0.009641092208034736,0.20620373611801934,-0.020641763140909004,-0.05338285093640186,0.05213739475306535,0.0271226263172122,-0.06299343301169835,-0.04191598086538747,-0.07329827076096448,-0.0002960041234728315,-0.00033214387747304347,-0.9390106807866456,-0.003907276722946325,-0.00251672821131439,-0.004870020658008823,-0.021418479432644157,0.015848660933423676,-1.1485353693237155,-0.005595697210065388,0.02950533956748386,0.14214698390383348,0.24791862999648076,-1.6926638490038037,-1.6637590778331672,0.015088398745698115,0.0008830987654057245,5.48606852376506e-05,-4.9097016952926816e-05,0.0014178956756696456,0.03482887047276858,-0.013747502749545193,-0.0046782023652568285,-0.018454987605304233,-0.011349524402620338,-0.011429325865858831,1.9123600523812925,0.0008002565518239388,0.056293684379527344,-0.01642743984436334,-0.02150074625819459,-0.006056558893959889,0.03887301053700082,0.005265790377677784,0.06062187185687007,0.09876052973312006,-0.031189245208634128
0.010360879276222427,-0.0436760237820554,-0.04470870741646223,-0.0044672424831090195,0.03076722699745705,-0.023337570551788003,-0.03334034121234156,-0.01649596919426205,-0.025073198273525898,0.3356761397873555,0.0006794358152802821,0.013018797933651655,-0.0011812575671922617,0.027094226231707493,-0.018776006943399412,0.017070792550291345,0.10213004689909994,0.007483992488578844,-0.02377368431806117,0.0003318605303436877,0.12890623681533,0.01753795286376411,-0.04130789903388948,-3.800732996372257,0.0,-6.889907394095093e-05,0.007686881741760423,-0.05714909942867971,-0.035625392606148255,0.13681072395875107,0.002746097893895737,-6.167404742416082e-05,0.0014947016984548469,-0.033094447499527065,0.0011910169616025513,-0.0007806283148385531,-0.19089170875872685,-0.5156034279744041,-0.9609564879336928,-0.024685723323634792,0.043914926157727054,-0.011757331360518984,0.01587723997550494,0.02190273058274748,-0.014015499472202327,0.09876590937458951,0.020793235066255515,-0.019742226794260517,0.059304981062209716,-0.012021582441749477,0.013766314194585126,0.00971518102477219,0.03207508578501122,0.03500393811486634,-0.030362024695814508,-0.0092917744138598,-0.05568140299118982,0.051715351868757316,-0.005414156929480691,-0.03759915011194726,-0.0008706107216671914,-0.07419442915198764,-0.00031778205739580584,-0.00030195957657340737,-0.9491012644684633,-0.003998532286412845,-0.0025211730017120743,-0.005854002637377819,-0.054708609988170155,0.05007984188812303,-1.0379417595666962,-0.0039157043883252494,0.030495807105139754,0.10777263777646058,0.20703383302810235,-1.2361651038390744,-0.6872384022241705,0.013140238986904001,0.0006368313487935179,5.2368235814305675e-06,-0.00018374955216389423,0.0011228279042711333,0.04516438726096352,-0.007949341937767253,-0.048662389579545065,-0.016127533712074496,-0.007052990600701087,0.005968675244491609,1.8633240586557012,0.0007790691094482244,0.044901510507045904,-0.019062772605426798,-0.02161043521285549,-0.006735418927051908,0.03445074621260746,0.0044393170780811795,0.07449187601710318,0.027435031219792898,0.484681803227254
0.020196949021931802,-0.020348249826698438,-0.034021929893394684,0.021903888220269934,-0.00941463725116149,-0.0330159948463533,-0.03178966367552447,0.0072767413197889885,-0.019403781813784448,0.29847326708071,-0.009166229870378193,0.0061144381313889586,-0.012699757537588376,0.005316950769663941,-0.028086928956302753,0.02152114494552835,0.15671373057388396,0.002768810041457033,0.0007948520858050362,0.6720174978639003,0.1322210958888209,0.017062559040036444,0.006288953803752114,-3.339029158152651,0.0,-0.00030717371514472734,0.008375814763071953,-0.019274923595072838,-0.04136313784796463,0.10119641242389311,0.0018581925598641945,0.00013619664525251933,0.001377117109001931,-0.0364118319198001,0.000657063178175377,-0.0014190616159099087,-0.1780831588160244,-0.38462823540003327,-0.9744006299053553,-0.19491822845012557,0.0199870334608929,-0.017332799600194414,0.006718137202326049,0.007524998320399863,0.018031762875548453,0.09785351179356051,-0.013969440619756315,-0.05300350094987945,-0.004967662199228309,-0.02063734937095091,-0.043346435942145656,0.0027236759310776395,0.039007242026115475,0.02555573551953398,-0.03224741205273613,-0.0821502446401058,-0.052709724614071155,0.0536779113785918,0.06663496451264696,-0.048598726010810535,-0.06656085244565478,-0.07338418879631665,-0.0002569341394539807,-0.0002292301726403937,-0.9291896511587601,-0.003874741606883128,-0.002366593042686873,0.02877269879526436,-0.027217188870070016,0.046385715189508715,-1.2130132209995135,-0.0006856838267054803,0.02330220729215919,0.12178933463501412,0.17135308947945338,-0.7744021961785059,-1.355506506876872,0.015899610422807832,0.0006513394151461547,0.00031384517474745467,-3.6962957031396876e-05,0.05681611621707503,0.05948255602488558,-0.006338175013759068,-0.01700854662540022,-0.027575817908303425,-0.009738882808060411,0.008851066893190861,1.7327223769219067,-0.0002926173607750141,0.06087356205792981,-0.024451603467621933,-0.018814442833449754,-0.003293285535670402,0.04807722859310388,0.014638684875464315,0.07387715364567661,0.042385696260902335,-0.030316007313481292
0.012909169993360888,-0.046748095565573695,-0.03216078676271161,0.0027721410294751624,0.027089407430167838,-0.030375777682771367,-0.03739247193892172,-0.006969457112644462,-0.005402511972324348,0.34012149630636807,-0.004687011815270807,0.012046773895767119,-0.01982961792815244,0.03209202986089571,-0.01925825530388643,0.02619044840950052,0.0013799745619250713,0.005163576451892145,-0.021514839133947018,-0.0037513852039672293,0.00928521828782105,0.01883684634562805,-0.04386565603577494,-3.974598473641712,0.0,6.11632776932299e-05,0.007713727436234127,-0.04991705843915057,0.04209744650072403,0.155314712799215,0.0027922468944389677,-0.00011634155461521466,0.0016485090834912326,-0.03538480382761609,0.0008527328682710258,-4.735777816355837e-05,-0.1915448066888929,-0.3858369924645377,-0.9597459991392737,0.04014202452277609,0.05068727304590105,0.07153096724746555,0.005204806098931473,-0.029569836678660245,0.03328070852754242,0.08724458017529452,-0.02840651067924893,0.025640266916594018,0.05233914967631724,-0.03323136251880832,-0.044441417646729896,-0.007670503658774549,0.021912176938998607,0.015055539655099088,-0.01609150833070597,0.005162348191077326,-0.05400149253380179,0.05403261185833771,-0.002966261468952578,-0.04308877733226651,-0.04168547145122529,-0.0672320757896865,-0.00024986289715304847,-0.00028782127401016076,-0.8735105933425839,-0.0038681847474104254,-0.002374655918757806,0.0857961282866066,-0.024825041880318727,0.014314492766925075,-0.9435197803578884,-0.0007393824418873721,0.029941037404477643,0.13189153404573287,0.1625884054834806,-0.6568866396209045,-0.5817790273894328,0.00865983309957541,0.0006492184456153662,0.0005769385861102796,1.0180437893896425e-05,0.060999621611893276,-0.04498122488387205,-0.02151672789771135,-0.018899022129783494,-0.054729372454264805,0.00819196480685523,-0.002090118050718525,1.8340466578945291,0.001223706916481794,0.05573312532787973,0.01096745688872451,-0.016158306082607692,-0.008088856029389403,0.043806318233246495,0.009196392823453362,0.04345894995563175,0.01212548363141851,-0.0331626920670089
0.020644387439641327,0.011309108910131677,-0.029861758934962956,-0.003014312595563282,0.03162506392562177,-0.018621054764701966,-0.01790922122589182,-0.017982210941131397,-0.024210471672557386,0.3291915802394962,-0.00547739517554427,-0.004908926086291887,-0.023952525591815023,0.027514566657181345,-0.02608933007451611,0.019163905903562983,0.16967321126883844,0.0035963542187982173,-0.023358063318851586,-0.021195564427027715,-0.0019689865700872875,0.014238138398774894,0.0026855643060621297,-3.7722974157808773,0.0,2.002288938121961e-05,0.00799514428052074,-0.05568187240367714,0.041420843412068774,0.1374978213901299,0.0027088244837367246,-5.0292424131010334e-05,0.0015024138233092322,-0.03228926417916389,0.001239093045872239,-0.0015460332721834891,-0.19227038170684127,-0.4739579861805554,-1.1454602738278987,-0.0570133354322168,0.052298407544031034,0.007098675657278735,0.015560471092634571,-0.009938292994928748,0.017266383498967374,0.09524120346433429,-0.03010510030355371,0.017875813565493576,-0.0029470974684829626,-0.015156009592796412,0.01399952844333037,0.001963214053413738,0.023474286244422597,0.04091651012314536,-0.017635564717778926,-0.008548292238170292,-0.00932004756707236,0.0357541549264505,0.04690414976277402,-0.04522622784754928,0.07927198331065373,-0.07133538019464399,-0.00030456269883510266,-0.0003265512081027786,-0.8367300339512639,-0.0039877378053452895,-0.001691630579624679,-0.005065623107500589,-0.03610573530141863,-0.04832773869558327,-1.0616589633700269,-0.007295039876334568,0.023258405220527557,0.1315628993306208,0.20562212136172164,-0.8814491203002339,-0.7076861646973975,0.013650247548630316,0.0006446119131514944,3.475831981409951e-05,-5.679452396419264e-06,0.06167840379761545,0.07895650826320472,-0.025170522037300067,-0.05812557668026076,-0.014356544677806797,-0.011477879500327887,0.013557880003057214,1.8204477995566062,0.0007986338591661603,0.05795831025031801,0.007768163358445661,-0.018953380513214685,-0.0031226998997050635,0.022846560314697197,0.009202471459098156,0.02597669132299821,0.020341547336754688,0.0651965828731289
-0.048693259276338156,0.048196091679870344,-0.04218501070450502,-0.007195097507431504,0.027856945077965274,-0.026057323274907777,-0.013418212491222666,-0.016695979262766007,-0.014779928668214547,0.3370273401888971,-0.006067350355093177,-0.006728104023313175,-0.014286963846352765,0.028831972635301798,-0.0254970723519668,0.02184695984206819,0.18542274125293118,0.003812092759702467,-0.04048674594978612,-0.020632124727654733,0.01420823437044602,0.018821046351737942,0.009841388492211823,-4.326776719312907,0.0,-0.0003677889616270826,0.007755848648351602,0.035468372142508406,0.10181979916648093,0.19021567346534005,0.0026148215798133386,0.00038430775589574185,0.0015132296993776758,-0.029867108889178456,0.0008200721727416637,-0.002113548691309938,-0.19074117854140854,-0.3579348639293266,-1.031689242995936,0.5954420545207411,0.04221570569888382,-0.018400234646525092,0.010567013498233876,-0.051337645322612764,-0.0031407167046462927,0.04170015785181316,-0.022307726092946213,-0.05649783231986542,-0.005951481990322166,-0.02313252634850332,-0.048745907271476326,-0.0016845813356380522,0.026063099213197605,0.04763666094871514,-0.03756331988928698,-0.09460964126341594,-0.053683338976474454,0.049469325942488325,-0.0034608926160817144,-0.05662222049999362,0.0009481464852811571,-0.07132783882036056,-0.00024965827395901844,-0.00021918687405060884,-0.9425724260020428,-0.0041552580594493,-0.0024178561618007277,0.09933223145722878,-0.017745135013188845,0.04984030605713252,-0.9079643606124527,0.006242175458420106,0.02970654675463459,0.13023469253379052,0.20702795566866228,-0.7815306034156103,-0.5655150421971379,0.017624312517151592,0.0006444927069512465,0.0005845672738092453,8.334868589030083e-05,0.017915334047798534,-0.03045658305063771,-0.022420331737113004,-0.031086857277563912,-0.061543921558005095,-0.012243298893954004,-0.012035711055633143,1.7305417295846737,0.00042096876051276764,0.056933708315875256,-0.021906589873027297,-0.020899394342366664,-0.0058627829964608535,0.03070876479099695,0.014669968031317386,0.07469521763657837,0.013015858031828826,-0.030750233253092986
0.01778531411131493,-0.019027366432682057,-0.03142008362103362,0.0027354713753637194,-0.0108522763246591,0.1522941575780285,0.346326584824726,-0.00015020268759185628,-0.005635183830219452,0.3223138119058705,-0.010897329100693267,0.011244327603156447,-0.022659155386797022,-0.0074133239920654796,0.6844891028321147,0.02537930852680798,0.1651515926508782,0.002840378366331837,-0.024527056918371957,0.6843190521846783,-0.0013658577324217078,0.013969311621387388,-0.0428468402688936,-3.4926133731427624,0.0,-0.0004046213205031445,0.007687995680402241,-0.0553275073702658,-0.03591658449110711,0.11495430108971672,0.00276185367406174,0.0002995764175509888,0.0014857069009005107,-0.03867793355963996,0.0009717469070942072,-0.00047821640144435763,-0.18932221425990092,-0.3930142439035965,-1.6814009534680925,-0.04563515800239721,0.05401191038557073,-0.013161292510903828,0.015820835234302402,-0.009870035363768667,0.028025423457660164,0.0438166556346596,-0.021410826500099345,-0.08143507830812415,0.006578242135058141,-0.012296390056935313,0.011859464273963182,0.0014692335317370907,0.026730915914850058,0.04549578467345129,-0.007537504551027153,-0.008373276997389396,-0.0518904422236029,0.052219973697164454,0.06310909245699985,-0.0434684322896109,-0.0363458950050504,1.4094373607779704,-0.000254275349718492,-0.0002072109201744066,-0.9251165796616997,-0.0038529868145709377,-0.002038753485226614,0.06737763764429652,-0.030132036888881154,0.02394305081577228,-0.9469736501916965,0.0004166405351885778,0.030077225467591825,0.1822002080871099,0.20691370558089503,-1.8297037849122397,-2.5723647896889656,0.01683471137794146,0.0007286684936475871,0.0005150811417179537,-6.188867560384545e-05,0.06481593077023139,0.028924317129347656,-0.01440002748400045,-0.011972824553050621,-0.022050511578211293,-0.011515653274139054,-0.005006841682852895,1.7565803262911688,0.001306760278534223,0.06368303001919266,-0.02667656243031751,-0.017057823251947553,-0.0052418525807841725,0.030207389595075417,0.012934218874153056,0.046848806521256545,0.04118203238248149,-0.031153195078656437
-0.048648513858110046,0.047307772668519744,-0.03385080924977316,0.004956280937623141,0.027099304216623002,-0.03369162338394683,-0.015158667183510954,-0.016915015362060172,-0.012877908275015098,0.3411445847164141,-0.005895100296318662,-0.007180258999703518,-0.01265276423865504,0.03133473298440944,-0.025604588040831842,0.022072943825127873,0.18481646302540095,0.0045965255929408385,-0.03950081130841852,-0.023067042017064877,0.007616075679217702,0.019218013728042983,0.009401785110187806,-4.267894269640201,0.0,-0.00036953480024363696,0.007691194120434214,-0.021824741271937044,0.10461455139835112,0.18338165942310344,0.002612555938946849,0.00022217541966458492,0.0014828780168970616,-0.0298687820003476,0.0007833873537547906,-0.0021109106103124197,-0.1908015938431864,-0.363566168447536,-1.7432325637159503,0.5787177622452461,0.04299265402441289,-0.016428725742454017,0.018180977837839507,-0.05121806829414022,-0.003069515799787325,0.040426568071742726,-0.020170837714147995,-0.056896429479174136,-0.005073150352586922,-0.019611029404560446,-0.04665687628400409,0.002103117560952331,0.02934095178777288,0.04771643333632523,-0.03812916878229642,-0.0648396039066607,-0.053402762013315376,0.0474431212847468,-0.0037759241093139138,-0.05641584132973173,0.02177679375383898,1.4238488802772347,-0.0002555900265833791,-0.00025219561683973297,-0.9334502048418372,-0.004154470146987797,-0.0021849365085682072,0.08859703489266443,-0.018651711840396327,0.022610238662492402,-0.9094240014594055,0.0049889085924425805,0.02798291334084868,0.1409221885372194,0.1910588188670987,-0.7794224676147274,-1.4217900321014776,0.018608093684412838,0.0006444927192203084,0.0004879102444980512,-5.089009905774489e-05,0.01801369137332239,-0.024458464002544325,-0.02097307335109918,-0.038451919130880634,-0.06656995514220902,-0.009346469620669911,0.001961859219133127,1.7344588325089851,0.0005776493592966469,0.0568839774752588,-0.021783936439936563,-0.018677666875999362,-0.004339540111904094,0.025638868406682707,0.012288782774758809,0.07483233226507276,0.02204684859230597,-0.032708237492300715
-0.020149291292891558,0.04249893112097655,-0.035532781256274,-0.007613416656281257,0.030451115899284526,-0.03285206169453274,-0.03523905655252807,-0.0014465507002869066,-0.008463027173138415,0.3255954519408674,0.0193801001246365,-0.0048235517979780835,-0.011539247071821494,0.027278736829007926,-0.03141188497772916,0.01938780569209215,-0.002196890337308096,0.004299860817290493,-0.028108527741633218,-0.021360995627582806,0.0003549601698727529,0.013374196012498226,0.005046727256856411,-4.523142483492589,0.0,2.1004231135721874e-05,0.007768742805453087,-0.009374983322589188,0.08804569394253028,0.17665853460851666,0.0024130144113320017,-0.00032209702305575194,0.0015044394138671148,-0.030462964657679666,0.0010587578272893263,-0.0006125727519869594,-0.19202531825686403,-0.5280674270766562,-0.9814606485576954,0.5467882823770986,0.04653434461033917,0.0018501676100049311,0.0014855493960986613,0.005416961779918737,0.030827663802333028,0.021941316624532435,-0.018476313096503022,-0.060735076448629875,0.0033250021896435514,-0.022859558278044517,-0.04354045096296771,-0.025848867061655276,0.025327140905423977,0.03571092928563865,0.22471757585247878,0.004356901783656796,-0.05336741474000239,0.0518456278877889,0.003921054344183738,-0.06738647398073996,-0.039794235928085224,-0.0668162340163891,-0.00031335589837705474,-0.00031553191871981564,-0.9858970193749363,-0.004270988938092035,-0.002561081121076838,-0.00602623231961427,-0.04844544437178725,0.023088795792573256,-1.094634196948496,0.006537386158936761,0.028790695541715934,0.1576318331072422,0.22851149635933043,-0.6089636048973945,-0.6108409627902771,0.01904416252017278,0.0006392818301830575,3.571777996571086e-05,-0.00024502919152084065,0.00863672701002572,-0.03042014444677086,-0.0042617203535876,-0.020036907329187805,-0.05987137907748913,-0.012197015764232069,0.0026367702921281195,1.8251663303468189,0.000733493947382947,0.052404997967286766,-0.012269877937404956,-0.014817889505234327,-0.005702144969175441,0.038984318372491805,0.008024258606766737,0.07125863558476175,0.03916631356679214,0.06270682841058323
0.013032964431312653,-0.03865567169031392,-0.0425130865057823,-0.007969628485388005,0.03208780686860963,-0.02611622759079301,-0.016843399616243267,-0.018095053307481596,-0.018921299014655002,0.3352191972159054,-0.00874972667784615,-0.0069381863093872335,-0.014135373871962226,0.026265868669171865,-0.029391145187355434,0.021867474470910996,-0.0021498862126510454,0.006110675536174352,-0.023255645787870847,-0.019535056414265266,-0.016819648506153664,0.01707632326414892,-0.0013332445393827981,-4.334832016468984,0.0,-1.9779225222992994e-05,0.00786586270279516,0.046076979469651176,-0.09169834686147292,0.16882191995905182,0.002679463463249645,8.511483283327175e-05,0.0015341742501129383,-0.03362515375300224,0.0008779103057081556,-0.0004455349685260439,-0.19089415569053375,-0.35530457164583995,-0.979064849290132,0.4999109660030028,0.04681061303262811,0.0010902131247101578,0.00201418197401988,-0.03395819580878007,0.012658038433053187,0.09384219596452176,-0.034084876626749264,0.04038087669326598,-0.0027971040142982426,-0.02219227688246665,0.02075124641587666,0.01572320525921778,0.017324279884021992,0.03382437006893728,-0.03847298449064903,0.002557967002106742,-0.05377516884765281,0.051516784523221795,0.06149481335688221,-0.036449584550425684,-0.010913794584581266,-0.07244943834581395,-0.000291807968272543,-0.0004050983864713141,-0.896313391115169,-0.004046590439887979,-0.0024837824290206705,-0.005402888346103738,-0.02524332643669035,0.01655530609134023,-1.0178528363573687,-0.0069842875223234055,0.02720690547554073,0.02575782546987953,0.2570282566050137,-0.5893165232350048,-0.7168285160943472,0.03292426684938422,0.0006393990560928188,1.9966209449529567e-05,1.7509241666965578e-05,-0.00542953437352403,0.047486907173272634,-0.023088796538897137,-0.02064185961616902,-0.07340924656275301,-0.0077760891156089095,0.006785224728533061,1.8109126121428392,0.0010581271536570702,0.05904866572260579,-0.02724053189635511,-0.012790609237123036,-0.0017674244146042165,0.02039360577878302,0.016279164788431482,0.08583135364563525,0.0158636178584683,-0.03490970155031688
0.023112178919207294,0.0162246746920772,-0.04457232969142353,-0.00564118067634999,0.03145303156034948,-0.022790037759281595,-0.01810263363885772,-0.018283623270408805,-0.02383435773834169,0.33376134087255643,-0.005174346280307572,-0.004898881459115485,-0.024352474504892103,0.026909453824215758,-0.025986115976730235,0.023470337356477876,0.1706109744371424,0.003609854461830406,-0.023136042555639103,-0.022321247863129435,-0.0022410264256166905,0.014870463423600795,0.0030842524935615592,-3.7659551625447536,0.0,2.1437761067774786e-05,0.007887561964522737,-0.05611465770997962,0.042821325090920785,0.12856547266229146,0.0027084046902284284,-4.8972591497442224e-05,0.001521026567035118,-0.03574701946258613,0.001224782035704146,-0.00198010484486382,-0.19218085471023527,-0.34849995125357913,-1.145380268179419,-0.05843376653996686,0.04832394692584051,0.004518536891583312,0.005715578256876478,-0.009784586374663897,0.017488484807158748,0.09448789060071278,-0.029607468625325765,0.01647550476396344,-0.0041844311619125924,-0.015116974699873336,0.01426176947544383,0.0021376264071567264,0.02371807617667178,0.04232242067882274,-0.018121247756292064,-0.008304492349693366,-0.05213025813926435,0.054711002482667206,0.04776838712802818,-0.045573816261189684,0.09231950026974726,-0.06421358963517584,-0.00029593708758111903,-0.0003250365558883725,-0.9133769478058704,-0.003909535998782703,-0.0024300481137875694,-0.004940263869644275,-0.035271154585924974,0.04826853569084863,-1.0551364185905645,-0.0064748138619422115,0.029099558997956833,0.1265565301326407,0.2032336294221288,-0.8850487104849407,-0.7252195201666253,0.013827384067863123,0.0006411386649622511,3.7469277445455834e-05,-5.611680228559371e-05,0.06187769543984237,0.07951061704258429,-0.02458350211178167,-0.05621727769239031,-0.01470125607602361,-0.011290412444464559,0.011745072698052902,1.8132891235786401,0.0009118485831521169,0.055174368770749334,0.005509502625023459,-0.02119478955366465,-0.004746483627863371,0.024895592372200202,0.010258320643782216,0.026865595111620004,0.020497621284156567,-0.031424331161627114
0.01842822180333919,-0.004372893671004877,-0.033977614331424516,-0.005446875168390914,0.03143591432101905,-0.03082177624190053,-0.03714573503992254,0.002637929725182706,-0.01756450327721372,0.3248078642537735,-0.000870700219317434,0.011224753585426014,-0.013496890968602203,-0.004714725347821888,-0.030364954010858074,0.02120089696270643,-0.003658993793634971,0.005933856263056602,-0.024176420484420622,0.6860626902320994,0.007875267882956167,0.015594756178129674,-0.03896718770069321,-3.983473538993261,0.0,-0.0010481516738516908,0.007735313556769729,-0.026741649202000763,-0.03195247737848121,0.12290244885538547,0.0027265434937926787,0.00017732934135301196,0.0012798642291373995,-0.03620661319266061,0.0008786977046297058,-0.0015912097503120348,-0.18799264158450277,-0.4023190609519648,-0.9781369215910684,0.06669456298530907,0.04774000786004816,0.09447324635786658,0.004109221226634906,-0.012510332586964337,0.0062518909403842466,0.0869040410467614,-0.031213180364905273,-0.05419148800994331,0.0040917580439510095,-0.0216142191558348,0.01467688129744803,-0.002495079623195319,0.011753473617481663,0.024473003789193246,-0.040659356190578325,-0.06093288229690654,-0.0526472362784711,0.04492345573045761,0.0012173932299019041,-0.039007181947088194,0.0038919360897705785,-0.07351849119434384,-0.0002635007782655569,-0.00023715847643134133,-0.8822091612467058,-0.0039213533063523175,-0.0024824585622565754,0.04970159039380536,-0.024284196109854394,0.01160410118225848,-1.0799751383320741,-0.0007224900945768789,0.027145458893223968,0.11338764636075839,0.2211126818186116,-0.6160590978595503,-1.2692904526092676,0.011631444852262274,0.0009755993926639615,0.00021087870709923573,4.1622663665855476e-05,0.0015572058762761017,-0.021585394263720574,-0.015657071013147002,-0.0470879983669491,-0.06355981511945699,0.17218965672850622,0.01766171260286272,1.804656061974472,-0.00012751363207156652,0.05911151376858227,-0.014036502320080612,-0.022777793539315947,-0.005547306827889153,0.050339331477955745,0.008097767481404807,0.07290010715171326,0.03490013399878426,-0.035462708556879795
-0.023869683203043234,0.0556251687007459,-0.044866818840107243,-0.004722686446022393,0.025275561259804503,-0.027641439120969696,-0.0374096702907673,-0.006041141112063935,-0.012313344522317835,0.3356610236084004,-0.004105894688187485,0.011162592513468348,-0.014058578532972295,0.027097823062300085,-0.03011070631644572,0.02249501076717278,-0.004652981503462441,0.005622446822243756,-0.023868280564881224,0.6820628504907722,-0.013104624653741955,0.019145951480300155,-0.0009040998547889577,-4.046142437632433,0.0,-0.0007762878518619216,0.007805997814331848,-0.04358024801633073,0.04021582407337982,0.156929910408445,0.002765755664238114,0.00021163219509419344,0.0015149220769955245,-0.0353176880221656,0.0008186908745549057,-0.0006679550134583352,-0.18927648702979197,-0.43575431114553664,-0.9690667551282198,0.050946390899330826,0.03554454148583702,0.08800935138960544,0.01547817101015112,-0.04863919872741013,-0.011411817946423078,0.08886710461645322,0.011748122476978339,0.05567943747363979,0.05136645519184069,-0.033691402660153455,-0.04370681790015003,-0.005657933143174069,0.030202529532372034,0.01701030103185283,0.1646439731516249,-0.015268160034873622,-0.0532148238758812,0.04882300355082915,0.0679868410985287,-0.03831035696751056,0.004194721194585835,-0.07372175648332907,-0.00025366957419850926,-0.00025174021642798006,-0.9443630198337853,-0.0038688430834213474,-0.002382258240687881,0.0560937786894403,-0.01551193280066635,0.04796645524020902,-1.2243300501972478,0.00038400527421974455,0.02576859984231025,0.1528684169642319,0.17558347619774575,-0.766298103535567,-1.210733168089888,0.009481034526960128,0.0007066383760738664,0.00018201739138994896,-1.294842035989689e-06,0.05169220927921158,-0.05145486855669795,-0.019570600555402027,-0.04156942485618712,-0.059427460503263516,-0.0020822738028649364,-0.007597863837142601,1.8410519924663833,-0.00011853219202923601,0.059337377110360245,0.008662404205721227,0.0028550123355838126,-0.004401320311770374,0.034562290483590864,0.009300725480935745,0.0591280306482103,0.03070073937574585,-0.03327722461494929
0.019369385292051334,-0.0027418651205535606,-0.03381108158121713,-0.004068410023560816,0.031269666855625856,-0.032820822193673355,-0.036978942041998954,0.002782404334157152,-0.012697075715572277,0.3246822485498036,-0.0007437545783774757,0.01104014357545717,-0.015087927361856518,-0.0053403501027638675,-0.029694740872155886,0.016057404478886313,-0.004263391560049962,0.006811575709332111,-0.024666134527852195,0.6862749553491194,0.006100789644300923,0.01628940732578456,0.007572970517649674,-3.8681333250973995,0.0,-0.0010475612954121394,0.007741851076161733,-0.026067192914073424,-0.03261601720560696,0.11521340086838955,0.0027256616836286445,0.0002850953905958736,0.0011818470544065457,-0.031019131200176277,0.0009293317032175203,-0.0015917756606243986,-0.18798689086831963,-0.5288120182503268,-0.9711802740300448,0.0710850220857555,0.03605086070506438,0.09223414305642565,0.0052977984270027095,-0.00833750916917997,0.006890858300027955,0.08810564916223054,-0.031074257896822794,-0.05358459291736704,0.004646927840111443,-0.021686627999294508,0.014659383971148857,-0.0005843783297002265,0.014219752194084912,0.025431541204643294,-0.03974904408444847,-0.06116269714810852,-0.05198622530608292,0.04585809157118132,0.001071138970358388,-0.05798024694352521,-0.0029314610492894113,-0.06504499169259055,-0.00026343498266209075,-0.0002208939703131667,-0.9137773762425345,-0.0039978783228422615,-0.0025736259594079033,0.06795758183739797,-0.024642228663277428,0.014099138413264727,-0.9016060157579658,-0.0006854496416815631,0.029129450624989957,0.11493981314719244,0.21594539149405637,-0.6180051178713145,-1.288193629075263,0.010623251764211711,0.0009755993926639615,0.00035409989368239287,-5.5621271499752986e-05,0.000600339514796424,-0.021319910330729705,-0.015570128442779297,-0.0658212031092724,-0.061392359863028045,-0.010330143492088441,0.017144461179141764,1.792483954235463,0.00041751055369047656,0.06033365103983979,-0.015874000257413062,0.010521170276260223,-0.007212694041047537,0.05095749650614208,0.008683129353683892,0.07314417238866755,0.03142373499358378,0.06447800032944193
0.015332250631441226,-0.018576135551083534,-0.04215193288987286,-0.005305485318250209,-0.009961635368863374,-0.017908654499831696,-0.03208356069103598,0.0065004866574589195,-0.018010628071760716,0.30208412338446594,-0.008787644655248983,0.006417779969754192,-0.011317310346909701,0.00670840475995769,-0.028639735032687245,0.021498346588523103,0.15267649203234632,0.002553829497842718,0.00046917311769401504,0.6751403032311598,0.1318648644303185,0.01726282344699758,0.0050497507131788445,-3.3289434086366696,0.0,-0.00019390764152088993,0.00837787846097198,-0.019056141615817097,-0.03946503214368589,0.09636941875867809,0.0018584867247480954,0.0001025113744721285,0.0014476643014580384,-0.03292600970782238,0.0006581562249789903,-0.001421316190026362,-0.17821013397106805,-0.38005812279947815,-0.9933078632709924,-0.1792976797297932,0.023827846366561465,-0.01351298609859299,0.0006412767448315052,0.00743154113701666,0.01660097802929441,0.09646617202369062,-0.012295006957436698,-0.052463806117431254,-0.002803712791683993,-0.023628400245976452,-0.04759410083065623,0.004247611794770058,0.036634524608382436,0.027956509247213678,-0.03292726877227917,-0.08453868038125556,-0.05276343819346701,0.05353279341361349,0.06496439241567258,-0.06728321373762702,-0.07625534323840921,-0.07426315340238276,-0.00026004689677257736,-0.0002322394330962983,-0.9634973684285881,-0.0038747416311133214,-0.0023643584490063243,0.0748912195701043,-0.02565107754671898,0.021484422052045888,-1.1139672032428263,-0.00046708857744160435,0.02557558932649614,0.12448927766785502,0.17194113649404535,-0.7743829397150014,-1.3805572323808646,0.0157975829234422,0.0007298849838993059,0.000201225842658662,-2.8460226515476537e-05,0.05629827162085068,0.07304045093318816,-0.00803002664272014,-0.02285455386959358,-0.025198550291261293,0.035134126658792494,0.010367832204302412,1.6758961412980813,-0.00025410360534375574,0.06204095996763339,-0.022648524064548443,-0.018459920144393623,-0.004922293188516775,0.05479450809884054,0.017161878718248116,0.07384823035322843,0.044531066998711975,-0.03209785879365751
-0.009725347604808745,-0.03535905744045023,0.050539990828296986,-0.0044681981808174735,0.026183133164480198,-0.02419198469932476,-0.012300749637890341,-0.017904260725825124,-0.023752471330044895,0.3384622069741889,-0.009483541409682661,-0.006780208527615211,-0.006572675034912568,0.004453745960260339,-0.029738944874497197,0.02310281804226989,0.16962745204978422,0.005664448352152981,-0.03407713308215286,-0.020323373875463846,-0.0016040553723889925,0.018238869853203426,0.005906117835246413,-3.7836817756082364,0.0,-0.0007309612072316483,0.007748085151470651,0.00827093567110038,-0.037155988152372164,0.11301107633313129,0.0027675417621344633,-1.6915150428051163e-05,0.0014825510807231906,-0.03578513697799572,0.001374529473723715,-0.00180029767415563,-0.19211705866989268,-0.38804959850655885,-1.179466858401854,-0.04745020187987407,0.040544548123086985,-0.013898436030734545,0.003497790152065823,-0.038672350588791274,0.03307338918450036,0.09212891820809586,-0.02075508095267513,-0.012553365465105859,-0.0029901201879096173,-0.01656175560552615,0.020886579120979586,-0.0171469992798223,0.02720773557897039,-0.022271019140681202,0.23655405970766277,0.004797612161501832,-0.05114813195845397,0.05302969822159236,0.03955838075434838,-0.038549577702921556,0.04811328785862455,-0.059718081121559276,-0.00025711497705494126,-0.000218894281008358,-0.9376915314281133,-0.003922072996068546,-0.002412497209927555,0.07305110710223134,-0.02830958612344621,0.025580764450974836,-1.1976737785409575,0.0024284569681622334,0.029282906109004754,0.11701736680184052,0.2674136758852026,-0.7372302470094962,-0.7204241422757576,0.01617700909622076,0.000659663885785909,7.856829697670711e-05,0.000331255456407291,0.0005103895071719269,0.051513231038234526,-0.015497561585877933,-0.014581626956942166,-0.019762949449176358,-0.009704260453218493,0.010333156548340106,1.892138908908925,0.0004961227058797629,0.05788074121029859,-0.014596231148422085,-0.02154309068234371,-0.0024765072436765943,0.022186137719905002,0.00451099755171762,0.04841118692975243,0.03329093670723562,-0.030643165199164983
0.019346366475586033,-0.022151294614245663,-0.04025307911765276,0.002585900957519179,-0.009225852848575047,-0.023347637916199693,-0.031811243793619104,0.0069689545250305705,-0.019536105401351447,0.2983338019775479,-0.008559339411370138,0.005878124915400219,-0.012580204458514613,0.005016640264381757,-0.02911016040503167,0.021055510686525735,0.15535248336670243,0.0032511051279908885,0.0012083266361202659,0.6746856259594123,0.13146968006947465,0.016247038001663387,0.00619459560189392,-3.342527282169496,0.0,-0.0002926413253694973,0.008377079307174271,0.016478875497811015,-0.04047715025231995,0.10338916799775537,0.0018588525632044909,0.0006730854116308167,0.0013536853989705928,-0.03640610161776564,0.0006257513879728512,-0.001419139339445468,-0.17818400037047719,-0.3843773085099947,-0.983712321863683,-0.20770753130688807,0.01938828028093487,-0.016742566200158945,0.009093212279894137,0.006801507911616458,0.018498992217873423,0.09625527965208369,-0.013788705122117292,-0.051989906472886586,-0.005072910473374944,-0.020823401526334964,-0.046176213761691516,0.008676069131062796,0.03937410346920484,0.022391389122892832,-0.03322043993135758,-0.11096512337010904,-0.05240468839728805,0.053387012259833076,0.06636399226929159,-0.049249349991362226,-0.06281379440976666,-0.06443331027616839,-0.00025481001312666095,-0.00023106961563482944,-0.9372785974592072,-0.0038750688410906144,-0.002359453650507753,0.058652640245942717,-0.026339956737000035,0.046461159334709,-1.2287929786478344,-0.0002125189266722416,0.026717612123685813,0.12361738169580808,0.18627950386994208,-0.7682643697024246,-1.3669547789942316,0.014406831365829884,0.0007301531209235972,0.0003846717361931496,-4.030278929704972e-05,0.056533054729218817,0.06879583442735512,-0.006126149076667921,-0.017721042382584543,-0.02754916742549834,-0.00867789808286692,0.01143211225575901,1.7456098926035761,0.00033976668189183046,0.04640876209123233,-0.022285676844975667,-0.022073602952023985,-0.003253248920127145,0.04274586701149057,0.015690300067286063,0.07417129450971548,0.04277027712520203,-0.03218876613803959
0.018442979532609503,-0.02003853296627932,-0.04383000822028692,-0.0017856982921244887,0.031245179846405506,-0.0253125834654756,-0.022654704924894346,-0.020240538959801605,-0.014090683795625676,0.34399695690898513,0.005673497044904681,-0.004866951678043777,-0.023325331699127108,0.02643966746702496,-0.026681568960764134,0.023999912483318633,0.165222102217098,0.005496933205757842,0.02233456748198162,-0.020341522142250417,-0.0006200226834528959,0.01636262756469793,-0.04171851831285689,-3.813614236158883,0.0,1.9561579864127036e-05,0.007760256521208225,-0.05563843676201898,-0.03492422811886681,0.14069909735422256,0.0026268636808604597,-0.00018508339678584258,0.001475865378534783,-0.034845621448447495,0.0010107144343135548,-0.0009003767379520751,-0.1878547883504781,-0.36594723993115885,-0.9736189624790782,0.06212531935912859,0.06553330952340847,-0.006699495659693655,0.0010028439590298256,0.00013300477377183164,0.0013394315547241857,0.09472052755844176,-0.030942727825285746,-0.02023367065553677,0.00476739813766859,-0.01744952673673016,0.019595782309967353,0.00517785114867272,0.028097446130012756,0.05275436794187173,-0.037254926745719036,-0.010840266874148137,-0.05130540636045237,0.045415435079458846,0.021931612576904395,-0.040359516932292214,0.0014037515433329806,-0.07444086682787726,-0.000317942537933731,-0.0003192593775916688,-1.0036806570684105,-0.003949035936787903,-0.0024450408035197567,-0.005298986830173248,-0.05704579597768643,0.01944672642044013,-0.9666333412100064,-0.007121254694060972,0.028353005426429437,0.09876001582226458,0.21443872622658872,-1.0741311995789047,-0.7784198097187803,0.015584051683590467,0.0006395394413705339,2.064281980858026e-05,-0.0002595526739236999,0.06142402611850514,0.05615656920989109,-0.030837096658082486,-0.024604131047830203,-0.059902331933768906,-0.011201911629964843,0.007701869811691793,1.802777119248683,0.0011109202996250516,0.05748102902251964,-0.010026649521725385,0.29382576483260664,-0.005550039242628032,0.0264042046022498,0.01024315152965852,0.06770359268396249,0.018158019612402578,-0.03298170939516648
0.021246707029765236,-0.003814534655972478,-0.033683026724992474,-0.005024533657509237,0.03160294474577131,-0.030817905317253175,-0.03702731238377811,0.0028434080874681013,-0.01676041740795127,0.32433653714124744,-0.0008612577024938428,0.010847800052226447,-0.013496785138365405,-0.0028039032464634408,-0.02988578775004289,0.021186340436068762,-0.005871822302213711,0.006830247497790274,-0.0246401065145111,0.6877597978180473,0.006171264179715477,0.015850890283508952,0.007094339923706577,-3.964204368189421,0.0,-0.001049797726507803,0.007689376924242009,-0.027428306060284326,-0.03291113953600251,0.12284734935148699,0.002725771477972615,0.000278512248864966,0.0012313078376483995,-0.0336312942815634,0.0008457865026161495,-0.0020237488767522373,-0.1879142934251124,-0.4023427521208882,-0.9697881727543686,0.06150633094729451,0.0426729754016502,0.0928047333330653,0.005181516779548322,-0.008148799776630815,0.0066924428825377354,0.0867898312830853,-0.029550932624627796,-0.0544623738279767,0.00434863716827647,-0.02188049969912196,0.014960913181762094,0.00010051482480047714,0.014375896638706276,0.02453122130426631,-0.040586505271979184,-0.06344669631937865,-0.0524740288756878,0.045465480679641866,0.0012195765573860598,-0.05783099584135975,0.0038814558027210518,-0.07324106196641215,-0.00026022186088655257,-0.00023502824529117537,-0.8939901676981855,-0.003921351524992608,-0.0024792045897456738,0.06022427041093982,-0.02408122592337814,0.017974137080513222,-0.9129560772886465,-0.0004852028542459741,0.027530365624889974,0.11518492128367704,0.2197304409952081,-0.6225292052967583,-1.2670726087956556,0.011667627484144526,0.000892207398057574,0.00020312062849425067,-3.1910646890915134e-05,0.0015303402741264698,-0.021722303207640535,-0.014132294593534087,-0.0465423664554233,-0.06284827071446195,-0.0028086934925775063,0.017985325061622707,1.8005005107516296,0.00028514386201389697,0.05868971767489927,-0.01362986486732753,-0.022609764293327332,-0.005633414180599226,0.05086051281162605,0.00826369606966142,0.0730711543266119,0.03142664643287972,-0.0362668928605949
0.029694147899440623,0.0014350107988069377,-0.03959272149891501,-0.0065883351570154,0.03050100667297921,-0.026794642220659724,-0.018463032634949535,-0.016158339073581232,-0.016234717415998245,0.3379710974757401,-0.003425927782555039,-0.0051674786076558775,-0.011547742852045923,0.029627586963098883,-0.016353845268075762,0.020573752922094422,0.002421237190527853,0.006728111329297442,-0.022995420863598705,-0.02254269401558111,-0.003371227205356524,0.01846074095408011,0.0034213359133600765,-3.8480159091775565,0.0,-0.0008971809229829332,0.00776064546430075,-0.05628595228299573,0.039603937183439616,0.121551855469377,0.002643340889516658,2.904416760088647e-05,0.0010415378071091481,-0.03575971685223741,0.0009414769324376038,-0.0007435531978509541,-0.1909388965592243,-0.3745516936274272,-0.9192305676413214,-0.06169623290151541,0.05196468978994537,0.00839931742071335,0.014296912371013862,-0.0355343972993585,0.00944541324485481,0.04164915562347362,-0.03351836985663233,-0.05770239244161859,0.00475604086884029,-0.02101753019782343,0.01581869754286214,0.0030629644430318665,-0.026880203088317768,0.04359234066390421,-0.016258984106229658,-0.007402891045005854,-0.05301068295996589,0.053120603430906126,-0.005834697478199547,-0.03696923913040487,-0.0014733543035866787,-0.07345428080549304,-0.0002636771311169361,-0.00018892212401502818,-0.8939900515822815,-0.003910633386310311,-0.002440743382230352,0.06039090952877453,-0.026403304185353308,0.020576355569886406,-1.017585413501021,-0.0017161474417639049,0.02691103585583022,0.15037064082550117,0.1957979854554527,-0.6006943056971565,-0.717802488830569,0.0126557090131406,0.0006423992583103656,-0.0004811844860738625,-1.181126494416314e-05,-0.006086490827616322,0.0787639922903494,-0.022067648231922934,-0.0538390926116336,-0.021256710539092356,-0.008629805069344696,0.007734571275790957,1.85673655939751,0.0001623528502959317,0.05619724413445331,0.0051686508130100945,-0.023589141131090053,-0.0035023114354846745,0.017353688293362864,0.016819092288042237,0.028676143589868607,0.016902652375524324,-0.03446578328250624
0.019042776987034677,-0.007277267920801467,-0.03237805620337485,0.001674326043009404,0.031571131679849755,-0.026742294027847904,-0.03768185282338334,0.003179431453561474,-0.017333518547385428,0.32547241229944485,-0.0012095136069337497,0.010255595929229713,-0.01296148864359351,-0.0036857035553118462,-0.029911080363305163,0.01817774643186504,-0.0036250903739446067,0.005366086996455958,-0.024694533257372347,0.6853154921281512,0.006359849339944366,0.016754087479202293,0.014218288544432776,-4.1873362370357805,0.0,-0.0012777232799032283,0.007665639232828233,-0.027333500040208403,-0.0337888325563515,0.1303739119955649,0.002772401109732098,0.00018114920638881353,0.0013187308337095415,-0.036202869627555055,0.0008796840596954323,-0.0015913968977256487,-0.18801747239505248,-0.40734054001804015,-0.9572292384889409,0.05973006041525344,0.042586890322447266,0.07555954332785321,0.0032339656301490515,-0.009175082580952544,0.008466126430828606,0.15036437576499637,-0.0302490544211218,-0.05475938529927556,0.004793341951845751,-0.021518563880196656,0.014054037449777538,-0.002468249349474476,0.010564229695384035,0.024925141109731916,-0.04024343802328387,-0.060801737010583334,-0.052450058511587454,0.04586296096510956,0.0012802534130295722,-0.03851239757736328,0.004230703563813493,-0.07506459608990357,-0.00026189483675141396,-0.0002389259143951313,-0.7663131851709091,-0.0039213514760625765,-0.0024807920266211774,-0.027277158052878708,-0.030185216717960397,0.1275522481909483,-1.015641578895806,-0.07815245778351926,0.02723902992178704,0.10232199603543779,0.23010962828376316,-0.5912873261066305,-1.2617121648462992,0.011567642193395926,0.0009755805079008371,0.00024309934583446088,-4.0863671605566555e-05,0.0011409578574080816,-0.01996601299453575,-0.014533620729792219,-0.05172454719984666,-0.06580751452299648,-0.010230893380527331,0.013328513785328525,1.9400224620001394,0.0002807471009752606,0.06672524676160524,-0.016811399737862713,-0.018738462236953517,-0.003987017718844954,0.045521074974903944,0.005082429498172596,0.0730344519533776,0.030645445003531675,-0.03602599937696236
-0.02036003661235208,-0.043961442272708234,-0.029440401148380577,-0.0058000783061817555,-0.010823511217974572,-0.019153549261204515,0.3469735668266821,-0.008210840443624329,-0.006801510333482284,0.3401772944903042,0.016708485714813644,0.014402700316453323,-0.006080710627419159,0.0044531670441288855,0.7006805351597071,0.024586573406682383,0.15771177668724357,0.005392957420687387,-0.02339529337531789,0.6844886362988786,-0.001271510341756551,0.01247944303237008,-0.044515867036138176,-3.677082482879476,0.0,2.1098220193446403e-05,0.007919740323964544,-0.05873416286620293,-0.036913747260018726,0.11502212826170896,0.0025880788021771122,-0.00011406792830732358,0.001561083031786082,-0.03951755974244192,0.0011775535160912305,-0.0004674745156166963,-0.18917063923670213,-0.40845839976856974,-0.904741580720948,-0.029315243549694392,0.04845432127357169,-0.009225647015721584,0.0015095805166910445,-0.03614312051104898,-0.01569944758398166,0.09897035104021189,-0.021438330795303696,0.006837965965099746,0.05340915471533454,-0.031482729673346296,0.01444942327818461,0.011537742458235942,-0.017047985522631946,0.008874800000941156,0.20400215656213067,-0.031064815914429302,-0.0536240814026158,0.05210105464185549,0.026902851416739867,-0.044176967713864077,-0.041352750447543975,-0.07531247973015091,-0.0003043015973503957,-0.00032644355065672404,-0.9268656821843927,-0.0039025053208693967,-0.0025193016975104893,-0.0050477618361598215,-0.023846081982892297,0.016198633054226093,-1.1488464896081738,-0.004853199953324765,0.02870550509952875,0.1421642453686325,0.20168294049944863,-1.695145460431372,-1.6954028615626353,0.015161215127523614,0.0008830987685086207,2.4425603942936955e-05,3.576085192525837e-05,0.001662961778242784,0.04547301336911298,-0.014097409375001228,-0.005014212008190894,-0.015049714185839733,-0.011252651765381483,-0.009595462400417172,1.8540306735461356,0.0008239752441973728,0.060662649993658876,-0.019397227050745706,-0.019528167192904965,-0.006698545239224448,0.04163332102364412,0.004680835487762486,0.06064319239870526,0.10171323401660315,-0.032881899246404195
0.014571304375388864,0.047706885696760376,-0.02715428696674868,0.01145131792928499,0.031265367442958075,-0.028818187088056366,0.3485113381851846,-0.01833309947943549,-0.01185972943068454,0.32534595172416725,-0.00025295150276813004,-0.006213730691629253,-0.011378721915760528,0.0019618172141585176,0.694414198982695,0.017322364062661005,-0.003507983136686103,0.0071635627793550415,-0.029063318839205137,-0.022626730347890155,0.005676688918210244,0.015199554406604199,0.003620353940240987,-3.4599761470337596,0.0,0.00010560295944759556,0.007961160463086652,-0.01380876841705678,0.03717785100073314,0.12612198974352617,0.0027399791533248277,-0.00019024267659842835,0.0015114036598438741,-0.029780766516637257,0.001110585771871828,-0.002258376769365908,-0.18649015019567194,-0.4944723974427922,-0.9432882570175883,0.02183878074449653,0.044959730099057606,0.010422883767128936,0.0013777731110156143,-0.05062138995383057,0.016799792367863074,0.09306527211656587,-0.03524428523154662,0.1024669540906059,0.004789546762956503,-0.019491029522136497,0.018531411197217698,-0.0011969134950425655,0.019011971951967077,0.018237193724008543,-0.015498726009922748,-0.0675963874541208,-0.05290262517238951,0.051553545940883405,0.01708997258221123,-0.0457868747282323,-0.007626363105465606,-0.07341998600769448,-0.00029286412627984356,-0.00035884121744127943,-0.9371769694116243,-0.004059723760844536,-0.0025242005296059935,-0.0031617608087460758,-0.02766777117352082,0.026366924959194637,-1.010964550354712,-0.0076465155243444225,0.027801951105082937,0.020819780031995576,0.20202873650099681,-2.424121751348263,-0.9383826512440802,0.010526347191744103,0.0008828419716109293,4.69549619803649e-05,-1.2873344628047595e-05,0.006821037198210375,-0.04710060136709579,-0.027294685972520733,-0.014990974419817525,-0.051385751250961474,-0.0008488937982910408,0.03809691940141308,1.7623526005802543,0.0006925330607422541,0.05671879366826131,0.0031130025789669422,0.271892189947317,-0.0002973236373516277,0.03606038834925817,0.007730487704325174,0.07199777127257434,0.03616521262501407,0.5207809282219878
0.021133217985870745,-0.0071972612447456724,-0.03544631194432593,0.0034480353260245363,0.025540770405646573,-0.02592948659827999,-0.03626725905202938,-0.00042533576841607496,-0.016595635217922653,-0.0339818783055211,0.003987198849968372,0.009922546273706489,-0.025557206927323953,0.0011908766830940132,-0.030284780361633786,0.027545684602079602,0.16483669264736947,0.005810253647574294,-0.021838530806824265,0.6894682244356762,0.008496215674176636,0.00862716013856891,0.007394313595484502,-3.5850475413822154,0.0,-0.0006074723327472848,0.007686332332561796,-0.023232940274527075,-0.03357894061304983,0.12786232037788042,0.0026983051336617867,6.075413451548886e-05,0.001258175685734792,-0.03640321426787801,0.0012751436967425528,-0.00202329802577247,-0.18922507065245875,-0.4067626441988424,-0.9530096136819101,-0.04840280722867572,0.04343021658428434,-0.01186384617938024,0.015722538571586342,-0.008567704870443492,0.010407252477552031,0.08982396688817233,-0.028885259889056856,-0.054450623105985134,0.0036513262310957266,-0.019665928048513148,-0.05088493849687954,-0.003464933746099429,0.023480833337521843,0.03372628477418004,-0.04030752983249941,-0.0669554203562185,-0.052655464317479125,0.052081233545822836,0.01871245951600582,-0.049519490143319626,-0.017893728136817506,-0.07295157485670441,-0.0002605041156604076,-0.00020351720199752012,-0.9512219054113604,-0.003920256962687025,-0.0024361899389843244,0.05733030784686525,-0.029750070976996855,0.04747461354446395,-0.7308899282506196,3.410065968029557e-05,0.029867403461661134,0.1089137146581058,0.22616566149076006,-0.7918785515625881,-1.307667555768615,0.012194698778614423,0.0009755393690223676,0.00037870973702988913,-5.31010166216472e-05,0.06251868193904309,-0.04688655199365898,-0.010009534542777443,-0.020117506264575986,-0.023291270332507705,-0.009858383275330652,0.015509466503440084,1.8335769721660677,0.00048550199987623606,0.04925093351550931,-0.013244642672483849,-0.021929316465158763,-0.0043290060888892395,0.035717178655473324,0.0029492743481089835,0.07140608046093472,0.030112265839403997,-0.03107384206967785
0.01358093539865867,-0.020209030392108553,-0.04498210305331701,0.0024433656191668734,0.030877637626318753,-0.02685879523420801,-0.033133831999365,-0.017230553787934193,-0.02711403841542788,0.3346177147799682,0.0014046693654244913,0.012963194588337248,-0.010662506722538241,0.03187589990712881,-0.020403952466096224,0.023383292307202708,0.15040844679334975,0.008513659400794129,-0.02316232922128519,0.0019166332149013919,0.13499828726054278,0.019614788186261257,-0.0424413661512939,-4.0045009379436305,0.0,-0.0010463222261631493,0.007686393474984488,0.022695494493156377,-0.036887646545480754,0.14032591933519237,0.002750174330327955,0.0009128735453158533,0.0014807861138607407,-0.0357630767309748,0.0011803899156473613,-0.000708891879501493,-0.1921900285291982,-0.3845293474725418,-0.9827741513365678,-0.02103281358429432,0.04784526404993806,-0.015301722805585774,0.002664200825309261,0.011528278468326656,0.03338166516928711,0.09201610331312494,-0.022696029290554757,-0.05177086754070819,-0.0022302738541366313,-0.012212776221936509,0.01204700119017982,0.003440115424448943,0.030116386299022378,0.054127052425336324,-0.03212910109524604,0.0019410842798334921,-0.052807510687156826,0.05265209017781136,-0.004177868509044258,-0.042449633676280914,0.006257247769642768,-0.071840117229895,-0.00025337828196501976,-0.0002122267167996916,-0.9124738730654844,-0.003875937074253778,-0.0024120448780965177,0.07796908924552255,-0.027563787456031608,0.04780168603970408,-1.0791655655158723,-0.00024997762625532605,0.029355536867868043,0.10154867623842684,0.24108428277863922,-0.8222503492904435,-0.72669887880573,0.014260721819891629,0.0006389396645358771,-6.285717225212146e-05,0.00018750830727772688,0.05678608758771648,0.07955191896346393,-0.004580399231334325,-0.05326262471088643,-0.021933663627983026,0.00160441974842419,0.0101343042935837,1.8724198829731389,0.00041096248934938476,0.0586194504595017,-0.01668973638697605,-0.02283465922939888,-0.004852150251739999,0.03655617624036972,0.006012962200782059,0.07427146462483644,0.026358131071405798,-0.029485610305475033
-0.04846181428880392,0.04601366788701281,-0.03945812810415319,-0.007072333703416443,0.027189561615014235,-0.017368813526502696,-0.013452887635983716,-0.016595459109719973,-0.0146537086696606,0.34047847942592124,-0.0065627528236518375,-0.00673665700773946,-0.012315187479442923,0.029223065233486948,-0.025521130205971843,0.021741508155422945,0.1854701092149918,0.004014074537659095,-0.03961565739164277,-0.022200349192505842,0.014626565728497179,0.019036604455743667,0.009242466641742268,-4.343868222208249,0.0,-0.00040558036148746946,0.007688679885188376,-0.030902379330133088,0.10458033432929321,0.18405094993720925,0.0026141000276826143,0.00023067885781220604,0.0015037710848213996,-0.02986656148953446,0.000797061837052362,-0.0021114867151107663,-0.1908162792581536,-0.35920768598321506,-1.0189210785299647,0.5770888963797565,0.04317612170181031,-0.015680428428164726,0.017999139492726992,-0.051261972996432426,-0.0022878951600770283,0.04038948862302198,-0.021872689016013382,-0.059382871388478836,-0.005484659952678343,-0.023042303787281195,-0.04642354665598653,0.003204152789027375,0.02789707342182266,0.04855097023365388,-0.03884093156098193,-0.06511874842404403,-0.05355346597293825,0.04772476727792207,-0.0032154532913930118,-0.05702664018592461,0.009812035979752252,-0.06152407607917288,-0.00025433439259738575,-0.00025065051948962243,-0.9262592727897415,-0.004154470146987797,-0.002525872036876487,0.09295639889374999,-0.018843882296676308,0.02323482459423502,-0.9230770021234096,0.0055548046303462465,0.02795505783797169,0.13583315018702938,0.18982833245993022,-0.7776400646601206,-0.5415264553296275,0.01865089494893096,0.0006447507499029628,0.00048772965323123354,9.406884715831523e-05,0.017393395959929697,-0.029884072733783053,-0.022556309303139788,-0.029548208090103528,-0.06210785712971628,-0.010465557573464596,0.0009969206278182849,1.7357497440270895,0.0005426446607655806,0.05546783910157689,-0.023169474540575663,-0.018053978151754392,-0.004876493481650287,0.0275980791447032,0.011805969112698407,0.07470462431500186,0.01583151380181641,-0.03295094184521942
0.01827540850856929,0.08289249013450005,-0.04086829910557158,0.0006838231878174665,0.031491547541577555,0.9945869708528834,-0.023927387177733638,-0.018311492311022578,-0.014074426777615931,0.3437809434814629,0.0027427381690764805,-0.0046706085759134685,-0.023213250597778068,0.026287994652555876,-0.02644039632266445,0.024096040519310826,0.16547992363331693,0.005079270257402128,0.006144660079504813,-0.020140854412944918,4.7579815472367e-05,0.01653176418215484,-0.0005135567051114853,-3.914539376303822,0.0,1.500323862051528e-05,0.008061169282691133,0.030126940780084686,-0.035869991501642565,-0.07015479106608302,0.0017441098580049843,0.0016809673655512145,0.0018370832436312952,-0.03569326224365719,0.0009774402311697147,-0.0007469294785616587,-0.19230696746480969,-0.37177005997475066,-0.9584595188518601,0.05576674143510791,0.047172670534420764,-0.007289334027530234,0.013920476073113459,-0.00030052464658235616,0.003165789199145896,0.09471090409044358,-0.030993516752690405,-0.058811197465478776,0.006602964601178898,-0.01751517029445676,0.019005670917697066,0.006352025640868859,0.032926524427278066,0.045428449534381125,-0.03912084461459686,-2.9854971409328182e-05,-0.0513789663432643,0.04528267320949375,0.022247258056268142,-0.04168478700951359,-0.0013011187820819725,-0.07388663666112714,-0.00031797207068030067,-0.00033207008329553487,-1.8652449644854863,-0.003914890052438907,-0.0024472320625334608,-0.005673277018753087,-0.06278890786344206,0.019679072751146064,-1.0725018689824017,-0.0061678080295251925,0.031313366222202134,0.10779887733033097,0.2267193095588659,-0.9132910264182418,-0.695332080750949,0.015328642528841039,0.0006395394413705339,2.2471696171720415e-05,-0.00021662330137570037,0.05637892250119474,0.04862655459959531,-0.013986437880626795,-0.018456147388935473,-0.05782609063735745,-0.008721259984439511,0.01156116532337227,1.913165130310424,0.0008221199693460093,0.061768836922484166,-0.014348064907553117,-0.022883709582674504,-0.0027552583857873656,0.03669341244206965,0.009915308889996035,0.06768335149111876,0.0144017067829548,-0.03264857152024766
-0.022956664826356242,0.05211507838162642,-0.04268383451842669,-0.004990956003831237,0.02607150408808528,-0.02137780109225751,-0.03631164643929673,-0.005117374384146195,-0.010148784650717708,0.33793360821256885,-0.004205167592748817,0.01246751667273365,-0.014768185884279564,0.02665595206512041,-0.03036757998760324,0.01769195090436365,-0.004605411067823419,0.004863666064048461,-0.021508847069989307,0.6841140645031855,-0.014095645888886406,0.01658553010450841,-0.005062225151117485,-4.1164892999452505,0.0,-4.163834977394664e-05,0.007776853140802226,0.031764866066986856,0.0397934099865061,0.14961512321090614,0.002793523575504205,0.0014008462631580842,0.0018098352532595206,-0.03273446278859909,0.0008188973667363323,-0.0006661512198814108,-0.189281587929978,-0.5633486662190783,-0.9319754918364881,0.06292914001289159,0.03907302479153596,0.0883431736567689,-7.588601558806653e-05,-0.04874778046014753,-0.010439546570990955,0.08990438361777521,0.010914763796796708,0.06240814350478322,0.04518896239771794,-0.033052405411105636,-0.0553118586026889,-0.0016299867745535276,0.0274961558914954,0.01591179351333863,0.16334707255105502,-0.004368523349345576,-0.0533792117834313,0.048481669473870205,0.07207393501878928,-0.04063365900206097,-0.003501415276551445,-0.0625728616787609,-0.00024189580633337656,-0.00023785428076143826,-0.9171685086517646,-0.003950199806722265,-0.0023805577369102804,0.0785633631895176,-0.02176425548985319,0.029771483332464117,-1.2185652808915346,0.0017345757279740705,0.03408589059075344,0.14571606017979136,0.20745020051117616,-0.7520287804383008,-1.2316053259195978,0.009912087405103296,0.0006446875213955645,0.0008080632701956381,3.679219777017346e-08,0.04762654086180042,-0.049044069910572995,-0.020999740902109376,-0.04502767234005187,-0.055607808621186285,-0.012380323176707723,-0.008839428507970955,1.8706432673044333,0.0004335058244125643,0.0596250039601363,0.008240764880239015,0.012720754440340883,-0.005773282031037077,0.04589721938568408,0.011428092948254273,0.059704201769335434,0.029337579938413814,0.06760377229998588
0.043088439929679846,-0.02229966848859548,-0.03791035158488585,-0.005502310258759383,0.030579886017787085,-0.02642338421347019,-0.01944559554212045,-0.01726480604330629,-0.030500584680194415,0.33846492890288316,0.024389133792158478,-0.003524406212821761,-0.0006437938704616446,0.031508341376977805,-0.01320240043994024,0.02113977645411133,0.15682516380013323,0.006573632124790643,-0.022517781028117315,-0.019925854140691642,0.1334735994231939,0.01962096775456997,0.005545617877726467,-3.8456087490146205,0.0,-0.0013618652423247597,0.007689387907918906,0.0041818905476179915,-0.037894629704697806,0.14262853423507452,0.0026650178542561138,0.00026535526183740446,0.001477084561440168,-0.03312681804739331,0.001001659130409575,-0.0007220856391467091,-0.1909741075609989,-0.35386193400513405,-0.9689752863982838,-0.03319090418544651,0.05025694136841048,0.0033691122401914905,0.003048109550395063,-0.009010717952818168,-0.012800527835170217,-0.01694592976905472,-0.022072864407656448,-0.04873328243865661,0.00303152111209473,-0.02090578251713214,-0.04333150316143473,-0.0004495564613114833,0.028676598997304258,0.0513710802864327,-0.036133892645194385,0.00580166780248917,-0.054943088138016946,0.051858422853820134,-0.004171263290590507,-0.060441658449877186,0.0028852396517424017,-0.07262490907938643,-0.0002596535175578893,-0.00018978609877132752,-0.898989151575312,-0.0038635572869620298,-0.0024337309206662336,0.07558542092931135,-0.024166019711505997,0.019861999559555858,-1.0407259192989353,0.005343964764384914,0.02755741598117293,0.16099123535291895,0.20354440247094466,-0.8138904325601231,-0.6664447672721671,0.014711536414915634,0.0006389710085825848,-0.0002314282752373521,-5.1537448459432985e-05,-0.015223580989230046,0.07553954358226733,-0.011545828260238125,-0.05465313495317962,-0.01981809115377262,-0.007975097832404455,-0.005114577216899275,1.786660515079812,0.0003404038206003281,0.05691504491722017,-0.013718837184393757,-0.022783059762664756,-0.004714791112413655,0.035828485461047464,0.005334002140972277,0.06619333670584308,0.02712313563953881,-0.03185745039332045
0.018575948391106968,-0.011584110231082481,-0.03191548839006001,-0.020234030304966115,0.025902238088912632,-0.031237433501491017,-0.036783053659997365,-0.002779317430130158,-0.016997981598145064,-0.03662047685361001,0.001218377773147937,0.009775910159213749,-0.024086597996753726,0.0011113814681048564,-0.031735852316522276,0.027632502541938164,0.16451598933655692,0.005467618450243897,-0.026962566971955395,0.690724077178802,0.008737451553981465,0.008018828457408507,0.006741200613746735,-3.643546800370391,0.0,-0.0006669882070294811,0.007735894838820786,-0.025090655440289218,-0.033552739227713554,0.13987589223613256,0.002700072975889639,4.0156289270573044e-05,0.0011890984854444422,-0.03555535492655498,0.0013143031024887488,-0.0015947442399689704,-0.18484215533536305,-0.40225941989697006,-0.9508955854501558,-0.0415402424400146,0.04774922866540778,-0.010119487151532795,0.015515808912698327,-0.007311649769412851,0.012553691530529505,0.08891061175922492,-0.030585024985545318,-0.055522159468034536,0.003939360501304159,-0.01681854461900943,-0.04983432930781139,-0.0042079193256642205,0.022189465056511495,0.040455335725834624,-0.03917006415290517,-0.06934369150073615,-0.010283632759670019,0.03313752340814932,0.01879309129395933,-0.049218971360353435,-0.0136837484678781,-0.07480131876260655,-0.0002597074567577064,-0.00020095417801855702,-0.8302390338444383,-0.003949610713639783,-0.0017258528128634154,0.04281593787875819,-0.02827290929011852,-0.04866355539332774,-0.7366863655205942,-0.00017512062497137914,0.02461549377937758,0.11166850607371451,0.22792215893823278,-1.095058921255104,-1.301273270050868,0.012942223912086265,0.0008968360346232483,0.0002132402721088139,4.233369546776893e-05,0.06193342235842277,-0.04956067385460364,-0.01793004086583295,-0.023669216298950947,-0.020340707164204816,-0.007367805030530842,0.016665927467791934,1.8338679357043448,0.0002586001791447617,0.06361476278823196,-0.012993625743424145,0.2764855583536915,-0.002896941415937022,0.0330329947138175,0.0021199763765899025,0.07219255256727823,0.035119834929892735,-0.03391002213986364
0.012998557335718223,-0.06460269636405043,-0.0372954368248642,-0.004618227707565526,0.03233378663373701,-0.02284166216552416,-0.019831274584534934,-0.01627177036360059,-0.026473526413153287,0.33238352475300514,0.010777510692155138,-0.00781522330637648,-0.012090518704855868,-0.0027532592170359358,-0.027836272967282433,0.0222203047568173,-0.0015698700546618954,0.0040397570820708715,-0.007315203893304658,-0.020328983800014196,-0.000946962767906664,0.017370193819096016,0.020848323054391497,-3.6586424734644836,0.0,-0.0003187668449806947,0.007667398751795844,-0.016804440426324622,0.040843464737306545,0.10633735316128984,0.0018684488572684819,2.344262511238096e-07,0.0016824026612563476,-0.0317397693112366,0.0006468354724205478,-0.0009903203967541682,-0.18294935201866072,-0.3896335980984026,-1.1131870638377204,-0.06893116057301282,0.04539456496057822,0.09160207586901806,0.013780721707589875,-0.038085259819424594,0.015722393411751873,-0.014833255892544871,-0.024084046148338374,-0.05405520808586815,1.0518456625179722e-05,-0.014166204007214262,0.016815804176028598,-0.021442210094953604,0.028136667193060273,0.01507216641023927,0.1835702105975103,-0.07583665709918433,-0.05083420724785458,0.05246628238234778,0.028143469126552065,-0.038797846784895874,0.0781996622792594,-0.06517470686987265,-0.00025995616029298043,-0.00021475898089807062,-0.9341174205509677,-0.003906535910824247,-0.0024514308827386037,0.06885864681271396,-0.015475110626870035,0.018196246231098924,-1.22472376294614,0.0042869213502482965,0.027240828987949668,0.15844814931754944,0.21594961887343736,-0.8667812252571517,-0.6818306403640878,0.012919558793414969,0.00065424236972589,0.000778198791383145,3.763741444344707e-05,0.037559651386298146,0.04676264528509014,-0.018952719397710545,-0.023118452563757847,-0.023937785076943992,-0.0016627786522381638,-0.010820189432547273,1.7473742139716122,-1.828290753006813e-05,0.055533925711942315,0.0021136958383078217,0.27256869969127756,-0.003318741906905871,0.02757999048010358,0.0077785304683892775,0.05491927580445322,0.040671346444616695,-0.03442654371666416
0.014719463804796872,0.05102641663265243,-0.029184724395234386,-0.005090623195223725,0.031054049169438765,-0.02927919859732251,0.3486084312161732,-0.015580101595316536,-0.012175708911787425,0.32593588685743996,-0.0004951098813490275,-0.005093571590594108,-0.011584448910486043,0.000979502856983264,0.6946665475318549,0.022385981919527887,-0.0038013620033161637,0.007160190625862594,-0.02991549174490379,-0.02273661746239151,0.005510706804127646,0.016276677037038813,-0.045495537790571375,-3.5483954980419066,0.0,6.295011909031224e-05,0.008013671933178625,-0.014031919136901064,0.037248502558619716,0.12260375873208704,0.002651581622625634,-0.00018821501904924716,0.0016339061793881043,-0.03373772687898159,0.0010982692758133587,-0.0022587759484350043,-0.19096201066814394,-0.36781257935749884,-0.9520925456889614,0.027464127021395314,0.04978286692645692,0.010228487895164123,0.0006943608197450694,-0.05069189197095913,0.012756221442537734,0.09149889841117954,-0.0349110878855621,0.08270044979889711,0.005800212884525514,-0.019480659826858995,0.018097199758053475,-0.0011728459378533705,0.019261582592090105,0.017244643685427465,-0.016182715485692716,-0.0658754243625971,-0.05283324729011824,0.05228718831626085,0.01706807701880279,-0.0457332921195511,-0.011173450350126294,-0.07716482578046059,-0.00030198552662166506,-0.00036005220882308613,-0.9438368657189448,-0.003982373312779195,-0.002532145935639778,-0.004236161805798468,-0.02840627851578157,0.024312923011344783,-0.9025552870261806,-0.007574831568991997,0.027145520890707986,0.014060006042374664,0.20367309435812822,-1.9103653127786642,-0.944398100264371,0.01060928117509993,0.0008828622100809398,4.9195229533045205e-05,8.263742891809913e-05,0.006691708445280849,-0.04751232587958279,-0.027799813705655867,-0.01767932142806015,-0.052704142565537355,-0.008337447223140683,0.03828514511293327,1.7151187231525298,0.0007342296589126593,0.060044895994578136,0.0017536349823387648,0.2729659044959497,-0.003293791171490825,0.04228647865850547,0.009106084807072132,0.07218395044164361,0.0376123168233674,-0.035832157507835825
0.043735735330946095,-0.022047867767636252,-0.03782644762206067,-0.005057391444599468,0.03065905073707865,-0.027026225578364906,-0.020746374892077726,-0.01703598504415019,-0.030317617703973215,0.3395651497939677,0.024115235279722712,-0.003585640381999684,-0.00039054931953791844,0.03218001665737903,-0.013235719938967706,0.021225112488489174,0.15696364177529404,0.006658237006730518,-0.02372508535695654,-0.021722218027187466,0.13302021063506156,0.018606103124828393,0.008095547227560652,-3.6657653441356395,0.0,-0.0010906533927582927,0.007689845866831611,-0.0555171002241684,-0.03659916494959241,0.14417864884871084,0.0026643969650436586,0.00023514083359328414,0.0014482036634812724,-0.03312650711668806,0.0010027189324311348,-0.0007217982376556605,-0.1909695693037198,-0.35525432399588514,-0.9452476116805347,-0.035298758814629135,0.04639490890677012,0.0053197955188256174,0.00561443961061204,-0.008997325058036446,-0.012864909160430786,-0.0169460279480271,-0.022186344566862054,-0.04871537930663106,0.0031640804278255394,-0.02360453390902577,-0.042717689432869264,-0.0004688613987068021,0.030480427680970132,0.05157671545462383,-0.03636006024932891,-0.0044712706123756175,-0.05467078577870507,0.05194391804791213,-0.0035361929434613738,-0.060289071311425815,0.0030958644287078286,-0.07173082507355814,-0.0002599069009344629,-0.00018040404197336513,-0.9147270734533134,-0.0038635572869620298,-0.002426153792630037,0.08180481420793471,-0.02324823015015739,0.02183207739732934,-1.0390116682396093,0.005280499330843041,0.029377894715757184,0.16823633247216588,0.15892331362302065,-0.8107320886424346,-0.6662734662701277,0.014475248339298724,0.0006525838308174064,-0.0002340905808462814,-4.338850481683909e-05,-0.015482041536085431,0.07738795275782107,-0.011582411496581325,-0.05416430070763827,-0.018190511299655245,-0.010490691717246675,-0.004305402317255537,1.7354191501095737,0.0003381901567706229,0.05704254365785821,-0.013522796893313083,-0.021812834111969732,-0.005194443242251828,0.03792827517950663,0.005424481807382357,0.06637197551228365,0.027930422425270954,-0.03238451734988434
-0.017160146695774762,0.03689672324125048,-0.031976463259013856,0.005186614543807694,0.027489580767228048,-0.031265734095312955,-0.03514893889434492,-0.0176756914295664,-0.015273423587306328,0.3220365262269295,-0.008059146646545938,-0.005242051829952974,-0.016732387073212333,0.02866507704974454,-0.03021726216804273,0.019734084173749847,0.13531144104014747,0.004822962932496201,-0.028137098639546398,-0.02173907990761013,0.003177814462737496,0.01596120395860909,0.008695062485100623,-4.42878313741231,0.0,-0.0006652535875763952,0.007689817173945422,-0.04416775307801405,0.09561161048065617,0.16577709274649452,0.002531309174806851,-5.165646870735261e-05,0.0014096223922710155,-0.030509354142274597,0.0011381976347648404,-0.0006900909055152593,-0.19257469163193797,-0.5422408989230115,-0.9814320119124305,0.5696598178611193,0.04996413143190132,-0.017353953752814285,0.003908020385090676,-0.01157661146404765,-0.005451025293675858,0.022289588956068807,0.014232847460479479,-0.052942718929808376,0.0037912071541895856,-0.013893884759639203,0.015852897591818984,-0.03942648211217935,0.030785860456773173,0.029461983453945344,0.2056775946065366,-0.009079942707167013,-0.05305103758192641,0.046369051439763734,0.051046007710340555,-0.060224551810864085,-0.0004361380097343198,-0.0777428432468637,-0.00025978815078245813,-0.00025058518061419515,-0.9852324913404794,-0.004269456426637129,-0.0023270686670821103,0.06614134211333049,-0.023228133607036936,0.023322772886876265,-1.1453635897577314,0.0070890462303375415,0.028831797963205834,0.15529153355715836,0.24790086432005928,-1.1996755866273272,-0.5615660608620264,0.021654200870141724,0.0006447507555011098,0.0003373395137771126,-5.0804916732455636e-05,0.052694559653027974,-0.049776888650857505,-0.004067466333053128,-0.041963620996838036,-0.06744254131253562,-0.011068272221662918,0.0016431676980012467,1.7605187027735425,0.00022453696123762008,0.04808995155834282,-0.016851729146195475,-0.01885017204131994,-0.004719052409746289,0.031565181140589336,0.01106982830622149,0.07101926272797963,0.04058481228833942,0.4674443742659705
-0.016965993138827403,0.00605112071670034,-0.030160956834596468,0.002823495201677102,0.03174747102020102,0.12983077421533032,-0.016275903810943296,-0.017653287363099405,-0.017901216708875664,0.33376304127625217,-0.003956279588246246,-0.008913345876983158,-0.009639410172510078,0.028954292229689694,-0.02656586181972351,0.022041230053657223,-0.002909000689890202,0.004630750821543476,-0.036688465361734424,-0.02066068569489785,-0.005462051519428696,0.017796530601283698,-0.00027164770450006714,-3.8490956614502267,0.0,1.6694020851409493e-05,0.007922765266897227,0.015835956806008734,0.03878180996001336,0.1454417110353424,0.002693179940776387,0.0002129875799553703,0.0015684448546119847,-0.03253019131553166,0.0009505016599689207,-0.0017985103546962308,-0.19213782929936868,-0.39301551755264585,-0.9395156376624831,0.03024368975759199,0.04490916464491945,-0.009347979163981758,0.015028803029478207,-0.009694169128660394,0.0050186936572099924,0.09737643628163509,-0.03207040602627782,-0.015937010952775398,-0.0043741925246169565,-0.027165053516930937,0.015363570997360314,0.0120933379297435,-0.019489910603598004,0.03782333649635817,0.18852755068804847,-0.09370426967876659,-0.05280212291812443,0.04630969027216062,0.002717973829056713,-0.038368461760792366,-0.0042514954159945445,-0.07170553832377373,-0.0003043853118187687,-0.00040673605296204007,-0.8490224110669071,-0.003915621662247166,-0.0025547831141190308,-0.0042232748881097446,-0.03568172983981078,0.015142164332368436,-1.2128741383091297,-0.008420068357923161,0.02911636857795029,0.10290590168646788,0.21648974547713612,-0.76026709210796,-0.6901015806342328,0.009988672071611008,0.0006409036839067713,2.923476082041209e-05,6.733068425069793e-05,0.0029378498158785194,0.07192279464556571,-0.022622449657542985,-0.055608258432309474,-0.056977461790499305,-0.007114849693385451,0.01514680962469307,1.8766571323065206,0.0005077772817288632,0.05398578614361085,0.000748326959752764,-0.02476697252434528,-0.0031770835146689128,0.01316032610676896,-0.0014418468624737622,0.043902682152258135,0.031438191129616246,-0.035095819040728504
-0.02376706670036356,0.057160505531084926,-0.03845443210599763,0.002722792847545395,0.02538186569142634,-0.03099686296997272,-0.037707142301374584,-0.0054865717620421525,-0.01479552634533927,0.3383432749968476,-0.004119556181404845,0.0122790324694276,-0.013102741943879859,0.02731760584406773,-0.03141474443102898,0.02277738146154047,-0.004048586457168927,0.005480327033681266,-0.02396308237573131,0.6829396520865215,-0.013007762449133336,0.01784686117836476,0.007903884195125097,-4.021917229167472,0.0,-0.0006551072573627102,0.007815242401438766,-0.05817393679009693,0.040088559190509576,0.1532025580425417,0.0027659741135857476,0.0004714568537225912,0.0016513973043167096,-0.03274005167312171,0.0008137850801619847,-0.0006663054631142038,-0.18936382485597725,-0.4419406011051471,-0.9607124853318186,0.062382646897962156,0.045213768574928745,0.0842314806694748,0.0043341931801333,-0.04842678676551909,-0.010767426604648127,0.08663201765272358,0.011475962038924304,0.05632304474196703,0.04293836812457107,-0.03404278981217489,-0.04506969483155659,-0.0035083832479171437,0.03011241507389903,0.01294806312505632,0.16438298736750911,-0.01508376710369819,-0.05361861965825388,0.048339412974143584,0.06867593197809135,-0.05936222030108927,0.0033852409835301673,-0.06947177602903944,-0.00025503087815782,-0.0002525161131553038,-0.9079806098281586,-0.0038688344181821883,-0.002348139423943522,0.05732553223626055,-0.022661869342146736,0.026092987310093515,-1.1390395128051907,0.0009830806049316173,0.032064446849934654,0.13808334069542433,0.17839043412676678,-0.7503053916895068,-1.218425489394644,0.00956908281091644,0.0007066406289006229,0.00035197875143389793,1.0184671095646212e-05,0.04563293492056558,-0.05081705914671918,-0.01934038615018087,-0.029844965951453667,-0.060742800498118324,-0.010876766153763467,-0.0062693190322797325,1.7689413401951444,0.00030121041866634736,0.056240151791742084,0.0072532673830879735,-0.022501108155357084,-0.006257419647132044,0.046508735441184446,0.009851573038088975,0.059847053884877585,0.03308105587666511,-0.036069354396484836
0.015030367322267781,-0.029770924633376692,-0.04662769529668642,0.0021641161547300016,-0.008556900296981798,-0.02133265118994541,-0.03172096017399754,0.007812752559870746,-0.01859765026142235,0.30292272111495194,-0.008822029817236133,0.006955463638197972,0.004008529273683521,0.007347607372575827,-0.019682743771576867,0.019786611179994643,0.1568342683968388,0.0025806255331509904,0.0010878445385191678,0.6748863901441798,0.13398511081860232,0.017803262667044736,-0.002154266420280434,-3.323314559211476,0.0,0.000366204030332989,0.008987681411922136,-0.00837142403250578,-0.03924870155378545,0.09936488319186096,0.0017520292695642605,2.225821060884199e-05,0.002039778063555477,-0.03629182489787118,0.000793306777760695,-0.0014586075055069338,-0.17794805959177024,-0.5357161832669126,-0.9598007333840524,-0.1857159248502574,0.02601474219543359,-0.011313702957012478,0.00096090283518996,0.012859225067318196,0.021482321756641016,0.20412901882511053,-0.01423344971792752,-0.00872034220545401,-0.005281355754486693,-0.022909074074290554,-0.03864659288824462,0.007535304357367586,0.038336804364375525,0.024596504998715542,0.18197618171791197,-0.0830382249331137,-0.05211317689875609,0.05365671300673489,0.005742341010685817,-0.04480052488237294,-0.0823535455155831,-0.07274424376226085,-0.0003085826167424663,-0.00033333310766523063,-0.9446511325594398,-0.003874381510619176,-0.0026162072876308113,-0.004725304851906855,-0.06598019356020085,0.020958997505368098,-1.3785218804069443,-0.006384718343896892,0.028987747869579424,0.11917951022520279,0.1701545723685638,-0.7841793206733941,-1.369086792846909,0.01499353473755274,0.0006400791718671617,2.8682056645909572e-05,5.3996586780025864e-05,0.0011494712857920335,0.06580714905431403,-0.00701335209619902,-0.02334998885631015,-0.022396629211725125,-0.0028288031561625395,0.009725155826057423,1.7679334389044972,9.6923703754877e-05,0.0639500098328601,-0.023592246310237017,-0.02055383284165744,-0.0025697084904683087,0.04968375859903784,0.010960311207322432,0.06615302566096037,0.06305223118709671,-0.030704142059830165
0.012542308733702781,-0.00113759743346737,-0.03797461961231832,0.0027961243454713287,0.03284614712100424,-0.029171441253890967,-0.029811978110341312,-0.015872379759232415,-0.024675859424861862,0.3064342738806555,-0.01105868929069141,-0.00498484095556538,-0.02084217482753101,0.030666825796036665,-0.01516220068748427,0.018710988707042752,0.17153175516346258,0.003610470531806089,-0.002042433366244109,-0.02069620681264815,0.0040542479688964765,0.0176011817173005,-0.0009982941578758834,-3.66464464191202,0.0,0.00033936201491674547,0.007886427376216002,-0.009896288307467005,0.044699545050946546,0.1319269880081053,0.001721428946483817,-0.00011693596227908944,0.0010807162194694804,-0.029947981462783647,0.0006062386609903021,-0.0012238940813516883,-0.11258077654574043,-0.4881995800125566,-1.1090619579210215,-0.058614980319530254,0.04397670763831496,0.09981546303460345,0.014296709239945435,-0.03400332154160173,0.03075578568470081,0.028871912123758427,-0.018129459577375977,-0.05396449936354793,0.0016570740198627106,-0.017635314042933743,0.011381946650018019,0.0031450973454373366,-0.09592653429919296,0.046461346015747196,-0.013936536068038059,-0.08711137820246982,-0.05125456707014008,0.05300808001994944,0.01874798137917915,-0.021370388184514432,0.06973920123325338,-0.07342820700664293,-0.00031990534291481156,-0.00033373509060450344,-0.9783024421735438,-0.003980179525817175,-0.002530779569067714,-0.006366478605793379,-0.016908857479784718,0.04976080898626364,-1.0754305446266728,0.00783793898483794,0.02632284663087855,0.16458675141115767,0.19182805838905032,-0.7685721871860148,-0.5784831275190278,0.004739588334763106,0.0008849972537962198,7.366887780498635e-05,-0.00022001439369727764,0.057533431390991895,-0.021854594693119365,-0.013765387265693542,-0.040956167814474635,-0.024037488387893224,-0.005848334096111103,-0.027900425060224786,1.7461425831491726,0.00019795670255974448,0.056253822610136596,-0.014530932202713722,-0.021454106553730628,-0.0023142830906565438,0.04234679124270206,0.0024903630693696036,0.043762615946031994,0.01678930197909575,0.06656743222180889
0.032346830480017075,-0.0023471212882724786,-0.023022739265672297,-0.00048374309107795585,0.03088506963322539,-0.011640669240361036,-0.019043264165824195,-0.016357423628398007,-0.015411011494534558,0.32952655146758786,-0.0023768968552552398,-0.004579822651417497,-0.011045243933417336,0.03049617140767347,-0.016432430023294104,0.02085809484467766,0.002289712085726161,0.007027098664595409,-0.02244713873278382,-0.022314923602485735,-0.00496715494034703,0.017331503385695328,0.003295030627593298,-4.0137429399742635,0.0,-0.0007683983919843574,0.007745474451314064,-0.05293889795496251,0.03923656031806072,0.14301321769136285,0.0026432401440633865,0.000335489160346628,0.0011124182504856448,-0.03492620171123882,0.0008930516181810569,-0.0003095535742122378,-0.19095999983269774,-0.3739452757296784,-1.6428091662092263,-0.06393289075402726,0.051419105926533176,0.00836899087963377,0.0021728693713292543,-0.03430327902701176,0.00969633453829431,0.041736081531362726,-0.030734905181676066,-0.05691504877180011,0.005383577434107692,-0.023024826541699683,0.01601818610462133,0.0017788083254692707,-0.021502526669371816,0.04385284419953013,-0.015362678021769403,-0.007276242699160485,-0.00889889805077287,0.034069631005830936,-0.005577082867667886,-0.036709087981058,0.01171820761617544,1.4013353037864602,-0.0002566729277576591,-0.00018475382563786484,-0.8043809355897763,-0.0039117266923781695,-0.0014191361899977579,0.09094281770605467,-0.024690271079289488,0.07106147879175825,-1.011904605851205,-5.419596042920968e-05,0.02382992202965675,0.15259306683342463,0.21760124639489448,-0.5915454091801164,-1.5485631723424618,0.01248204217883577,0.0006467803766057067,4.640074835768207e-06,-1.4702065765604782e-05,-0.00569338923592206,0.058183688816061306,-0.022650995837071194,-0.05212389225897515,-0.018929108115205668,-0.011861531308587345,0.00681909014750301,1.936200034758715,0.00034273171174849606,0.06797543634434301,0.007979798587851502,-0.025146292686853176,-0.0037503858405434384,0.015742282984081875,0.015013137339128747,0.029261359836345372,0.02484619449075516,-0.03477356856004814
-0.02047752498302182,0.17529220703585527,-0.04306860862064537,-0.0058943878552057925,0.038274303042526304,-0.01955604361503096,-0.031712130424023814,-0.018448840562544314,-0.023912150424324447,0.3384847478227155,0.019661619520169846,-0.004977466527216059,0.0014794123987305367,0.029078361948666365,-0.02161599316673034,0.023432377068103433,0.15693276103749154,0.004562005881865082,-0.028098789589859112,-0.02173292994125703,0.13009232816196842,0.018138567778330825,-0.0009260230089796554,-3.2762389560157694,0.0,-1.935950736106898e-06,0.007689249475032558,-0.05160569699487532,-0.036650493675338076,0.1431504477148942,0.002723588483485878,-0.00011802961560245198,0.0014122645038119274,-0.03484128888515553,0.000884167909457942,-0.0007332587062598861,-0.18770727136425966,-0.36110872380039927,-0.9653372230935494,-0.031909754356111,0.05033124884964735,-0.009379570935028782,-0.0005406389317329242,-0.0344747141769693,-0.016567830699874175,0.10016285772184466,-0.023776622485474585,-0.02050081099242824,-0.0032803972137488992,-0.01949416536103311,-0.05062956731662837,0.008154452952434112,1.9208336577314644,0.05820164980938448,0.23079106870593277,-0.007163657131558361,-0.05416320719737045,0.05131746156760452,0.0039258819665757595,-0.02320225656021878,-0.0005854221378618487,-0.07286324217186829,-0.000318113085889773,-0.0003249032473233273,-3.766571215273589,-0.0039022630571164205,-0.0006648645976584529,-0.007235224867478935,-0.021770723540215524,0.021973982195309032,-1.3550223735012727,-0.005203533659446321,0.32821262580860433,0.126844688763198,0.1514887736575103,-1.136817559763424,-0.6542802347594885,0.015857731658034516,0.0006370893976221223,1.1640213586723988e-05,-0.00020285664643592452,0.0033920440248436643,0.07490279845296763,-0.016125460932028393,-0.051787227033347226,-0.017024083306544598,5.1290289079923904e-05,-0.009699682800515827,1.791477294032554,0.000786424007908683,0.053715927335209995,-0.010741833412574493,0.2822505863464642,-0.0037161698563213364,0.029696566867672726,0.007890737044261674,0.06123720931295619,0.05592593153394113,-0.0332018893479333
0.03583140730595966,-0.033174538107255465,0.0524712309091303,-0.004106472937584811,0.03081708373326831,-0.0284442839074042,-0.016983893613474514,-0.018630953080304567,-0.020926680104047454,0.3391363579887026,0.008718862621709102,-0.004893695845687906,0.0010613624610223047,0.025984645008858574,-0.016031089393072216,0.02184876819364441,0.14445178464404088,0.005342651147251336,0.020410254278015218,-0.022405608138736672,0.13128960767429096,0.015224638969582928,-0.04376707785241619,-3.5480749930033353,0.0,-0.0007859146037011838,0.007671245759452673,-0.054183896992829085,-0.03907650393543841,0.13617195516698175,0.0027908685899182325,0.00013971377426098006,0.0010804534400942543,-0.03576685983131636,0.0008659054480180039,-0.0014422195372799614,-0.12047521012497255,-0.3791719085881515,-1.690921717904547,-0.03891761340403984,0.063898777336744,-0.013898969796864643,0.012789051055345248,-0.03442433806106428,0.02038305720828103,0.08712798696768777,-0.03019019172613975,-0.023282856400380338,0.001851908186888111,-0.030039775575009503,0.019914176527429554,-0.0009685067442123604,-0.09383292704614887,0.04605851366401903,-0.027616063908863158,-0.0059831423538009715,-0.011609704496838263,0.035167246209128325,-0.004965189090714933,-0.041632870120135904,-0.05173105213291091,1.3590923083775004,-0.0002602697321605205,-0.00022015344516819628,-0.9132797315300187,-0.003920211240152507,-0.0014075218101674198,0.06713798081310356,-0.029481482964171787,-0.04916421677785346,-1.0468550061751982,-0.0014373420680172176,0.023749482177087586,0.10070651836959768,0.20674282816390246,-0.7409143208811562,-1.6164801073001136,0.014140886340123462,0.0006510536863394216,0.0004800417899772302,-3.1267359007833245e-05,-0.004663216302023363,0.05653830805787768,-0.012526954418784146,-0.047596717780174956,-0.01988543046072249,-0.008326952115777959,0.002595340265092604,1.7719154868588507,0.00038843785902278085,0.06115939286941023,-0.0159032111940223,-0.023378840838783586,-0.006335034782387034,0.03395525418778477,0.0017692476090189302,0.028890522551040698,0.03962473565715226,-0.03276796401945205
-0.017029219120668484,0.03413652228161056,-0.03473697760716341,-0.007288044803882613,0.029735538703117896,-0.03513535760110106,-0.03406774869685596,-0.01779015039491473,-0.013587951681154828,0.322062367657528,-0.007560464526177337,-0.006380198920290039,-0.018651550120409692,0.024783730276908122,-0.030059269391925755,0.019488044531583888,0.12384006227085106,0.004664716286416269,-0.025194808930959278,-0.019983310615412916,-0.0009803130371915454,0.015908123794813604,-0.00865743733410618,-4.505995152933714,0.0,-0.0005397768442957948,0.007762937535037721,0.045624641764100346,0.09982597200354326,0.171475049989201,0.0026226372055189857,0.0005641202505089789,0.0013401736149777378,-0.03310575269319702,0.00108237190107958,-0.0006820810354764502,-0.19249615849998164,-0.5366691546707542,-1.6873390597736604,0.5834418342533699,0.04464428967364618,-0.015418191854279374,0.00104947539914975,-0.010122776335138844,-0.005354093090967134,0.02388444355614927,0.014437672545303176,-0.05207273680725074,0.0015959487611985302,-0.013754254580231107,0.015633280150824744,-0.038878833338866305,0.028979176156014863,0.030167964782731104,0.21011374504925615,0.001129313522157605,-0.05285595833312363,0.04598951504295493,0.051622092406809775,-0.04090716938866485,0.0033775487376943624,1.4196236700958174,-0.0002559414118186072,-0.00024721731628163124,-0.9787749960873724,-0.004275650229655071,-0.0020675091531147218,0.07311565807309958,-0.022818319616377467,0.023941373194417782,-1.223183350151801,0.005327334071751913,0.028721203547509726,0.16783884181644207,0.2931267266986553,-1.1703894442101312,-1.4570531733314784,0.019789530631598818,0.000706408044651315,0.0008501983994887386,-6.942225366311448e-05,0.05237203424735946,-0.04709303468449283,-0.00421816348595952,-0.03242952342147038,-0.06263641799696629,-0.009748886875118183,-0.010112418390811385,1.8340802065105406,0.0004166723679502398,0.05192715693818103,-0.014705217778130511,-0.019293821622145914,-0.0022463374320747334,0.02606503754760905,0.01580371666669868,0.07116299592061805,0.047948556407950406,0.46887514077664116
0.012938069148624363,-0.04907147550418531,-0.020691181778410273,-0.0026351445991852204,0.027223767732783632,-0.03180481651201978,-0.037331129795826014,-0.00722927696025146,-0.00098137197262282,0.3306246513357026,-0.0037536353780618344,0.01087068166919381,-0.019480237777357374,0.023703251108336258,-0.019537531134883386,0.026466406762347273,0.0006564596352585118,0.005239546143608988,-0.02027318005052197,-0.001855546512733863,0.00924773019995136,0.01883559382075061,0.0019100011434805679,-4.197804630786671,0.0,5.582096877008676e-05,0.007747220860677234,0.03448570799609821,0.043255977337508494,0.17254832524079822,0.002792137100094997,0.00012371157820609087,0.0015712583332083015,-0.035382753841689624,0.000881467211562896,-4.7515980315433574e-05,-0.19151861462663583,-0.3801590896478294,-0.9658950205386542,0.035210999851611156,0.051917514460724734,0.08530390370374917,0.005124316699573624,-0.029524528641219603,0.035054357615165205,0.08731648326029065,-0.027464255742083447,0.028785693369849014,0.052135621309810545,-0.03325898535536266,-0.04670553142398998,-0.00894983466824726,0.02316289810981917,0.015176810924343375,-0.01593338202459715,0.014080861383549114,-0.010663266654692541,0.03564725335023817,-0.0030811672825683547,-0.04348688399202123,-0.041450913315471516,-0.07400780495308756,-0.0002447307732776388,-0.00029423510932847493,-0.8330353115031129,-0.003873047772858189,-0.0016831084657392547,0.0751914830344805,-0.01991893725939341,-0.04903727542005959,-1.058215110203806,-0.0006283759181401255,0.024007074928913606,0.135949871409336,0.22319888879540575,-0.6540240342487509,-0.5685505527605395,0.008236940220307153,0.000642386535312423,0.00042912313920788177,-1.1018486869554921e-05,0.06056163999966748,-0.04584710653688223,-0.02090707662603874,-0.03497335895806614,-0.04702572499921372,-0.013907490296481029,-0.0035936879541877127,1.922609712798982,0.001220989387327798,0.06116191660724326,0.01078028052839893,0.009190594095477131,-0.00510098526219652,0.03638044355932704,0.008609481463703918,0.043429828813326736,0.011145749703613376,-0.03682859768809929
0.03277108130267611,-0.03583990683498661,-0.03142562378484389,0.0028954567605989925,-0.010252775477469816,-0.022733234623762283,0.3452965391005156,0.005639151526108698,-0.01046071847325244,0.3049555343125667,-0.009609974489014959,0.011379687623745978,-0.021512606263391958,-0.006949391329153054,0.690292875379944,0.023307516345968064,0.15820593335929933,0.006739239629658984,-0.024944464662527848,0.688564139942796,-0.003478840451000646,0.013995566202641698,-0.04232730204541883,-3.523647549413679,0.0,-0.0006248815240238354,0.007721420520490684,-0.05335934574210517,-0.030667218568065376,0.11278815758203196,0.0027919641797771156,0.00013541861860012755,0.0011577056156641323,-0.03903179151765136,0.000896273734937318,-0.00023154291548298082,-0.1893313464292788,-0.5161343552173492,-1.6757714341854608,-0.04775465840276295,0.04583423181306951,-0.010058444311673532,0.013180970252865668,-0.0346149553593973,0.010793620568344986,0.24760790145317157,-0.029992727071569254,0.02260049861825694,-0.0026352694403269073,-0.010557640139340746,0.008356156793481052,-0.018397891088509647,0.029837624924991944,0.017275778067512015,-0.04436113344053377,-0.015796002794896572,-0.052890070679547284,0.04536526238449496,0.02112047540099636,-0.03915630629839613,0.010073952521522257,1.4029932474321916,-0.00025374417371145936,-0.00022346691872928353,-0.8859544329644437,-0.003926880631763994,-0.0020538931713120125,0.044231780785011186,-0.023553293877554105,0.01344761510687571,-0.9661139229887982,0.00043904283097752545,0.02884382612062168,0.14613875926495912,0.1975468761902389,-1.687997218870029,-2.57216427368679,0.015561452667148276,0.0007296539182437916,0.0005109636336588575,5.698993403960548e-07,0.06255877890945435,0.05242430876916732,-0.014049232108676766,-0.006561628337955177,-0.02234729630079078,-0.012206375294965328,0.0002800514385550893,1.7952596710734277,0.0006042333099272591,0.06055004344584116,-0.03368883183753343,-0.022749943135235075,-0.005194438598664607,0.04330721178884548,0.005411185230679458,0.058659268371733415,0.03720530639703917,-0.03220487835988166
