cm_angle.dist_ctr2best.mean,cm_angle.dist_ctr2worst.mean,cm_angle.angle.mean,cm_angle.costs_runtime,cm_grad.mean,cm_grad.costs_runtime,disp.ratio_mean_02,disp.ratio_mean_05,disp.ratio_mean_10,disp.ratio_mean_25,disp.ratio_median_02,disp.ratio_median_05,disp.ratio_median_10,disp.ratio_median_25,disp.diff_mean_02,disp.diff_mean_05,disp.diff_mean_10,disp.diff_mean_25,disp.diff_median_02,disp.diff_median_05,disp.diff_median_10,disp.diff_median_25,disp.costs_runtime,ela_conv.conv_prob,ela_conv.lin_prob,ela_conv.lin_dev.orig,ela_conv.lin_dev.abs,ela_conv.costs_runtime,ela_curv.grad_norm.min,ela_curv.grad_norm.lq,ela_curv.grad_norm.mean,ela_curv.grad_norm.med,ela_curv.grad_norm.uq,ela_curv.grad_norm.max,ela_curv.grad_norm.sd,ela_curv.grad_scale.nas,ela_curv.hessian_cond.nas,ela_curv.costs_fun_evals,ela_curv.costs_runtime,ela_distr.skewness,ela_distr.kurtosis,ela_distr.number_of_peaks,ela_distr.costs_runtime,ela_level.mmce_lda_10,ela_level.mmce_qda_10,ela_level.mmce_mda_10,ela_level.lda_qda_10,ela_level.lda_mda_10,ela_level.qda_mda_10,ela_level.mmce_lda_25,ela_level.mmce_qda_25,ela_level.mmce_mda_25,ela_level.lda_qda_25,ela_level.lda_mda_25,ela_level.qda_mda_25,ela_level.mmce_lda_50,ela_level.mmce_qda_50,ela_level.mmce_mda_50,ela_level.lda_qda_50,ela_level.lda_mda_50,ela_level.qda_mda_50,ela_level.costs_runtime,ela_local.n_loc_opt.abs,ela_local.n_loc_opt.rel,ela_local.best2mean_contr.orig,ela_local.basin_sizes.avg_best,ela_local.basin_sizes.avg_non_best,ela_local.basin_sizes.avg_worst,ela_local.fun_evals.min,ela_local.fun_evals.lq,ela_local.fun_evals.mean,ela_local.fun_evals.median,ela_local.fun_evals.uq,ela_local.fun_evals.max,ela_local.fun_evals.sd,ela_local.costs_fun_evals,ela_local.costs_runtime,ela_meta.lin_simple.adj_r2,ela_meta.lin_simple.intercept,ela_meta.lin_simple.coef.min,ela_meta.lin_simple.coef.max,ela_meta.lin_simple.coef.max_by_min,ela_meta.lin_w_interact.adj_r2,ela_meta.quad_simple.adj_r2,ela_meta.quad_simple.cond,ela_meta.quad_w_interact.adj_r2,ela_meta.costs_runtime,ic.h.max,ic.eps.s,ic.eps.max,ic.eps.ratio,ic.m0,ic.costs_runtime,nbc.nn_nb.sd_ratio,nbc.nn_nb.mean_ratio,nbc.nn_nb.cor,nbc.dist_ratio.coeff_var,nbc.nb_fitness.cor,nbc.costs_runtime
0.009267893570097054,0.08909137111486251,0.19239504690684625,0.019849867969587025,0.004337151650698167,-0.034170743693598446,0.02190761372558358,0.009638886475765182,0.0038736966381448684,0.059043431656876234,-0.0005286026216272245,0.07731599760355294,-0.019447692124283593,-0.05750045233455918,0.31498574975864846,-0.010005867722357014,0.0527680273916091,0.033693431002667265,0.014614611228351521,-0.03679729317941342,-0.00606521981111716,-0.00809454340398042,-0.007787980743625106,-0.18178768786779453,0.0,0.00036528795183348497,-1.2093696238817256e-06,-0.050785048408016106,0.03571281910975173,0.007591161564924838,0.0035573630743963645,-0.002536658513040955,-0.005538081208882173,-0.09209364151170363,-0.011612790333184835,-0.00010462317617686539,-0.049290888973757,-0.2896503813505525,-0.8874256060664383,0.6809276479947928,-0.05920651545983129,-0.001098392804219711,0.04009130230841429,-0.3165917362808793,-0.005273272997650798,0.007403436178357793,-0.04313137606472094,-0.04952130788424103,-0.014780922745443367,-0.0031050106065292978,0.02073732760882387,-0.018629942994218756,-0.19861515080076003,0.01852059731083937,0.03329459571708497,-0.019621443791805686,0.012253480407439413,-0.00614375458376089,-0.15580022212551328,-0.31475817416605106,-0.05616125565154574,-0.20206167052174753,-7.901757185286697e-06,1.2852669451589858e-05,-0.1723556807917783,-0.00409364167588654,0.0887702199655884,-0.0036498675191143468,-0.007098334026006303,-0.12474540555183125,-0.2833500498855505,0.0990331329282227,0.8738197561144857,-1.7960497096371517,-1.0639277807794307,0.16787274252239726,-0.7823011719946247,-0.0014350477782825524,2.7124774589790766e-05,9.925182077081274e-06,-5.4384270104613826e-05,-0.02627856380833695,-0.6199558114603707,-0.018107080674078155,0.06386620641203719,0.028727488505324125,-0.0063460821168951674,-0.1642510207244124,0.005251667227220344,-0.008576198479141128,0.06295948737206927,-0.03724432967066111,-0.018847654303467323,0.012712105151486743,0.007509296822633817,0.2470605356383713,-0.003595259444751539,-0.09066180784805783,-0.023931843303655897
-0.0002629910834282697,0.0732199458580279,0.7615599579129323,-0.0035767353015296525,0.008058602094852648,-0.017607158147603507,-0.01181226780856285,0.011377083305821286,-0.001709893007805326,0.3164733533510228,-0.006274505674385918,0.06566593429700886,-0.0060982989207567315,0.4198430587869481,0.32992959593109006,-0.021093704078778225,0.0515094300261178,0.0005143581778523424,0.01743301453419502,-0.0073043962733825825,-0.013482278356294222,-0.04335455809515681,-0.0038192276894849823,-0.10940030549392914,0.0,0.0005903588179982218,-1.3715703771686908e-06,-0.13911228742342097,0.027737305588619327,-0.008164532491737094,0.00360801874460761,-0.002522545730685848,-0.005717201845447844,-0.07383808119099519,-0.011612880715974605,-9.638444032607465e-05,-0.04934895847528116,-0.7480867639156364,-0.841373089983793,0.5808734012952127,0.29287127666946455,-0.002582953678415733,0.10065815842763173,-0.31858004106083954,0.0025143767651085855,-0.031661483095296344,0.012942341008816267,-0.008072444695634487,-0.002708182941080879,0.005232108062342946,-0.0018955230979663207,0.11822122182562628,-0.19104873901975683,0.019930394268393315,0.00039837556001299043,-0.010254726914228846,0.0030956430084494962,-0.025273528810829258,-0.23570794256492597,-0.4451374623902041,-0.06297467337577103,-0.208036933152487,-7.99325111069653e-06,1.2800109823853041e-05,-0.17212366797524473,-0.0029093391673967427,0.09926079956935546,-0.006663955735499681,-0.00797413329247729,-0.11953997283203316,-0.7882116920395582,-0.17450371430957973,0.8590066030868138,-1.5181328669191787,-0.7789345796538261,-0.18467712145923762,-0.9962409446723073,-0.00356327040171189,2.7152606012774427e-05,1.4127212744968247e-05,-5.4384268716807154e-05,-0.023065723727939417,-0.6704794809353937,-0.0006192845014215765,-0.16030087788558567,0.019597132286015003,-0.006015570629368849,-0.11722824687143213,0.0006840951686264872,-0.0100706908653223,0.006810916022901361,-0.1031648656346753,-0.02658280651431177,0.01149620656569745,-0.007854706138018063,0.20828594088889005,-0.014107200797231215,-0.07808983374464806,-0.03339091942265653
0.0034977890171254836,0.06691873799912013,-0.04023755705919478,-0.0027205436474133497,0.0002888982938192751,-0.018082797114067104,-0.02061131722647608,0.01139755895741633,0.004513889178253374,0.06317188140202028,0.001769893482580308,0.09106475652949161,-0.03399053531821456,-0.06296574381892148,-0.01978080877075043,-0.019834424443273286,0.009975477069557353,0.10143321413211956,0.011713975385763362,-0.020769302412672195,-0.009665016370538465,0.010783369298527117,-0.013489630423821671,-0.23568380205065284,0.0,0.0004111581166736967,-1.6148996861967735e-06,-0.047540564530533354,0.08922821188436748,0.10189824730686106,0.003607623780344361,-0.0021515245044615204,-0.0033147344836504133,-0.10717093983753712,-0.004996832025287767,-0.0002020089309686024,-0.0350496098795369,-0.2680791583273827,-0.7886543161697216,0.6418813783951896,-0.039468687482974066,-0.0032114494343029073,-0.005619572646358226,-0.28505534703424523,-0.007557830676057325,-0.043646738064414506,-0.036509607474552216,-0.04501286217759793,-0.005754162369718954,0.0026599244132756213,0.024111985776801736,-0.026082912369670627,-0.031066056599845647,-0.011101967523430765,-0.019858321770347468,-0.020486404788702586,0.011402926891992389,0.07287993750567942,-0.1514029075135871,-0.27408230198694616,-0.05105471315936275,-0.1859253093245641,-7.901757185286697e-06,1.2739852714843574e-05,3.1690462202147955,-0.0035676077283904044,0.10743326070161718,-0.003938682132476584,-0.0015065410758797683,-0.12682945389355002,0.7498489130365427,0.4162973234984661,0.7824733929920346,-1.8707445481880867,-1.3396713842782466,-3.1498790081278747,-2.228954655745494,-0.003879505069009911,2.58650034725543e-05,8.285604642283503e-06,-5.438809668296719e-05,-0.057498758870012184,-0.6325106295642599,-0.0073470783361107555,-0.16583446845694721,0.01445366055313224,0.0027405515279608837,0.021879116321825546,-0.0021880276352980827,0.2822828444863253,0.05536223863295427,0.2036702631476453,-0.02714803379551149,-0.007004688055126912,-0.019346604483054326,0.2675345776631327,-0.03619471999729825,-0.10382175452810448,0.003278145675600048
0.0022887229878286864,0.04802314501530032,-0.047533175837047095,-0.005980713737949797,-0.000409873856669998,-0.014112948466770648,-0.011485002506850651,0.009248629132416758,-0.002615312838392752,0.31117702794958874,-0.0066894791864798705,0.07573271453737754,-0.0074313367470714205,0.4117664267653393,-0.015170524002049173,-0.009511211954006693,0.06538944997409821,0.032028362513970156,0.019000534817212554,-0.004547374440390772,-0.01258596374989321,-0.04345157378133816,-0.0056548069173157885,-0.20538815001669813,0.0,0.0008802627908614904,-1.2093696238817256e-06,-0.08672139015400741,0.024774684247200324,-0.0056515708441237725,0.003607351056889809,-0.0025614215845682123,-0.005590147075171129,-0.10520118639701385,-0.011612174552580765,-0.00016310726454649195,-0.06888976282217302,-0.3355647976069805,-0.7991255309302826,0.028981159007834472,0.11046951637839592,-0.004723352138581885,-0.00604645785692604,-0.3033459802217883,0.0036856246944177583,-0.008419697037327995,-0.04389705815200176,-0.04111390868770435,0.0016962130093299754,0.004755944171628855,0.014543846797897471,0.11772612336120686,-0.18718047939642438,0.030359902366178762,-0.022921503809198326,-0.014173381514286475,0.008656316683405016,-0.00909987230853332,-0.13614361839244765,-0.49451092808891967,-0.07549550083028841,-0.19261935736991623,-7.99325111069653e-06,1.2828073147547921e-05,-0.174780413914965,-0.00346853599157874,0.1248696883896751,-0.0061680893617351105,-0.005492682864842972,-0.1261133498417892,-0.4057360316781425,0.12838853660746066,1.2047494884655452,-0.7178445717788549,-3.219703086354598,-0.2577395619395994,-0.8602993898421293,0.0007882016127582665,2.604908704756087e-05,8.996401136230071e-06,-5.438963260580962e-05,-0.05014981378120746,-0.6260847244568526,0.1720089995517412,-0.018591219491594587,0.03704730338788833,0.0016919249188187522,0.001116414414643226,0.010181968834781245,-0.007793806261118644,0.04724674755572344,-0.08841535431280484,-0.012920880754884852,0.008192322887942092,-0.007132379034233044,0.3140894492870818,-0.010697301391863591,-0.0843452503823075,1.665259154248617
0.00827733105869098,0.07917176533621152,-0.043290132797522876,-0.006260127537098534,0.0010262180321764236,0.014079919013431842,-0.025079956948891292,0.005549271114681311,-0.0027351940678415195,0.3209511160059499,-0.0020039136482926405,0.07061153760775592,-0.026624302773798524,0.40762411918431557,-0.01533697756519253,-0.010829788151596156,0.04619217149154643,0.008698653088763388,0.022340314307593537,-0.017516148049212713,-0.024834954856021295,-0.04406596201949,0.010513019404401495,-0.20405007366683764,0.0,0.0006405714641315596,-1.4526989329098083e-06,-0.011236666452066233,0.02990412081545883,-0.009242706457527363,0.0036123856307217726,-0.0028625125681483203,-0.005763811491422156,-0.08813196394402824,-0.011612932076562518,-0.00010352317116666461,-0.0493774318495159,-0.24647465637401977,-0.8564726733386365,0.6702465665945729,0.33696810810725425,0.004528083256646421,-0.005167151081988486,-0.3179111894604654,-0.007288147024944342,-0.008898842555163457,-0.04645785784164172,-0.03908239595365067,-0.004291051303401545,-0.004469273390957438,-0.001804532567032568,0.12041931149921177,-0.1878319687064648,0.01874112177485699,-0.0014037578269503936,-0.012363241745285372,0.005085941227919776,-0.024867910031413133,-0.18624784027044294,-0.447342438670268,-0.07454572347682491,-0.20177941754490086,-7.899774108235073e-06,1.2775513519811091e-05,-0.1714059739078278,-0.001989572889996097,0.10711725863244644,-0.0024412508356765833,-0.06850453731820697,-0.10198331136444518,-0.46514768657427114,0.3665602246659372,0.7046968444407388,-1.4637675213740573,-0.6985099010855124,-0.1781756234581583,-1.016155252213698,-0.0019803622945172073,2.71525639866172e-05,9.95823177467238e-06,-5.438963260580962e-05,-0.07052902739035415,-0.6723336902575072,-0.013169131382871204,-0.19045426628785536,0.04448943936177406,-0.004246348508232902,-0.11817785461455886,-0.0003827620121259406,-0.007299602360047911,0.003571407721403825,-0.10364531360406043,-0.019877916790823943,0.014047368422954308,-0.015989727603400554,0.20456506900898405,-0.00919459563486506,-0.08218420783927359,-0.020798394600410487
-0.0037023720524088804,0.07017660425956344,0.7626494211151895,0.008229870419385997,0.004723643139746774,0.04494469456074146,-0.009774137233243866,0.015685683289277576,0.006083508496736623,0.20924955171738635,-0.00271161506564375,0.09397029148711743,0.021626074105481948,0.4318644657604082,0.31628830784707074,-0.01047715448047593,0.04554841133429972,-0.0013188032777881236,0.020951366575430792,-0.019291547049436236,-0.014632000597500916,-0.036204113033947834,-0.008704500119041687,-0.07699026266960403,0.0,0.0006215730368216028,-1.3715703771686908e-06,-0.12242248710393915,0.025007399053411136,-0.008997207454846782,0.0036091007208923723,-0.0028868088777279136,-0.005542860301182611,-0.10134262886185903,-0.011612726119419345,-0.00010457427681432842,-0.04938139359254537,-0.8438444962018894,-0.843689326090377,0.578959094007126,0.43869143618484213,0.0038013378415882567,-0.0011326416630524682,-0.27113533619349517,-0.003683889893103212,0.010635545087937896,-0.03752919727280621,-0.042277815041429086,-0.007967512760243859,0.00381105275654061,0.020471882070081486,-0.019914809249303285,-0.19938665435271594,0.009644321611210966,-0.00011140445691986884,-0.024816982635795397,0.054048629007639924,0.07335301269424357,-0.22545934237423454,-0.43241586337510424,-0.04708767634451499,-0.1906083895526386,-7.99325111069653e-06,7.092564160117317e-06,-0.19226788951891954,-0.00253707535415821,0.10051149761184362,-0.005562571195116963,-0.053508354455358204,-0.11678670714287606,-0.6323583875104672,-0.15614415383039798,0.9145858614742521,-1.579935462787226,-0.5762964553698289,-0.275871312188387,-1.2402544943987217,-0.0027709725306488088,2.7267499064120564e-05,9.205219377920471e-06,-5.4381724201339874e-05,-0.015332142300450562,-0.6332809216187153,0.07384541545964202,-0.1490334078335525,0.016058975037193876,-0.0061875602144990365,-0.15204006937220627,-0.0002173337154266067,-0.0067984119868921816,0.008263392994963627,-0.09816591909002963,-0.024148808645827323,0.014013350889465074,-0.003892439937983436,0.28624120096816025,0.03588197321984003,-0.08369411839106676,-0.016214249577074683
0.013572755078691216,0.05196741576042331,0.7686633666636842,0.006427957241600391,0.0004285617291095396,-0.013891831482595273,-0.008578439925668474,0.009604020757507327,0.0048183315963296666,0.05872576671752776,-0.004239271595867802,0.02848747007851547,-0.01954857093873458,-0.0926966733559773,-0.01670907068566527,-0.021722107049547395,0.05479713421093022,0.10447764145537752,0.011536159181037514,0.002777609898967233,-0.010561022034644627,0.013424621977686867,-0.0009633719233339063,-0.07826520672603896,0.0,0.0002459724380871051,-1.3715703771686908e-06,-0.06710520140815564,0.03800553535027924,0.00800217010615749,0.003607827635763103,-0.002572672595929389,-0.005566105718278138,-0.06274700465945814,-0.011612588786374172,-0.0001595337178404888,-0.06885985441134829,-1.6062484908638404,-1.2559595076166283,0.013441148900822833,-0.04161024508804197,-0.003724097533763242,-0.0022759677407584136,-0.3043249978262467,-0.008532155530719612,-0.020188942437374388,-0.03970832158930118,-0.007558659468888246,0.004101136213064255,0.008552978179414458,-0.0041711597377693775,0.12915931847344644,-0.03366662065201188,0.012319731052714614,0.005415946798576673,-0.009137095835246073,0.011013067493634633,-0.004231812705083486,-0.204803748905679,-0.2957953420889674,-0.04799485667138741,3.392886868244491,-7.99325111069653e-06,7.117160464159253e-06,-0.1382224548505801,-0.003415042085732311,0.29953802479684655,-0.005678158666484895,-0.004857265975101859,-0.015144273662830037,-0.03498139439581077,-0.3217847415660328,-1.8033789019631468,-0.6724665148996067,-2.329174291342153,0.8421772539028054,-3.6275175797773693,-0.002594067198022287,2.604908704756087e-05,1.2639231280936906e-05,-5.4384268716807154e-05,0.10052199092073837,-0.6729876462222533,0.17732190398540063,-0.015023495755507358,0.019314992789988612,-0.002992519643862618,-0.033953350552889706,-0.004391770440243967,-0.013963059307693109,0.004464454612847184,1.3029985127787342,0.1367177274106633,0.008266003149638289,0.002397594553126654,0.21039913588973336,-0.022781242209623395,-0.06038737966297978,1.6472206293407745
0.02568822606097749,-0.008924981213987623,-0.02242192921310946,0.008707511168083968,-0.0028567528506730886,0.0062118971344209606,-0.019350441377190653,0.013113236714609806,0.003949151320922651,0.015515425436539018,-0.004111044907415019,0.09950754990141923,-0.030069841874182754,-1.7257599339215446,-0.017206507992817345,-0.02275660999113378,0.049392850761117046,0.01595313013672671,0.02140861886060065,-0.017264192932437767,-0.011839144238348392,0.047429392223015246,0.1490591278196499,-0.17838915502955974,0.0,0.0002888635720425709,-1.6148996861967735e-06,-0.2842145920503025,0.04028367929381633,0.11036015723285605,0.00360791264609353,0.013809209817450107,-0.0029499505108401664,-0.11045963241414027,-0.006060981638538601,-0.0002002632405158059,-0.04931506580129043,-0.22265155261888192,-0.813079280047055,0.6436769993546084,0.36835578709371114,-0.0041115919411754236,-0.006258352118765095,-0.2264812953992699,0.02069462731365685,-0.013295257779100239,0.024001790716846168,-0.04167032676260532,0.0011269464350128515,-0.008577630722910314,0.0178971508277344,-0.017772426578201467,-0.06339236777322659,0.030680854443899914,0.019727653782167082,0.07151135674403135,-0.003955934086885736,0.0708721453501764,-0.6242983977510502,2.1624650028853574,-0.05779352227627021,-0.18932209032989533,-7.99325111069653e-06,1.2832992408356341e-05,-0.16533890338871146,-0.005944639317076404,0.2639557073667895,-0.003827825391337072,-0.05194666864186155,0.02656969744864405,0.07943117443966363,0.44359035634941657,-2.528598691535377,-1.7295386084015034,-0.17209148569377186,1.531459235708797,-1.125934565330043,-0.004096040864522986,2.7267499064120564e-05,5.2317338636576965e-06,-5.444009326549611e-05,0.10392958593676045,-0.05666435903050948,0.28449142424572066,-0.034887606702444354,0.05209685028613452,-0.002131915043034214,-0.015981582596928955,0.0020230799551361313,-0.0029919708982015904,0.10114597320895195,1.315572708802297,-0.004740921122984059,0.0013542700078666287,-0.06464670696255316,-0.11167455007662636,-0.008696444964410579,-0.10110029948866175,0.009249117683085496
0.015256020505123763,0.030364198250414958,0.7498384635932369,-0.0039380982827591105,0.0037208181612273577,0.014196730163172532,-0.009149476135833555,0.017290955888253242,0.0024462256852812677,0.30176704168771074,-0.007151388316381509,0.06157359405204881,-0.015098875008538654,0.4099679300267145,-0.015886660368174196,-0.019719654305416612,0.040340087295438413,-0.0015962848499893225,0.01908217348555088,-0.02423487280254165,-0.016782336831948786,-0.039693202151349166,-0.004435142227815894,-0.12082997457764563,0.0,0.00034223535483692756,-1.311059155049513e-06,-0.08436380044271775,0.03309946673002467,-0.006603136929132944,0.003613889745486959,-0.00129217132410325,-0.005631915075358084,-0.08933478258861578,-0.011935557341330661,-0.00010349705592503339,-0.05122853620919603,-1.6010174082649333,-1.286664276425336,0.5947552441566918,0.19553016117557476,0.004471227094313842,-0.0018716247932561954,-0.26179005408617967,0.007399282578160785,-0.005056767349052962,0.024331809922764985,-0.041545080930642235,0.010112512892987369,0.0015671189808032226,0.017091638921374833,-0.030775401421846954,-0.19866459398262742,0.01922365531515662,0.020892364838908793,-0.01099076966177158,0.010897662315637541,-0.021956362519425537,-0.19695748037281002,-0.4503969087971745,-0.05538019642384464,3.3740876507733866,-7.99325111069653e-06,1.2800109823853041e-05,-0.12836759699435427,-0.004844512704414912,0.06716600382990584,-0.006420025237015317,-0.005741249532380176,-0.13350335699735164,-0.25484083673998903,-0.1765086901579435,1.124084569767787,-1.4646854116225099,-0.706949498606731,0.018145885452177976,-4.447117857919041,0.00790969993098512,2.7267499064120564e-05,9.178149893252691e-06,-5.465507073877596e-05,-0.02034359698286673,0.18942172712580305,0.08961448368310504,-0.06699382963721444,0.025441120841146702,0.018702715362690112,-0.15243252733181858,-0.0008996978200371896,-0.005514806305369864,0.006243586825292327,-0.10102287364321405,-0.0032149091737029584,0.00961554058776313,-0.016086395501015427,-0.13124330302543386,-0.02432543298943079,-0.0514657038516899,-0.026622062167854628
-0.0042031738736477055,0.056140502687051744,-0.03552017434163518,-0.00849339595995619,0.00010896894496413654,-0.029364926282433274,-0.016452035266041286,0.018439056750312755,0.003747919426885534,0.18983905454456415,0.00038610206123678727,0.05856547779596362,-0.02457757880103261,0.3559677667290934,-0.02205116978614414,-0.020203432254879933,0.03928497169607453,0.011154275743547106,0.018597212949689797,-0.007760888977244099,-0.012115679736444722,-0.009275396842768052,-0.006488546874844412,-0.1924633323729896,0.0,0.0003954638782296167,-1.6148996861967735e-06,-0.06634039019354473,0.024407611619975123,-0.0021945354565768853,0.003611515901499447,-0.0029144000398039016,-0.0058213036374796705,-0.07616195679675657,-0.011612776842421449,-0.00010310064904655722,-0.04939326971458796,-0.33839329862871226,-0.6762876920584444,0.6401227258119047,0.457584044143681,0.010907146771910441,0.09617587611988825,-0.2783546135496095,-0.0025244228270117327,-0.018889101749669172,-0.031818559503036734,-0.041593669966666386,-0.011840852325159782,0.00423514027193131,-0.004834793188484709,0.08014699635680585,-0.1921345216639309,0.019174349626511482,-0.003499846292496729,0.015909271530006194,0.003657612965052288,-0.029333157411548277,-0.15607710832035504,-0.26902038715303717,-0.05491279861998873,-0.18072868672770614,-7.99325111069653e-06,1.276135754330564e-05,13.992245944457629,-0.003107901270174313,0.2758822689750788,-0.005626306928607842,-0.05312647774660267,-0.019401351186851382,0.22581994787555285,0.3345999485646395,-2.36150421511454,-1.4025589886997478,0.15130750473229096,0.01394607933355358,-4.162362078324257,0.005154622547991295,2.7267499064120564e-05,3.5020289812711417e-06,-5.438423843789979e-05,0.13637144708872695,-0.6600266730412716,0.010707663042813583,-0.2726874539389357,0.02164132707109676,0.0015295637076934091,0.03363192934398542,0.0007660031967657742,-0.005909700755008193,0.001978721444045583,1.3038459592872986,-0.027747869264511043,0.008371672991091319,-0.012868071962997222,0.26613880633253023,0.15693466005585469,-0.061064221116295433,-0.02351066885539455
0.002816139585143571,-0.012345282022067939,-0.04052856632750903,0.007052063842331647,0.004632894424397057,-0.010899728394920927,-0.016380692006249892,0.004761940470933775,0.004955109014931865,0.31451320789578097,-0.010826562041013692,0.08107064879126949,-0.011237230189479022,0.06892625615093192,-0.018341915584619808,-0.014608175520682368,0.04506200939376091,0.02696197311591789,0.020855991335202242,-0.026903492777861387,-0.014363410201138,-0.04552736958784083,-0.014519951412471437,-0.21591061483570972,0.0,0.0006225156758619646,-1.7698065160276706e-06,-0.032707126468232955,0.024336958253583427,0.09000117527684637,0.0036080031898098035,-0.0021785099907935626,-0.003285261884922904,-0.11092217370673006,-0.004996569850754812,-0.00020288957808392458,-0.049353761177528516,-0.837275655251053,-0.8426119150476074,0.6659180845368065,0.08734894759340635,-0.001988261167889583,-0.004856217945281623,-0.23105470969036554,0.011398684205434705,-0.009515523550095844,0.01093912630241011,-0.039286968902594345,-0.003501574390676119,0.0007824915055298486,0.01712893748535681,-0.024051547746638164,-0.077576937984408,0.008963941060746774,-0.014494072791958927,-0.014726358507181951,0.013946137775501338,-0.00680973596316316,-0.13427246044190122,-0.47808373222780864,-0.08028367040554822,-0.17096684936714868,-7.899774108235073e-06,1.2792748149243643e-05,-0.19632184953637383,-0.0020111263771746446,0.09389220567680231,-0.003994101428766014,-0.004022848468139599,-0.13534413474105103,0.05132163307752495,-3.1533796835194736,1.5439142720026287,-1.32407947916315,-1.125499798534571,-0.05962339099543667,-1.8711804483830168,-0.0004822576543091241,2.71525639866172e-05,9.041297898999382e-06,-5.439895920177473e-05,-0.06362938332424678,-0.6332192733392914,0.011951200969199178,-0.1430727594179855,0.008150136047835725,0.0024221167294279007,0.028304584222365408,-0.0013051832850721739,-0.005481776152513374,0.04736609953619663,-0.12270635441075248,-0.022669815560165195,0.01094311972443519,-0.028167001374256574,0.31389593758794976,0.029426000398095876,3.50395185773932,0.0014529383223657222
0.009153008998665587,0.08352611700433026,-0.043582057685396226,0.0063696483978159845,0.0033914449585383073,-0.03093652376402311,-0.008719133234946119,0.02125717404675643,0.0022380609083029425,0.296455499499421,-0.00259695161678839,0.03900430726431508,-0.01782304524587481,0.4320404806756856,-0.020101823773851776,-0.01876419766150171,0.057361334863219496,0.009594322631956594,0.01683971972915702,-0.004672192857573037,-0.014907604076212786,-0.045857550278668835,-0.006521851238031056,-0.05000031263666067,0.0,0.00045661769349362557,-1.6148996861967735e-06,-0.09031060888140058,0.026784440121534043,-0.003537974646578164,0.0036119018668346135,-0.0028035261441433533,-0.005769074145049968,-0.08599317484078771,-0.011612923383960834,-0.00015865752784943534,-0.06890424482860093,-1.1171830605813877,-1.3788426441632717,0.014374059306815722,0.09080639345595663,0.005498446934121913,-0.0001643130502927741,-0.31108247764896996,0.0017669044231006885,-0.028459461353777495,0.01196356248625294,-0.008983110405557947,0.12287119000361912,0.0005023583690071274,-0.007919973375752459,0.12443166850150095,-0.18822862832687337,0.027648880062738686,-0.001940996554002919,-0.015296044464589533,0.01055942571834475,-0.025977959253171385,-0.16969557188972653,-0.4454035837010592,-0.06163070315180047,3.36998448433843,-7.899774108235073e-06,1.2813020735594205e-05,-0.1281370104619046,-0.004567885502560617,0.06614910914445968,-0.006337259876530647,-0.0063626041406608025,-0.14557933904127027,-0.4643602488828618,0.16113677819177386,0.9620103913240893,-1.0880482027314615,-0.713650489748701,-0.09869123896730803,-3.615930656033299,-0.003457977720836205,2.5864940358249854e-05,1.2656594890391761e-05,-5.438413441436792e-05,-0.03139683806259083,-0.15990868484197382,0.010323508898038914,-0.19234421430531592,0.04332256786306574,-0.003128509910362451,-0.01990230253849622,0.0019525614691014036,-0.014633916614967114,0.006891633985271302,-0.09417122866046884,-0.023393356943779777,0.008773396888215148,-0.020409548890478368,-0.133713442336756,-0.012783027576076956,-0.0636750904942207,-0.028062334751130916
0.007505990783812773,0.04978616341302408,0.7527864484061857,0.007428717577604109,0.0004423581232480973,-0.02835082436877336,-0.015985212392425677,0.018788580378903734,0.002572192789461596,0.1912520424559462,-0.0038610094382150106,0.07808469141425926,-0.020210917238956176,0.4152441128481236,-0.029880010870595712,-0.01920586812896288,0.042203660439320716,0.00011092718816076283,0.020819824237795558,-0.017683477582523328,-0.019126987248042245,-0.03696843978324654,-0.005455190994485471,-0.09633614472806748,0.0,0.0003621938515488045,-1.2093696238817256e-06,-0.02943666834054194,0.02784116221760645,-0.009024707916522885,0.003612378547696223,-0.0034397792131772385,-0.005710157035646135,-0.07102597038551403,-0.0116096208320841,-0.00010301305203924319,-0.049395700459682154,-0.72920949517637,-0.8351959170626642,0.57940838343082,0.3681151308073704,0.005187523891278559,-0.00034591367109439814,-0.14143707751383294,-0.0017693353832857165,-0.0659507253191801,0.001377205368343869,-0.046693170583064755,0.008049177555469564,-0.0010640871856431354,-0.008329731161938447,0.06310310576975858,-0.1899212335547503,0.018536061051541437,-0.012595936442549444,-0.01073992633560046,0.004481690542510878,-0.028674348338725376,-0.2180185901047671,-0.4598783148715549,-0.08578087596025759,-0.21515496880653964,-7.99325111069653e-06,7.092564160117317e-06,-0.17764560498546647,-0.0026183244610017654,0.14577703544102796,-0.005361261108010348,-0.052530712155723185,-0.13003743784545804,-0.14100649197207116,-0.17549856814075737,0.9731397792968344,-1.4959672472210388,-0.5857157150613126,-1.4703318768902909,-1.5551932694442532,0.006755235181204397,2.7152606012774427e-05,5.9337928778479386e-06,-5.438580463964958e-05,0.9892715355336362,-0.2860100776652468,0.02150259214872427,-0.16994333266475437,0.019480738160090758,-0.008455751883588752,-0.11845574689799901,-0.002293990917165214,-0.010106946648326148,-0.0016530052251800048,-0.06275779120706917,-0.04369439861351259,0.014034926803446975,-0.008747114961264462,0.20725178615605205,0.014465240676987432,-0.02502487664263009,0.020156708197921414
-0.02475253067149004,-0.026929149622396974,-0.03632064858762108,-0.0041296934098236536,0.0008735226528281291,-0.00910061810523409,0.03677226347880161,0.0076852173806567226,0.010311365499150498,0.3023748275411324,0.0009541717644492242,0.04042314784811247,-0.0037159569725312013,0.4021535010004939,-0.020861428417098045,-0.02088066618342789,0.06309344909840527,-0.013744074414070245,0.006698428043364883,-0.027638304311096838,-0.012372631927810433,-0.04907834822152858,-0.007233778488367293,-0.20182190447838902,0.0,0.0006615171297213194,-1.4526989329098083e-06,-0.04629282908643333,0.029924652970830183,0.04673522194649195,0.0036084553432831623,-0.002291134541572056,-0.005790345110859839,-0.11533304900534726,-0.007441456723467235,-0.00015944060466544725,-0.06889555801602876,-0.25872188054919615,-0.8534975150447863,0.0014128917399399582,-0.03084104067630711,-0.00038809409340801024,0.004875790664704147,-0.2652136313871858,0.004984094058417851,-0.013810560065751421,-0.043285801454804367,-0.0035659809809952636,0.014142400048026011,0.0025339533440407996,0.019377735202586517,-0.026565013768234547,-0.497099413305069,0.02885850494597818,0.015112134472110949,-0.014265916094507976,0.014027548993862944,-0.019196049845879973,-0.1618874356211301,-0.4412231820028122,-0.058704100791296246,-0.20856360624542647,-7.99325111069653e-06,1.2832992408356341e-05,-0.17650136378256498,-0.00336842498662974,0.08029382528898081,-0.003188177928867624,-0.01670405967548596,-0.12621148809031962,-0.31501342763646145,0.15265571065125164,0.7262195269773628,-0.5695987212601844,-0.8513215945840408,-0.14588423224604566,-0.741170319458395,-0.002959508682390635,2.604908704756087e-05,8.484607078378777e-06,-5.440220778201423e-05,-0.03636112552738628,-0.1292207930395864,-0.05069579971369334,0.045816620279675126,0.046983157253165576,-0.006782413149965482,-0.018938839365104845,0.008584034437606674,-0.013556028706920133,0.05490188450876943,-0.09255723917556653,-0.01083315978102086,0.03418822249869039,-0.06579784971128458,0.05514142515087114,-0.0072491603175266215,-0.09180751538451162,-0.017034023988228873
0.01115776515541309,0.07707798661998448,0.760130651318965,-0.0038473562512590168,0.008764268538811298,-0.015358531521815228,-0.015308188285233745,0.01008684109745432,0.004026778109415516,0.1914188449837,-0.011062439943770465,0.062242470438207034,-0.0044663674361718995,0.4439564816027116,0.32190720047423027,-0.021266032286972134,0.060621916008095564,0.001925149721488591,0.020083148419864583,-0.01930468460752063,-0.014680299468796636,-0.03800498602765584,0.010457116961889733,-0.0375013980695432,0.0,0.00040354442041170603,-1.2093696238817256e-06,-0.07205702812674625,0.027204504325429448,-0.009836643112498294,0.003611987058597655,-0.0025382532553551106,-0.005623965203944644,-0.07675104074275713,-0.011612215842761993,-0.0001577785755056692,-0.06886678056738861,-0.7421090119921074,-0.8796034003491301,0.01108608517679599,-0.016939794089047923,0.00659576063784639,-0.0016411768778561763,-0.3149740585375185,0.0005590602445325792,-0.05492628609535551,0.012714090427228044,-0.044011720875904416,-0.005457714317305808,0.002110835966744734,-0.0019265724957124085,0.06306843132473122,-0.206427699578857,0.030334922227571375,-0.0121560776602384,-0.010264352852214453,0.004300267442682316,-0.02133449279115509,-0.2249964048495634,-0.49080716319597895,-0.09006406925821647,-0.2009984772118118,-7.99325111069653e-06,1.2920692344738511e-05,-0.1664721905178242,-0.003529978553346925,0.09416200479654495,-0.006466542542230098,-0.00567338428329831,-0.1626764320697949,-0.816129837577719,-0.3327755692751483,0.8845566932391868,-0.8730172729158224,-0.8403752132378849,-0.23609270581404637,-0.8018886782387478,-0.0010026573821573519,2.604908704756087e-05,1.2640627887103561e-05,-5.438259849152549e-05,-0.04847161818348015,-0.6243996879914584,0.016098760883837236,0.007799544510512681,0.0420495086646706,-0.005889391116235517,-0.02759643446490518,0.0018975528088770524,-0.014429870431157947,0.01015299091892131,-0.05529829951150999,-0.017846074952756,0.011417182868610211,-0.0027282448954260466,0.2032038157128065,-0.009339222029862477,-0.004462614971402526,-0.014128323804739194
-0.0012824850160297364,0.06854015221290452,-0.07582977993620325,0.006875217056740403,-0.002757096388453509,-0.004757842420432908,-0.015448874264468376,0.009017878823275722,0.003229966324798887,0.3116883152305524,-0.005396632867038686,0.033031661915564475,-0.009532729052149745,0.3981299669445343,-0.01949867098990797,-0.013251350645055292,0.06126393325145798,-0.001646918973482887,0.015846126166619616,-0.01706302772609821,-0.015335423119288327,-0.012884488225053699,0.06778944309745562,-0.5605505600116353,0.0,0.0009684024250839231,-1.7698065160276706e-06,-0.08046411296632584,0.026373963435068086,0.07224486284112941,0.0036078271743284294,-0.002567596081935096,-0.005543327681752347,-0.11287088701595854,-0.01161290480984841,-0.0001594872975483545,-0.06884032056528028,-0.27457913420638674,-0.812834012806847,-0.010900261981701688,-0.02120373144580575,-0.010959350138231568,0.10275280912105438,-0.2561686788010931,0.009122263492949204,-0.1858938022721833,0.0033409328472701837,-0.04388630759094733,-0.002403138620110004,0.015797059218339113,0.021553521119078593,-0.022635886983736583,-0.2446706630374376,0.051374221939123214,0.001018650232327345,-0.01305430810584059,0.009747775677247402,-0.007779977603012573,-0.1521888050556361,-0.44468415186007865,-0.049861187769613305,-0.212353606728263,-7.99325111069653e-06,1.281037450209525e-05,-0.04457039089073703,-0.003504385172680661,0.09501848583901487,-0.006030234906589506,-0.004531897127537459,-0.14077081022065183,-0.3424046786137609,0.2702702360907929,0.8468823405285296,-0.5578393386073573,-1.3737785945557197,-0.22110241087665725,-0.9448173688179774,-0.0025041945120172927,2.58650034725543e-05,2.5839845614963896e-06,-9.527220048156208e-05,-0.0858659129212303,-0.5761431787270203,0.030848229789773546,-0.06684207477787245,0.03365313648412248,-0.00897073471574424,-0.061579142766124834,0.006087048576395329,0.47624567472811075,0.04488249887821423,-0.17542891172605643,-0.0015165802280975322,0.013747580772490008,-0.0020310911668589785,0.14211527646583247,-0.0316396245178266,-0.09727934301707657,-0.024094320239257592
-0.003910567216766525,-0.016909531066688643,0.6869127185157164,-0.00046839087602306676,-0.000488349792376663,-0.03441911094240515,-0.002779134720592887,0.01668076071857933,0.0010692470432991266,0.20038760364156957,-0.0067826864575237684,0.06414997999867754,-0.02536029670490208,0.42883239051856575,0.3166457356569781,-0.0083067208472703,0.04466754582692151,0.009066817899486492,0.020871086714052405,-0.02554820990055129,-0.03564100956422912,-0.012524930642584692,-0.006435091803696292,-0.1035191578163998,0.0,0.000623397132243892,-1.3715703771686908e-06,-0.13347260674285968,0.02992527904909685,-0.0019672839785860553,0.003607978393673544,-0.0032304529753667674,-0.0056503037598533016,-0.09023421913437556,-0.011613790045670144,-0.00010543462393976653,-0.04938413293699201,-0.7282746459721274,-0.6713682997450366,0.5830536819813913,0.34679183853093215,0.009141042117659337,0.0996735087682014,-0.26456332690159434,0.003542660809050715,7.254100586220891e-05,-0.04504512109043101,-0.04454392093213023,-0.010429719897844776,-0.011197768546539031,0.020038677168554394,-0.025986920607947998,-0.19447425110020947,0.015014679591583518,-0.014838356979345596,-0.002469157348493939,0.008967992946764772,-0.023739400995782492,-0.16306238617073027,-0.42250206879775454,-0.048786934621472995,-0.2181280760325125,-7.899774108235073e-06,1.276135754330564e-05,-0.06337633058258896,-0.0035909242238692835,0.3002967779668522,-0.005708396490919256,-0.05256329286551218,-0.01447277594752522,-0.6392078420905536,-0.1469657287140335,-2.029265589976933,-1.406017866862083,-2.2723496845547198,0.4309114823542277,-1.1356898358266152,0.006245696051497469,2.7152606012774427e-05,1.341015812354718e-05,-5.438963260580962e-05,0.06201366889905471,-0.6683830088416327,0.18784976784682017,0.04566124263685261,0.013259930701842258,-0.005601422982048661,-0.11752843646036391,-0.0033811266344843365,-0.006782548033260226,0.005181872822674433,1.304087227431556,-0.02307479278826195,0.004338291053938392,-0.011124566359392294,0.18965166105915973,-0.028013185327652287,-0.08159222263208209,1.6577640177079336
0.004601187203926007,-0.3900541821210741,-0.032663570248652414,-0.004478067827108389,1.0751806972946506e-06,-0.007573337083909156,-0.007870010624265638,0.01838320817074877,0.004464983410454736,0.19485533716212147,0.0016241977407674964,0.06239641731228088,-0.03716918303771801,0.3917669572004997,-0.014976252846446471,-0.018648461686451824,0.0602911375753637,0.0010067535895654151,0.012539611493975901,-0.0026607367253099665,-0.017186659070801785,-0.022181803863904007,-0.0028299657679612625,-0.19364394111414143,0.0,0.0006502902122189794,-1.6148996861967735e-06,-0.08967160181523247,0.024649784803106586,-0.0026500984973537776,0.0036084047137146975,-0.0017106939716629163,-0.005685499538208599,-0.11569693882439674,-0.011613695952273517,-0.0001628514701270355,-0.06888655143305983,-0.4718852120075198,-0.737248166789493,0.007416466102261208,0.07580487660816224,0.001897980578959323,0.09375434437155444,11.933582830267914,-0.0018095940289652183,-0.008946347136168317,-0.0026994378409543936,-0.04630241976582584,0.011719573700640605,0.005574388267931666,0.01984719742509744,0.08783677730179651,-0.1895803991896348,0.03232435366247628,-0.005062260957353992,-0.011934587262962072,0.4681723936405722,-0.004697981760423709,-0.15064810443205334,-0.42146290310351014,-0.04601760129231286,-0.18783596251365717,-7.99325111069653e-06,1.276135754330564e-05,-0.07140601820421344,-0.0031820679088663175,0.12245871613125885,-0.006964873368289852,-0.003577009971638689,-0.15507697485738103,1.223186158349298,0.29647696627500364,2.1793992381306,0.21858144509928082,-13.43584664323201,-0.33550977625911527,-5.007705973237269,-0.001525112647932013,2.604908704756087e-05,2.930760969052278e-06,-5.444009326549611e-05,-0.039857875958881545,-0.6244343055609958,0.017858413927095217,0.008161093181496534,0.040949619760257995,-0.004933962084860876,-0.0597370420400256,0.013005991560141018,-0.013957407390558618,0.005992532297131153,0.217352455937948,-0.018669522490746392,0.005741294763399072,-0.0009646515731227521,0.18577545922155767,-0.026923921430289002,-0.08540701610941595,-0.01864343380232175
-0.006046657896508433,0.09332830246417058,-0.021141583251818752,0.004082133918057982,0.012630824772509014,-0.032409813528067474,-0.013557808183291671,0.018467788110808236,0.004828726371595187,0.3211172986084514,-0.005276688007605086,0.07529226301689425,-0.028659164124688982,0.41995339944603644,0.3277584946625658,-0.011252358358340334,0.013279483936317414,0.0005887712318945664,0.022588051106032292,-0.006971813438315174,-0.011552797049460262,-0.03862806017881895,-0.007195516200701709,-0.1196437739590398,0.0,0.00041429361668364744,-1.6148996861967735e-06,-0.1391537726067131,0.028038862421028314,-0.005030182679577181,0.0036074363483846383,-0.00242511876345027,-0.0056632451474090085,-0.11645644622980021,-0.01161399245535401,-0.00010555882933893124,-0.035159362084238685,-0.2490100893120565,-0.866404345372557,0.5790783208346915,0.2989469119820984,0.0003952142174748855,-0.0022532180096067715,-0.1708696374571353,0.002572604468499235,0.005898587821297147,-0.00270087034116137,-0.005883200667163642,0.11495595004380567,0.0001035905730086403,0.017761455476353067,0.11853340138192937,-0.20188666923341678,0.01754574790468286,-0.01404243637579973,-0.011237274379411053,0.018280921886223444,-0.01063303705591682,-0.19920535406161768,-0.44097921663694634,-0.06964707761159421,-0.20671205712879867,-7.99325111069653e-06,1.2314528899803664e-05,-0.16787485074602754,-0.0012847372329218907,0.10789395935470185,-0.0064609988338795565,-0.004945585092985952,-0.14567621710645492,-0.758200870348159,0.3744348521308725,0.7755217441822526,-1.7261767825541023,-0.8750416841636208,-0.22223993537855022,-1.0157542614730695,-0.0017888513736818562,2.7152606012774427e-05,7.639481301763179e-06,-5.4384268716807154e-05,-0.03573762729078197,-0.6179871235309364,0.05294196268275022,0.05139430319955896,0.026094122324482685,-0.005506817841975902,-0.10723259829164258,0.012818682350127718,-0.009649224273864356,0.007934178605232288,-0.10472742595939222,-0.019370813197293474,0.007957365396315929,-0.013748845760834263,0.20669598418671195,-0.0032182415786732943,-0.06319284155580432,-0.01750537698719733
-0.001873062150063453,0.07281385108021873,-0.030837396812239043,-0.0034257098702327755,0.009032526819684888,0.0028318270172602027,-0.01629184313417261,0.017351556152448305,0.004091881577398875,0.31341737783090334,-0.004166038462612476,0.04714095261671193,-0.008247524453291853,0.4454495132223657,-0.024583469111829577,-0.011807644666032261,0.05671274842161621,0.009688201302597605,0.019564295493552385,-0.010733794313863806,-0.016659860569017963,-0.04050701948182606,-0.005545758116715149,-0.013626600812451754,0.0,0.0006396554135118513,-1.6148996861967735e-06,-0.058351326029224236,0.021867111090081742,-0.022554610852902883,0.0036126057596992285,-0.0025351476472474854,-0.005682668646853487,-0.11632867440768299,-0.011611401272514784,-0.00015910542129283627,-0.06883598627544843,-0.23694536082134787,-0.877847800776901,0.012880719611406445,-0.022106839836257733,0.008012230067813176,-0.003142321672659355,-0.031775069095394154,-0.0016816362423197908,-0.02951693390095668,-0.041399993705826366,-0.04316088398922484,-0.0163503385799443,0.0005582938365731411,0.017499839674976526,0.08506233263833539,-0.19732465714294026,0.021505611742827665,-0.01492133399635733,-0.014336383979732213,0.015273061675314037,-0.007864445205021728,-0.20501019789991862,-0.4557487279663173,-0.08027604976352457,-0.21074164731453884,-1.7071571989646118e-05,1.2829628166120013e-05,-0.1670495307222333,-0.0019456567044329432,0.09946944882496968,-0.006571458893530812,-0.005079435861040065,-0.13845180418547978,-0.5191411962106747,0.20643514046827827,0.7952488618374719,-0.8159223710349613,-0.6894481121335945,-0.13370243299331191,-0.7352999007842655,-0.0012714485792301982,2.6049045868123672e-05,6.89379606994457e-06,-5.438259849152549e-05,-0.06393080876628962,-0.6174591001674313,0.045033948697550584,-0.5201129965097653,0.03262792514975711,-0.005911165794487452,-0.029165394098431236,0.002522609949487694,-0.014319518349063235,0.006694563447018427,-0.09740700485227571,0.015439820215705525,0.016231960778610045,-0.007697154786615201,0.21605004598926272,-0.018639174207158948,-0.009230097300925857,-0.14398023457738446
-0.0020532239336976932,0.05550572157285562,0.7191224601116956,-0.010354321195213245,0.0015406045905204076,-0.013468990965968602,-0.012315340074336514,0.01248791817891618,0.00431580894587764,0.19692840002646972,-0.003606675497947937,0.050782771275843915,-0.0314603977682318,0.4034414017034837,0.3290008525984014,-0.020139965994144183,0.0393595578107248,0.0037164945463162035,0.02127140256807419,-0.0345887105311308,-0.011061197932132566,-0.04180023011284845,0.00010044372671048581,-0.1163296230139141,0.0,0.00035435732591631024,-1.2093696238817256e-06,-0.10273468033725575,0.03173477686941986,-0.0068529381573266,0.0036080168106108436,-0.002439922943206292,-0.005778405190913295,-0.0641861745318566,-0.011613661600741359,-0.00010417830297400137,-0.04939129967015771,-0.7207491036543341,-0.8483950191598746,0.4957918025933981,0.2307783045440647,0.004242138451393463,-0.0027436091974103603,-0.27856035521994205,-0.019317836435794565,0.03475795336653072,-0.038921625552552276,-0.004469442345539005,0.005363035300280119,0.006169707816785374,0.18999348258863194,0.08296118234111692,-0.17137304451610946,0.012314422328512174,-0.002425948064837152,0.006536425430391193,0.0019992186198569115,-0.019469170790891152,-0.21243196716208956,-0.42258359987089883,-0.07629919295743019,0.2320555451979987,-1.7165048992107574e-05,1.231697266696544e-05,3.225487955456547,-0.0029563873091752414,0.09152270996169933,-0.006590933289591886,-0.006274094823199412,-0.1576028518574086,0.012558364273469505,-0.09981268045278127,1.0556693829915353,-2.257581667453811,-0.3445177535814207,-3.5634047421207193,-2.740010254707462,0.0053265450950494755,2.7267499064120564e-05,7.712852987804379e-06,-5.4384268716807154e-05,-0.11764379597681003,-0.2669014661834387,0.02072242459854764,0.014090587311740167,0.018954629256982287,-0.004658455873976473,-0.11138908271295733,-0.0037452275216430927,-0.006813173784500337,0.0001386342095928712,-0.10272077713063817,-0.015841005311513928,0.005247504699690636,0.0017308785294823407,0.2011166426148819,-0.023103206570034514,-0.0841886324798997,-0.03865361534688557
-0.004275250753084839,-0.015154301368325934,-0.03149110995663034,-0.0021047946174885712,0.0018434151247522465,-0.010110055495644662,0.013035360384193676,0.01632594905626658,0.00791811132459713,0.3165823481783254,-0.004538782872438294,0.02561322633500028,-0.024870377875852872,0.057793818479645036,0.32605666722726323,-0.012672867355695262,0.04792623222934141,-4.2287169613294225e-05,0.022130000591392824,-0.011381359751271948,-0.010870830800082113,-0.039659872984816,-0.004368108429949919,-0.15519568149668553,0.0,0.0005362901813190047,-1.6148996861967735e-06,-0.0669468959807085,0.08486725641513007,-0.008431457760767841,0.003616200018263103,-0.003061886038580179,-0.005655359312204203,-0.09940408499323887,-0.01161320351108222,-0.00010301305203924018,-0.049356070986943334,-0.3616746732133652,-0.78954255537511,0.6472967762995585,0.09222459387687129,-0.0013183092337456072,-0.0031285182957174937,-0.2646368740896664,-0.01501139191391711,-0.028747624603348825,-0.04517450427343626,0.0060910509994592564,-0.0018456784888161637,0.0031111818733322947,-0.008527730682186664,0.1343062719675237,-0.1899222262085957,0.037878333717373376,-1.0259312018256041e-05,-0.013291612323416666,0.003789104724162695,-0.020898532540624775,-0.20091770268465625,-0.45255838456017217,-0.04736797247979784,-0.195075400228332,-1.7165048992107574e-05,1.2314528899803664e-05,-0.18107992746473756,-0.0025171157124324306,0.09548701747664616,-0.005827701847714252,-0.0043562460902412045,-0.15735982853216365,-0.48290459441345657,0.33470959969244657,0.8048260947243228,-1.485639997049978,-0.6354946968977545,-0.25882887526183507,-0.6128637773750774,-0.004225165910914464,2.7267499064120564e-05,7.892387891743145e-06,-5.438535595086696e-05,0.007581019019571145,-0.6667754520760023,0.04765548906126672,-0.013578782968622893,0.024929740757832393,-0.006684973756964615,-0.100372483909241,-0.0001930674411877618,-0.010138024518909293,0.002313889806442438,-0.04524377055308656,0.20410071389213422,0.004535947517487842,-0.010563642393837875,0.2712501959557456,0.014770608272638716,-0.08467837457328035,-0.011980737993551129
0.0018076668586543157,0.0682551850017681,0.7562634164886226,-0.0012793659685216168,-0.0025079960777995023,-0.020353506085287496,-0.003378671507277611,0.018213226160392358,0.005013701925506128,0.31681745096910374,-0.0009428247062151752,0.042841584009917576,-0.009011165478573644,0.39485273607027743,0.3210207064999147,-0.0029217706867209867,0.008584471136720584,0.026456170036974636,0.01809821385464709,-0.008774355987703807,-0.03661136661703511,-0.03755010755497943,-0.0022577874827376166,-0.1355640852979492,0.0,0.0006554642048447893,-1.3715703771686908e-06,-0.17800052094561944,0.02818283626053071,0.006794270991127105,0.003613333183520367,-0.0029283587296713063,-0.005614671268579986,-0.10078335973970952,-0.011613934655575715,-0.00010366818384658798,-0.035132838853125445,-1.6070890404923932,-0.8355474868110196,0.602036730444163,0.5485125484341802,0.011891901322107929,-0.004815232596571664,-0.30465327517014407,-0.003545921892257605,-0.017906057054426466,-0.03224086003697714,-0.03824017063248563,0.0017767201379847279,0.0035673542905638716,-0.01026297389138025,-0.028206532290363177,-0.19540698072640542,0.012782062631850943,-0.006543652875843606,-0.006023023769030932,0.01574581163394857,-0.00872443084718057,-0.19931951952012367,-0.3914241708397446,-0.09254418391297853,3.409713241516777,-7.899774108235073e-06,1.276135754330564e-05,-0.024979015580589996,-0.004390550936706535,0.08135482238590763,-0.004310819559955399,-0.05422241711499416,-0.074963132118431,-0.43061953969201117,-0.11163778230557428,1.0673347473098416,-1.161441793306465,-1.1532067726362432,0.18859204503026644,-4.450179139222947,0.01084652178923384,2.7157420605301277e-05,9.336821683366232e-06,-5.438116570043883e-05,-0.06760854857165882,0.18905271511038388,0.09965717313310009,-0.6403883159962213,0.02344957458401836,-0.007854227929017134,0.05666711848683087,0.0015807173795615065,-0.008459818200047107,0.006118588937379307,0.22230354492918847,-0.02738288003074099,-0.010413505882094483,-0.01872113115475343,-0.1318836802471419,-0.06558301964203407,-0.062411840767352414,-0.00872769295545058
-0.007728016288970854,-0.0008920386003493677,-0.03655568433752017,0.005021042892634171,0.002673173588324272,0.03750336265169832,-0.006712575116732485,0.017044706488327732,0.00010600423393010002,0.3992291390689699,-0.001372187227107688,0.0991780918609566,0.03384951119270849,0.40369105743575956,0.3199242533821321,-0.0026142462771086288,0.0504814969090527,0.013999600886687837,0.021485545549937327,-0.010149215865812798,-0.009983630747762089,-0.008641335955362974,0.030502155907025787,-0.21963536209823825,0.0,0.0005322748815446888,-1.6148996861967735e-06,-0.0780702353279471,0.04074234277949407,-0.009618134631616516,0.003607636502440807,-0.0005378775596694197,-0.005931794916620382,-0.1075624658935496,-0.011611722487413573,-0.00010470407773518733,-0.049400518275868936,-0.3381342558674753,-0.7139795116432697,0.6664160339169407,0.06381548334721722,0.0022870778957325465,0.09748803822976793,-0.22159190015687644,-0.005895947197721601,0.009545437905979056,-0.04446006643497449,-0.03742461977239074,0.008519017635336018,-0.003624994444297599,0.02272032547024558,-0.02339886318020668,-0.018068542899611607,0.004026574366367654,-0.0031734071078475348,0.17931001053297066,0.0786903661001144,0.06858708461345517,-0.20423883764983594,-0.45618985279087626,-0.05889758975915952,-0.1875060030619733,-7.99325111069653e-06,1.2800109823853041e-05,-0.1905524128671417,-0.0027236961221027245,0.08766390999291082,-0.006856442252962623,-0.006115783903427525,-0.1380509969332146,-0.5857568858405696,0.32982959059913863,0.8878143765191764,-1.6584864568212057,-1.2073186475237412,-0.34901196358821895,-1.4130119942554615,-0.0014277632158540999,2.604908704756087e-05,9.31743137503248e-06,-5.444162918833854e-05,-0.01459764293142028,-0.6231350830737714,0.027575724884506287,-0.068888177234677,0.011530610836671574,0.0017884064345365094,-0.0064826428388653585,-0.0004245750426327807,-0.006797359728213573,0.06074824603334261,-0.11440555389586424,-0.013809563091112354,0.007878930394459326,-0.0024322878253405546,0.2601152118543338,0.03265288391725653,-0.09076803228246971,-0.020372534652045974
-0.010425326319918762,1.1378345181522265,-0.02029645269145747,-0.006063388779459368,0.010398025338102758,-0.010900420008704597,-0.01658985245659121,0.007357626898129992,3.57213715298607e-06,0.2954753242793685,-0.005483055558177148,0.05893414174263495,-0.014757614369875303,0.40377453332545704,-0.014281402486124986,-0.018085797064881805,0.06657210821951869,0.008114140206735869,0.01901658696082367,-0.022377820209683194,-0.012418601934447184,-0.014567617139883174,0.008978816087298435,-0.02750056502778596,0.0,0.0004149686221419179,-1.4526989329098083e-06,-0.08038265478222441,0.029444440431119913,-0.013733139350436517,0.00361327891835804,-0.002652748033638515,-0.00561990640889933,-0.11148497343701541,-0.011609063531528003,-0.0001608528619598588,-0.06890303834480747,-0.29599918883325094,-0.8873125357579935,0.0071982848871708525,0.0123561834130583,-0.0008334365898808292,0.0990093622605,13.284402591477267,-0.0021418293596613394,-0.02935810015125515,0.008210818943914238,-0.00768472714259088,0.11666104064796784,0.003908848863890391,0.01845193118705481,0.0918156448964883,-0.1857585767937559,0.03243247235787585,-0.009524848898027457,-0.014557220058159123,0.46771064915963206,-0.02401974114441401,-0.16537951540294485,-0.42390347387042077,-0.04493325906374298,-0.20682579765511808,-1.7165048992107574e-05,3.5186926153628586e-06,-0.18066641370136033,-0.001421596730318221,0.10630394656336527,-0.004490549749465971,-0.011217772937869115,-0.16926254520318768,1.719801672694933,0.3469791356154162,2.3827097893079285,-0.1843308563894697,-12.9646449856712,-4.258167133833987,-4.933343642750076,-0.0004002374200570263,2.604908704756087e-05,6.953680978445982e-06,-5.438325262066449e-05,-0.14197127360509235,-0.6206801616559429,-0.010017680866834768,-0.12566720332392825,0.04733441301557998,-0.005344790108402569,-0.01917905209837346,0.007795368544623479,-0.014204928532347772,0.011383082948649911,-0.09513253949054803,-0.011110490254709221,0.011585018338913308,-0.01568405966948077,0.29909494374437606,0.03779742783861351,-0.017143455581642576,-0.018189704263935434
-0.0053506116379271225,-0.046469501427489575,0.18609261592689944,0.007185224501265695,0.0006152519900550047,-0.014883364009986553,-0.0073555164341334725,0.01543246135668395,0.005024232847528666,0.3096147263861083,-0.0031820623466220182,0.052197679455752266,-0.03189463002302711,0.4433804386289485,0.3177320080817358,-0.016137643237288942,0.06274655007525824,0.0015893620054926753,0.0223864987212861,-0.028007617265893493,-0.012879374844430832,-0.042701333651247064,-0.005156895003602084,-0.03056572650276101,0.0,0.0006000949362085912,-1.167364926708845e-06,-0.08104214766380281,0.028606643331002084,-0.0065615279113505915,0.0035582213672709323,-0.0017263677922412259,-0.005576805176698625,-0.10550667466325817,-0.011613156638952148,-0.0001595337178404888,-0.06883800610262489,-0.2843937133925246,-0.7504153318700024,0.0066719988952542225,-0.04234740426931607,-0.005208686812969173,-0.004414404478715496,-0.2765588858706769,-0.00374575929793438,-0.005047997779489005,-0.04475882148702826,-0.046124023604962996,-0.003949890438868637,0.0014480985016829817,0.017124531224496573,-0.028989802284206986,-0.18822265079963568,0.028585786526509477,-0.0063452112872373545,-0.011478906128337858,0.004100223843527714,-0.02321666026022917,-0.15816645232578017,-0.46464173959997995,-0.041481558418242095,-0.26727582500301933,-7.99325111069653e-06,1.2850535638235901e-05,-0.15476298637835745,-0.0035298063933801513,0.08704302277120508,-0.00667557610183326,0.16340863403457145,-0.15659802956678126,-0.7077937426462261,-0.07311629526672449,0.7983680439834531,-0.900533805879841,-0.7533455017665204,-0.11898172577335328,-0.7630011839168167,0.0005118297585527973,2.5908890479088297e-05,-6.362823303955231e-07,-5.440109782869731e-05,-0.029008225355985226,-0.6749231241083522,-0.007513063974293656,-0.07268701221456714,0.039332005585498986,-0.0069114253522538855,-0.02220657549722423,-0.0012891869315207751,-0.013935403154655667,0.002899874164368804,-0.03739444151824988,-0.028946856718142525,0.006583672341656636,-0.015661225542853985,0.2509778356233694,-0.026511166845920205,-0.07090975422356295,-0.028469381160400462
0.013480574838339117,-0.04094838367602579,-0.029294130582486196,-0.0031669591951521596,0.011472360048268689,-0.02509315221884324,0.017689929733297506,0.02016427290058421,-0.00023683695076875112,0.3157884682569862,-0.0072082106667516205,0.09775250690919512,-0.010262973100950874,0.4292447701211151,-0.020929105021689116,-0.019579931154639588,0.0536626057732261,-0.011511648759748938,0.0008288086114481166,-0.010058028171387628,-0.015284496240225282,-0.0466593398530791,-0.006321731736351944,-0.11999067452578778,0.0,0.0007419258810717019,-1.6148996861967735e-06,-0.07875758620625864,0.028448048112964662,0.0006862889378277861,0.0036078331215294553,-0.0028180705528175498,-0.005731752848621709,-0.1189561742003598,-0.015538017234145477,-0.00010298693679761197,-0.04937360377680418,-0.22536301458486963,-0.7718535261931019,0.5977337287374935,0.057519539627831275,0.012163500903149735,-0.005477932301112449,-0.2674439760493885,0.0022188052639914454,0.0005094213674794188,-0.04741546308688997,-0.04950182044420449,-4.892133114943573e-05,0.0020976408158242914,0.02023276593903101,-0.031172090791997207,-0.13035971508414798,0.014546966990411185,-0.01781236130920914,-0.014411211444793348,0.008375248879501926,0.06789237899042656,-0.195105313349442,-0.40783968041001895,-0.05972196413173458,-0.20042522194549464,-7.845886144875703e-06,1.276135754330564e-05,-0.06807455595235551,-0.006237904774629547,0.054482648734528766,-0.006492265546445136,-0.00658644656398355,-0.16416658646869656,-0.3598010553067805,0.322638442985998,0.7541611566721302,-1.5841010392947532,-0.7449360244112202,-0.22215576554339947,-1.058363241579997,-0.0008674935859650861,2.71525639866172e-05,1.4422001400079158e-05,-5.440108856811564e-05,-0.08439896625854346,-0.1475488760701134,0.005324375172268107,-0.0971386345278024,0.0175514753321077,-0.004453259595744891,-0.11774044137247865,-0.001581622823773514,-0.006468567260443314,0.010586982032215211,-0.17098054105469182,-0.020298643875228645,-0.0077859474313611106,-0.08857997119036884,-0.1320349441508576,-0.030034495088865305,-0.08923912564978831,-0.022032046327046133
0.0045600599362496125,-0.007746400132484502,-0.032985391302978416,-0.007740551804377783,0.009272721000774618,-0.012377629443229529,-0.007244266040732483,0.01124996712827658,0.004773141344862695,0.19529118090288544,-0.00633031552824081,0.05836499998723749,-0.03739566118030049,0.3577769176533884,-0.018421097132591713,-0.019980233713851995,0.010008313892181033,-0.013637259331031616,0.021749796582465925,-0.020193095344614928,-0.008413266435493399,-0.040542430627769875,0.007556190800870558,-0.18296520025686294,0.0,0.00039825692894722675,-1.6148996861967735e-06,-0.07125487851504958,0.02476259697919582,-0.0008740652107968186,0.0036084771698935937,-0.002811821451684768,-0.005800147557649749,-0.10961016619794146,-0.011612824208251818,-0.000157935355969175,-0.035435047546256565,-0.2920636823196199,-0.7397069143528826,0.007755081256241361,0.10858518832713315,-0.0023547984319473116,-0.003152432939871026,-0.266848769990845,0.0025268871537847465,-0.00994833057319507,0.025214453237832134,-0.04245907121289566,0.00510694451298747,0.006116600755902619,0.01869643488556044,-0.02607230942260535,-0.18833078427568592,0.01807367664689101,0.0013434415341231592,-0.016373860147187815,0.013177956592538875,-0.019814820554882984,-0.18866933840559091,-0.33869211349109335,-0.07457651358009175,-0.18709655996867058,-7.99325111069653e-06,1.2811338398412898e-05,14.009567199031665,-0.0036793141243370944,0.1282545601894147,-0.006471936232809256,-0.0048925958853284065,-0.15225851578223357,0.3689645995849599,0.14356257611959225,0.9494302511038385,-0.6184897066318674,-0.3624662376452731,-0.5315645844786003,-3.9205050294445947,-0.0013027547648904495,2.604908704756087e-05,1.2634552671136986e-05,-5.440135515978506e-05,-0.008855643661189364,-0.6201503755267705,0.001591663793839895,0.03630169506787541,0.03847743158437672,-0.0032134095992596683,-0.093125471131619,0.002242188189790533,-0.007319564284599322,0.0085201927081214,-0.0960295707775871,-0.024650651901115664,0.001536274867049187,-0.021860271608394426,0.2105444651219882,0.1659104666008562,-0.08073627464192532,0.1402900267553561
0.006203742355519758,0.08103968915793071,-0.03468978260397591,-0.006153520885574431,0.0076178429062081715,0.010386213237347897,-0.011529036930505044,0.013618791570644969,0.0011603419409441063,0.18814732206644516,-0.0005474657183829447,0.04141227462286802,-0.01698944478211762,0.40363882760622966,-0.023216472963458565,-0.012788234796090215,0.06757612751553678,-0.012933011966192905,0.016903661796695713,-0.021155951252228744,-0.016196956974340634,-0.014061229092676132,-0.007047978937071867,-0.19288842946945828,0.0,0.0006501230663158526,-1.4526989329098083e-06,-0.08398954766491991,0.050665760074796264,0.04291114072498596,0.0036080064218469536,-0.0027664183694939494,-0.005672922561934168,-0.11541657387756327,-0.011610973572856386,-0.00016081893637907418,-0.06884114780125067,-0.27153398416318986,-0.7887986299108282,0.011304223815940413,-0.03291739026548054,0.004252600529651415,0.09754585436626488,-0.3101381345643443,0.0008360505700040766,0.00034865245405861067,-0.040340118861162656,-0.04316968654847149,0.011991250253459748,0.003523822919041599,0.01833500625732203,-0.020470707286306594,-0.1940562171156455,0.021011617639504737,-0.015476968974492949,-0.01210218676471209,0.0032838140693097905,-0.024101154881106146,-0.1892648644883206,-0.4555171520011971,-0.03866230608845106,-0.1941686232379889,-7.899774108235073e-06,1.2796420991926979e-05,-0.17561126672387417,-0.005364454228126061,0.12543230321294316,-0.006532588317021221,-0.0052672783018556865,-0.12317232746871301,-0.4168763326812573,0.14361736313501341,1.1270625163905599,-0.46033381650238336,-3.1989396871878757,-0.1190100638167762,-0.7884595759515053,-0.003236151102000808,2.6049045868123672e-05,2.940283256244827e-06,-5.438963260580962e-05,-0.030457320198971717,-0.6750512519070351,0.17829540049799208,0.07833026276456381,0.03270924850373943,-0.003608382974510942,-0.07463977717920843,-0.0005973440050480333,-0.008014217389053656,0.005127531649188812,-0.09187538076950273,-0.004464055220900361,-0.0003433577180014866,-0.003815310317330015,0.2031838333569242,-0.018091108628873673,0.014247589643382377,1.6679775946420525
0.012393904826665485,0.09032524249386205,-0.027301190845702865,-0.0034967500969483676,0.004235404289727057,-0.012011239648593734,0.024888594298220625,0.01867684672148574,0.015737152886421656,0.20029767643272264,-0.006432077423177038,0.010555333514721568,-0.026603066940010005,0.4482019863167422,-0.019829662952338886,-0.011364363363651606,0.06375116782280986,-0.0028317177828084605,0.0007545568060837676,0.032866889668998645,-0.013030034562393163,-0.04706128455080997,0.011700375014921927,-0.008446165851139477,0.0,0.0006634540592649158,-1.6148996861967735e-06,-0.09142165960682883,0.02345259935253285,-0.00381460236178627,0.0036157871404674654,-0.0029418444606019883,-0.0057529408536474425,-0.11525402716495123,-0.0060389138089104065,-0.00015986209956945864,-0.0688368633922232,-0.24253115233798173,-0.9326252339064905,0.01754589370051604,-0.0392324762201598,0.0046263891528194705,-0.0009341243790363922,-0.28571312637183444,-0.0015513385639776027,-0.02924185887015539,-0.046515609079433785,-0.01020788473408694,0.007387494281468637,0.0005229861032846018,0.019715775568257925,0.08551036697178169,-0.5042789271125644,0.006174763550630939,-0.0006097062738716447,-0.018312806690643054,-0.0381233272016142,0.024340136922953223,-0.18680133747974426,-0.3916785561253474,-0.07361960284329493,-0.2131832044696137,-1.7165048992107574e-05,1.276135754330564e-05,-0.07725582379077041,-0.006355671179497747,0.08000536194399926,-0.006391131569308619,-0.006574536387202658,-0.15601287330804145,-0.48488603357791504,0.20552813774243484,0.747639790126793,-1.1215532079415682,-0.8164104790560477,-0.15110834199683743,-0.7584182159828854,-0.002622631557019451,2.554169088284618e-05,9.147093455141635e-06,-5.438259849152549e-05,-0.09582475643079973,-0.15543402239813453,0.01786308921155218,0.18654164888420055,0.02451445443487464,-0.0029053768232580914,-0.022560882511932372,0.007668825694658843,-0.015325908838278434,0.02364625255717288,-0.0930676798493574,-0.018904276690473155,0.009973103863482225,-0.004871883642388039,0.270641706172482,-0.02508375710659843,-0.0808526028853473,-0.022210899487008332
-0.018887135486192617,-0.030107435294809127,0.7579293722231891,-0.0058939483539731,-0.0039727235793225405,-0.010151662307618037,-0.008043988143705388,0.008769788663898671,0.003627268585984376,0.32807738403799874,-0.006980933840748709,0.05342913393392639,-0.010173150065665623,0.3914449187184901,0.3243014789951057,-0.014777981283444803,0.061863000648763496,0.025530895380931187,0.021994622855211515,-0.020635197028669568,-0.016379705783351444,-0.040441135036301146,0.028789637709567373,-0.2151868826282849,0.0,0.000978294710445709,-1.3715703771686908e-06,-0.03221683766440791,0.02158549645090395,0.03995617079571337,0.0036078691648876587,-0.0034015838433191334,-0.0029505312754532467,-0.10359927681473816,-0.004995740236357538,-0.00041168464152464926,-0.068738150148729,-0.8417990788713952,-0.7764296714950091,-0.004893830810357841,-0.0643057047769809,-0.0023421990553164954,-0.006348119104631592,-0.2682260489315099,-0.004295429519079187,-0.01677226872153835,-0.04061563832741721,-0.006155574195287218,0.0010750087726524016,0.005476199277297282,0.017108011077237476,-0.024287890535330817,-0.09010520018718977,0.032016660143449366,-0.020282218602839852,-0.003978222835924513,0.011951696187865795,-0.010167099794366734,-0.2551743687419761,-0.43468353065163373,-0.03314128042099467,-0.21021600316842456,-1.7165048992107574e-05,1.2740188521506813e-05,-0.19618163310158182,-0.0011541670112380634,0.25881345809314604,-0.003287573496641654,-0.0040794971913931805,-0.027684991442858898,-0.6858577187931327,-0.33923594190221906,-2.4086499632962344,-0.5243377767275702,-0.1355117647824748,0.258360157986899,-0.87549627896964,-0.0013635399905588834,2.604908704756087e-05,4.797260716452623e-06,-5.440263375153974e-05,0.0778157548442842,-0.6264258548260145,-0.008598423121003397,-0.07452760750007563,0.024498274656827034,-0.0014267316503708055,0.09764778783612792,-0.0021174419208320984,-0.014611251332428899,0.05046672503947938,1.281973537265421,-0.014389904211624359,0.004337504696043717,-0.011835442689845073,0.30778820915668303,0.032431319300829195,-0.09724080945894423,-0.033781775073539556
0.0035914385397638813,0.07325109972738376,-0.02875881547135522,0.00026333154719371536,0.003278667488118719,-0.009255327312724377,-0.010052222396383488,0.008558529502370784,0.0011903277957308674,-0.04601562749412572,-0.008185916267261386,0.06984307874682462,0.013533509631431772,-0.02593478271908598,0.3172341532872238,-0.012176924674361541,0.04446776013766864,0.056718161930716764,0.023733551872324222,-0.027585801016175037,-0.007454672606211567,0.011595118536491937,-0.0014529509045629729,-0.1848213313097762,0.0,0.00039983618906985633,-1.6148996861967735e-06,-0.11394698228643795,0.0356216105137489,0.0015841409041472427,0.0036076912473741738,-0.0029546438062135368,-0.005796907462960891,-0.11072670547260743,-0.011613223470815528,-0.00010516836038068778,-0.0494095031118862,-0.840190805087452,-0.7826929759106058,0.652682873129372,0.5227771855108806,-0.0031532106942757454,-0.004010699642905273,-0.2924243704414337,0.00974320407253861,-0.01024746602241582,0.015670261704956345,-0.04130502962038424,0.0046418542500813,0.0037087204996577236,0.018985871610472098,-0.021330404977518518,-0.19703476918908794,0.03290029810641357,0.00205059211001528,-0.018828688096878946,0.010523572862023755,-0.024842056211752693,-0.17606972673156918,-0.31244829254378215,-0.08115076591028661,-0.1790563992564696,-7.99325111069653e-06,1.2852669451589858e-05,-0.19982529775316646,-0.0032488104154961136,0.27326236055950626,-0.005719192887645922,-0.038478555530880386,-0.004242617974457069,-0.284487832453195,-3.151939247944488,-1.9250487348525203,-1.2383905801206216,-0.05786153171718324,0.7940940983813802,-1.816526483371617,-0.004297215521710819,2.7152606012774427e-05,1.3410649862464741e-05,-5.4382506557545464e-05,0.12927853263120268,-0.622539082241421,0.03580240988867857,-0.3538924097891748,0.021934421437040535,-0.009872831584581661,-0.09628121389921912,0.0022685865441691285,-0.007311694670803319,0.026180213025805386,1.2815119454460147,-0.07418975304147626,0.01253658440088121,-0.0036206780123963322,0.24099991247271915,0.03213451158183978,3.5068770973543235,-0.034385493292523404
-0.025699284331097645,-0.015532636115694002,0.7194528794520525,-0.0028191509040456915,-0.0020631098128418924,-0.02103855999185576,-0.008139598755536227,0.017540713952985627,0.004678526976056416,0.1916183850385509,-0.003478181505570029,0.08518604286517382,-0.023380981020504493,0.4421503975168834,-0.022183434496790617,-0.02025284961667694,0.06038019704537884,0.002154189824491351,-0.002698027351605545,-0.017352139990413646,-0.01579135655616237,-0.04022608165640941,0.026167865568337875,-0.025469295347356723,0.0,0.00034279273953929533,-1.2093696238817256e-06,-0.10034020932569862,0.022913846069871714,-0.011896475547226018,0.0036083993366139502,-0.003511159798137738,-0.005565330426554671,-0.07527343149471716,-0.01160912374711506,-0.00015986209956945864,-0.0688807100682289,-0.7415256953241309,-0.8233612614896909,0.009939125261583123,-0.04232255070039555,0.0038395544743109584,-0.0031884043093191494,-0.27056444951237907,-0.002345392920641078,-0.030768601972426476,-0.044333583723728316,-0.011047132604028415,0.0009255655340075122,-0.001529396082394694,-0.0014964008906619161,0.06410934215781672,-0.18774025021407156,0.02830804863306087,0.002239505112226242,-0.01307372827721123,0.006854727359994633,-0.02508030527626511,-0.2273821289760611,-0.4279033239230107,-0.07727507640090552,-0.2112367028782653,-7.99325111069653e-06,7.146678806426239e-06,-0.18066153088508558,-0.0028401127005110095,0.08942237627839694,-0.006481276508192156,-0.0045771783587671,-0.16771033136157942,-0.528765443467395,-0.2985638630498646,0.8877293618238375,-0.8658774892394627,-0.6634863518596684,-0.1859830351368003,-0.7328119449686356,-0.003086483897034017,2.604908704756087e-05,1.2652476141836562e-05,-5.440109782869731e-05,-0.029875378381540398,-0.6218131118197932,0.00724568552073263,0.12868189693961976,0.04426506029384348,-0.007899215218922432,-0.03500521918338404,0.0032284582868029065,-0.01406402727271233,0.0044911913419901596,-0.09868380389836949,-0.020448873778570673,-0.0014615217687926087,-0.007581200349093261,0.21746302203354076,-0.007456143356736747,-0.0044066938032914305,-0.021270612293048764
-0.004151450117755357,0.05941542307385452,-0.014055779507270653,0.006329223382304037,0.0017047416236630206,-0.03411747392024641,-0.016497309087888722,0.010152991171333807,0.0031468034098414183,0.31270643231834633,-0.0003637092782552802,0.050986329145524124,-0.025500759314966117,0.409887104063137,-0.019693480005927362,-0.02275199692620929,0.046687069562065475,-0.003723508929166984,0.020375510659321035,-0.017889967647978934,-0.0162508046669339,-0.03538191040360204,-0.004006194470547095,-0.24358924458287637,0.0,0.0004154653512550015,-1.4526989329098083e-06,0.022843040824658257,0.0252923720097632,-0.0008140315953273912,0.0036082224113976524,-0.002960018584973584,-0.005706536503542855,-0.10282143267409878,-0.011613839653822877,-0.00010515207800605402,-0.04941620995785712,-0.8107517918830589,-0.8032141519681163,0.5923159088944739,0.3199413168176848,-0.0020235413447685156,-0.003771928821314215,-0.3098289705506048,0.003651236675695035,-0.028767508187766334,0.013012882464419484,-0.008416016094781886,0.0133233317140045,0.012690077238590919,0.018615243414075614,0.0821483982798539,-0.24864800970926337,0.020581604548169406,-0.009213551615223829,-0.01663933613672799,0.013266247424327696,-0.0233682602588195,-0.16163298240907573,-0.4530279972664513,-0.07958622306413272,-0.1873345339730945,-7.99325111069653e-06,1.276135754330564e-05,-0.05390761218457314,-0.002616861075741811,0.11403616836694895,-0.0025248767445386136,-0.053336721818653475,-0.10563087002884981,-0.4924213818963634,-3.060164915526792,1.4467637553953232,-1.1504619321407157,-0.858198572627368,-0.27996909657202435,-1.707418342816333,-0.0035862182262308747,2.7267499064120564e-05,1.345547104737808e-05,-5.4384270104613826e-05,-0.06163451892006237,-0.6670449614397803,0.019198776827875637,-0.23922587904597653,0.043704661086430584,-0.021566893664662055,-0.10203276961487427,0.007091046558090993,-0.00985593894219775,-0.0034305569462305466,0.3695459363931305,-0.021041606519626256,-0.002913933428707671,-0.019927623424203077,0.20839724571077878,-0.030741451948586105,3.5417561536584725,-0.017915218207463324
0.006273717259290481,0.06889813685741715,-0.03075839892732741,-0.0037629395123101213,0.00585496987432486,0.022640204376586495,-0.014960284660742552,0.018481985138823424,0.005292610513912998,0.3243598825113591,0.002144503753516057,0.0733848037709472,-0.022786535301341435,0.40489144842791347,-0.015692915224603032,-0.01989870121077777,0.01231166532750729,-0.015645951136871283,0.016932327253046973,-0.008358067010338194,-0.011999684540701966,-0.04363958801688427,0.00700188651673681,-0.08947278636998136,0.0,0.0006550137668255921,-1.6148996861967735e-06,-0.130093485236414,0.02775132979231482,-0.004712835119896784,0.003608031394377287,-0.0028543284652538525,-0.005790192051453341,-0.08380588827105105,-0.015537182815876557,-0.00010534760169066217,-0.03514337152859627,-0.7946497664016434,-0.8864597379098935,0.5945992571870018,0.4093996037431143,-0.0022161716653713213,-0.002999476890358928,-0.3123447924434231,-0.0040599250645780936,0.008273826020358716,-0.04877057001714523,-0.013124784896398418,-0.0043564372567299866,-0.0002462886094736485,-0.006657284418152262,0.13047790194361164,-0.12134372468665891,0.008652449511468497,-0.002532766425380819,-0.015093536671183131,0.006162729222335011,-0.020478577593093683,-0.13635981084745447,-0.4458686663125046,-0.049903117084739754,-0.16698334307878737,-1.7165048992107574e-05,1.2335436371919552e-05,-0.17138331801106466,-0.0066278343092792714,0.06045370869502048,-0.005533390530160753,-0.05350846660646581,-0.14870951478348216,-0.4775026579451497,-3.1441274497322684,1.3932092467205413,-1.3406193038727852,-0.6369626429540142,-0.168527350815994,-1.7326050407793407,-0.002631271550008387,2.7267499064120564e-05,9.222516859699175e-06,-5.4384270104613826e-05,-0.02803125507811461,-0.1486270931531157,0.020876420255687485,-0.21320711340009832,0.020587346327053776,-0.007798506610914415,-0.10839260656982126,0.009342595151274781,-0.010542471928489745,0.007517413483830987,-0.09656194044927713,-0.02839065112054166,0.006178736081429719,-0.09131990663407484,-0.13852824092022092,-0.007045955917093355,3.5483698188488706,-0.004076743139126137
-0.007345259537389286,-0.011981285843666511,-0.024598316750492566,-0.0031714583953105944,-0.013395277445307809,-0.014038382353943876,-0.012592546930780685,0.01384756167165019,0.0004359666679335215,0.04429126880245588,-0.006167980844469773,0.05741542092548162,-0.0012845290309846421,-0.047288636923382484,0.3225972520161231,-0.02192123359830198,0.06458713806109113,0.13194591294384508,0.01644684941912424,-0.03204392084454609,-0.009863325829148168,0.00738570829101556,-0.0015019222659400262,-0.12263122660243772,0.0,0.00024452214946549353,-1.4106942357369278e-06,-0.03829331308243735,0.03428503762039853,0.009756838999859171,0.003608489094992012,-0.0027234506960824426,-0.0029711404097586746,-0.11815509342645274,-0.004995590455645878,-0.00039525115634584616,-0.07208170567989652,-0.2841256587829357,-0.7816220612056154,0.008651174021899632,-0.041337186026454725,0.000474433258192707,-0.002810983655486067,3.42759925134306,0.0035943569398523985,-0.008740366265966418,0.008879890472558844,-0.03844230213198789,-0.006629041543962608,0.006010832932282915,0.013718411069714593,-0.020595158689663613,-0.07893218927201769,0.027832280548850875,0.008490396361522696,-0.013499025736703838,0.010595821976484657,-0.008669514555242596,-0.0970337614997348,0.38125063422796696,-0.06357191923275371,-0.20801833034474043,-1.7165048992107574e-05,1.2832992408356341e-05,-0.17076806755057172,-0.0013384391790540453,0.09647652752140841,-0.0035338129704227082,0.052036597703884795,0.001730531675283071,-0.30865884400236,0.4972091298756289,1.8279187738427451,-0.2832736632884341,-1.3883707005742698,0.711469847964079,-4.824049995021205,-0.00368243244224901,2.5724806904081725e-05,1.8184539049134218e-06,-5.444009326549611e-05,0.05036257286785349,-0.6176270289376276,-0.008228353466631779,0.24236094366669764,0.17048458807799183,0.013114974756958934,0.11377958727454612,-0.002490437808118525,-0.014150607782056325,0.007560147804752842,-0.058424736540582736,-0.02032414861960985,0.008437587513203894,-0.025800727960783882,0.26744136447703193,-0.006852679215638793,-0.0939432418356989,-0.024266285365629293
0.007891465344376819,-0.010526587374998399,-0.02815405262027801,-0.008655996925477189,-0.004386727580088887,0.05590857388763248,0.022011150370697764,0.015550151525251124,0.005375117135613522,0.30446000020657776,-0.001977266147544999,0.035605042363770364,-0.02773630009019432,0.4253749481699255,-0.021860907419451764,-0.028013549104591987,0.05724545014025773,-0.005867744061459569,-0.001216484701418771,0.003027689635736378,-0.012699866958929685,-0.048939689744239005,-0.0019013441734152933,-0.08098747032826395,0.0,0.0003939110519179072,-1.6148996861967735e-06,-0.07407818441452482,0.02525481778142601,-0.023794201394331197,0.003608302837655542,-0.0011475744325680447,-0.005692945746838735,-0.11368258067810352,-0.006037392216613871,-0.00016019680183137737,-0.0688722420754558,-0.316889689290521,-0.7689057352893748,0.005559308193538649,-0.025487552603214714,0.010335620427743894,-0.006228139831901725,-0.26430983256237744,0.0031204236789433046,-0.012227528070992208,0.01874982925053978,-0.044073690022434324,0.0043704268486788106,0.005482372731227389,0.01889666072818509,0.1256226461053465,-0.5075335575851062,0.020291562487841433,-0.0261850756358336,-0.01378030507853243,0.013479716912493538,-0.022251355438181655,-0.18438429816067411,-0.4311142117176419,-0.08060105521597988,-0.18252295908252808,-7.899774108235073e-06,1.2847905895417187e-05,3.20983949771092,-0.006674604828274087,0.07760411491380739,-0.0070747363299088276,-0.0051156013967502195,-0.18609329726414858,0.21310910165338695,0.15207947676398487,0.9334157129513719,-0.860501246598646,-0.6256941435899309,-3.6015266281798137,-2.0152885211952283,0.0017313109445894982,2.535760730783961e-05,1.2635425556913032e-05,-5.440108856811564e-05,-0.07198869643097623,-0.1393462953281341,0.011229805120932539,-0.08892185912909265,0.04378304329463459,-0.005771907206092501,-0.03813361891693675,-0.0005887349354657278,-0.005632562270085456,0.013470661459314174,-0.11669735888852246,-0.0145875096200038,-0.002693943002543438,-0.01742034405903578,0.2567546550661739,-0.025482981075061122,-0.08079290422785565,-0.025842617378034286
-0.04460476804582842,0.061785814576315996,-0.03994881153121585,0.0061049061909131,0.015373979278087908,-0.01811779383377188,-0.013340061858165867,0.015587683334733227,0.004069309896385972,0.18399409460919905,-0.0005595947338925635,0.027096570074659727,-0.0132660869703725,0.41506200939814186,-0.019292182711547312,-0.020757533847054477,0.05789113031170449,-0.012059021772595484,-0.0021967403572105177,-0.01563898633894195,-0.018042777107368173,-0.041991261646952494,-0.005408292574090412,-0.11514481917790398,0.0,0.0006046938304356046,-1.6148996861967735e-06,-0.10603099039304864,0.023413761961915056,-0.00011653380612695073,0.003608443129792421,-0.002810311260397984,-0.005640048345178858,-0.11243133633242113,-0.01553553493949014,-0.0001599918917115281,-0.06883639040307175,-0.24398591180334106,-0.8089756968806452,0.004663264643219793,-0.018387503227105678,0.010721045456923874,-0.004007863681399373,-0.13823740848681998,-0.0021402085698780486,-0.021746025258707453,0.006182796708397758,-0.047431842608861054,0.007789807544224592,0.005704937217215933,0.017881452146651957,-0.022168948689378225,-0.12829535197919567,0.02348557896019986,-0.0026885354869289942,-0.006578372285884035,0.01301073266915084,-0.004529180988986941,-0.16008798401519475,-0.35745659091672943,-0.054003614641836124,-0.19381927267502355,-1.7165048992107574e-05,3.482757332502603e-06,3.1724388133900403,-0.005004765000084596,0.23802670298912723,-0.00646393849473873,-0.0049740765005141215,-0.046607944865661395,0.2137758187904437,0.165918573789764,-2.4761662803067255,-0.6541179300270707,0.24894744359367263,-3.1620448685026634,-1.9850737387536874,-0.0025487588645149565,2.58650034725543e-05,7.935876061211079e-06,-5.4384268716807154e-05,0.10061835562374202,-0.14230231546602426,0.020044630411376798,-0.014786258473175981,0.02865256945083749,-0.00887700286922254,-0.026608109929512572,0.00043676067373564595,-0.00958796012960726,0.005511973935836937,1.2950910459796545,-0.026582159182676927,-0.0015110526504375898,-0.09172397575114745,-0.13278184725753078,-0.016320108206990994,0.011659103915775574,-0.02110048888680206
0.005550607043914661,-0.0013262535040284343,0.6931980380409244,0.009207381424800692,0.005460543300771175,0.014951190459100261,-0.011820031525538373,0.015826328478007662,0.005825057398405443,0.32071622405065087,-0.003936214499357143,0.035823300570669486,-0.03231937617377922,0.3954298819148863,-0.017714680148944655,-0.02053849049579383,0.04269581871312078,0.03735966405727396,0.016086215892631338,-0.012045458454627789,-0.015697002463873514,-0.0430280178855816,0.009206646857982953,-0.41927421850747615,0.0,0.00038464843771684044,-1.3715703771686908e-06,-0.05849726530867712,0.03859320263033129,-0.009519593220344997,0.0036074383775917887,-0.0027567078865911887,-0.005673776125139969,-0.06644840422962597,-0.011612701788841676,-0.00010345716624047517,-0.0493935337529864,-0.7321474569589473,-0.8479444245869051,0.6628815527775191,0.06800560048287256,-0.005259770116130633,-0.0025819766638980946,-0.216131536970624,-0.009518630064459447,-0.029869681508653254,-0.04352939528280793,-0.00893016216028257,0.004389251401368054,0.010730797864657096,0.0002932994091511961,0.11948331073506213,-0.2576134161468409,0.0209076579564351,0.013773860840323563,-0.013661330610236014,-0.034341718906832824,-0.005245747167067047,-0.19494769649762342,-0.48004622116302903,-0.07513110982298529,-0.2382336570229177,-1.7071571989646118e-05,1.2852669451589858e-05,-0.15816952005566923,-0.0033287702299693214,0.08446068813329066,-0.006856949836540724,-0.0068676403485443205,-0.15934753218606282,-0.46202549681353056,-0.11198575701808965,1.0538847438076155,-1.0464516951071667,-1.1266417600947443,-0.20994987048015737,-0.5893247725419973,-0.0037389413087818906,2.71525639866172e-05,8.429166447094392e-06,-5.4390439071276684e-05,-0.03420400080918902,-0.5828801484884993,0.031254984429277544,-0.1331532378561273,0.014661597109766,-0.0032353350303424644,0.032232747441167706,-0.006489556855809212,-0.01070789784086916,0.018439136007114824,-0.05265837354775166,-0.033501166296027174,0.006969539499792226,-0.01914406999346504,0.10847601255400202,-0.023847914900972725,-0.0809022225191784,-0.013335245758870322
0.0018861974112809304,-0.011132541718132567,0.19618417996477938,-0.0009779421896323273,0.00877602059560208,0.01919798399887862,-0.008179530561284154,0.015414577265537086,0.006537311534253739,0.19339667663604485,-0.008837138258251434,-0.019760690742080488,-0.02799448602231092,0.3933081584407509,0.3248523495450422,-0.012860508004623988,0.05839070579351299,-0.012511629718328915,0.01945977588520799,-0.017108095064709304,-0.014253859073571773,-0.045240834694248604,0.010919003530901614,-0.17930954298278426,0.0,0.0006082864959409043,-1.3642764537126226e-06,-0.07794256841820354,0.028512317400542726,-0.004509608077915416,0.0035597995300313255,-0.002513998149114834,-0.005511241855876984,-0.09933351335438696,-0.01553764965815185,-0.0001610087035663949,-0.06882503820469679,-0.24449448958771364,-0.8329804176199,0.013498731776296539,-0.03495718493108062,0.004852148654849458,0.0026050782817469607,-0.26955191073835516,-0.0022799295883759963,-0.028043357276478702,0.02511870414884151,-0.04241232880301167,-0.010918496510751587,0.004538808550559447,0.01678140468624291,0.08661909023904961,-0.12904594613786066,-0.00694881936568537,-0.008478617531050052,-0.014213886777968945,0.009493817772780001,-0.004963958432619409,-0.20356120861273239,-0.4273681338014615,-0.06271405969462414,-0.1824427971864649,-7.99325111069653e-06,1.2795726261593022e-05,3.311357171025338,-0.006368541785248608,0.05664339339738297,-0.007026713915822116,-0.006089893864830598,-0.1469123873837287,-0.14052429454767662,-0.08282029338415423,0.9737810488846789,-0.6350980008998243,-0.5566721004372062,-3.6662277903546605,-1.9909946898543047,-0.0004927873701210662,2.5906362573231068e-05,2.6770925335457044e-06,-5.4385700724956855e-05,-0.050569293908931466,-0.15658798553943795,0.029300113359246822,0.05565259711791837,0.024162079206302162,-0.0022537333969050734,-0.03504488350708658,0.0009752890618417954,-0.010267006074513913,0.005863776181395221,-0.037828703976975554,-0.009536775503864973,-0.010923014101667388,-0.09625918577962678,-0.12816926155213768,-0.0232599108564458,-0.08258173949615061,-0.01996001943757503
0.004259167925525291,0.07693144468532863,-0.04360061804364021,0.012305549121298488,0.0020033304166323443,-0.008845044170772191,0.022960676320367895,0.008653400711714592,0.008343820593307839,0.30509395855793875,-0.00011603820038457902,0.0666326318968815,-0.014407810514470142,0.42360111474973666,0.31832775469530056,-0.020576687545959586,0.045387389014230325,-0.005793077084049978,0.021098047895763954,-0.016776782570147773,-0.00852282258488413,-0.04201597767104625,-0.008736054369440631,-0.10763435884635009,0.0,0.0006561802703721712,-1.2093696238817256e-06,-0.08553610014249777,0.026435950533306638,-0.022628067555696133,0.0036121576706389866,-0.0031503104379953266,-0.005677883581653133,-0.07319502216916196,-0.006036001591922056,-0.00010390790328483165,-0.04934552709115903,-0.23653072409084042,-0.880686497378339,0.6003965061536061,0.2107030221761162,0.005118478494123574,0.0026020143796152053,-0.10536924264035313,-0.019702175455519198,0.03553713918676335,-0.044175610433376644,-0.009069783258670859,0.01164671032466968,-0.005062667473117604,-0.008558729565474406,0.09214416287692358,-0.5097416520053698,0.017520028044697628,0.02402239698567681,-0.011431823108434555,0.0051029863542373455,-0.02340415036984351,-0.16532826020185484,-0.4420359530140643,-0.06627859778310566,-0.20902971413187102,-1.7165048992107574e-05,1.231697266696544e-05,-0.08696178470899403,-0.005099061091587741,0.1004274800339675,-0.0033609130442747276,-0.004033199518499957,-0.12984543963185224,-0.6859649293601958,0.3384012255460698,0.7831467627270373,-1.7101908157475803,-0.8165002238796224,-0.3149498123876036,-1.6051191985996236,0.004256682193185835,2.6645209848059736e-05,3.4588420957077534e-06,-5.4381772692158955e-05,-0.15643211313929603,0.19916615214321795,-0.0455108560144232,0.0367052483508958,0.021226299505177824,-0.003221183093987089,-0.11097337306503534,-0.0020538544317042075,-0.01028191484744301,0.009390098016250608,-0.10242290163020444,-0.01853996115025898,0.03997555820583728,-0.002178046847817582,0.19030524593645776,-0.017956517776409043,-0.011394638575211826,-0.01505267959279963
-0.00829129960673676,-0.0054009238927676066,-0.019083275762598807,0.004628755027538153,0.004223548024464094,-0.013756048475016254,-0.007898898122657767,0.020131750365999297,0.0031587655886416836,0.31963913162016516,-0.0007009749959811315,0.03005512397934392,-0.03505481464639344,0.4399235269909525,-0.024144363276679067,-0.02255037043188713,0.019623311346754463,0.02461885666424569,0.026671754986999755,-0.014466317312305821,-0.01235102506479768,-0.044061419912986594,-0.005491505983809027,-0.1403797812785922,0.0,0.0006899007404435355,-1.6148996861967735e-06,-0.041972030945743484,0.032153183893330266,0.07309228482708463,0.0036148151320897735,-0.0028916819349418016,-0.0029713795323962735,-0.11904678269272068,-0.006061257834611196,-0.0004105289734532959,-0.03495776691605767,-0.8773861042733182,-0.6904428568578589,0.3302742137430749,0.08914980062316172,-0.0016101460854721105,-0.0009741659497059905,-0.26760755976163647,0.00627825807381764,0.08145181516949648,0.020754796925220538,-0.03591701906213899,0.013222825617160493,0.0016279682184501525,0.019574217771449708,-0.02776217283121174,-0.05683505900234767,0.02477589639763088,-0.00926385937879669,-0.01359354421798882,0.014253207441899758,-0.005232440131858997,-0.16999737528737055,-0.3251385912198244,-0.06997553104788085,-0.16662901446122183,-7.899774108235073e-06,1.2774916163464927e-05,-0.1632546404258604,-0.002327428467828642,0.08276739814311218,-0.0028679708557571874,-0.008000705636623646,-0.11606779593820567,-0.3399963623242354,-2.9963627303334657,1.5922465083318154,-1.5513410266075995,-1.093476617521624,0.44935087186611034,-1.6494886512546252,-0.002221462900847501,2.5864940358249854e-05,8.2665352589423e-06,-5.440109782869731e-05,-0.045465495047812575,-0.14941889271771908,0.1280205100398241,-0.03685293669023808,0.025435864620919253,0.0025325459161030144,0.03624574444926855,0.0024030135519243247,0.5310102008714775,0.052882933135789074,2.38590469980375,-0.014299378164082853,-0.010717018095412286,-0.04376137050316489,-0.12109978832191069,-0.007438047993043708,3.5775511120389427,0.0005337056605045228
-0.008396128862902561,0.05773803842395326,-0.02217603390200345,0.0032258176462149598,0.0073011549630900415,-0.022283338317117925,-0.015271746531912355,0.010599216831690964,0.0002423589992382255,0.3193860889805053,-0.0031461011486334702,0.07774424681955804,-0.013743185362058635,0.3893522051886721,-0.020740643600696555,-0.013525111444442144,0.05430598342498012,0.007957034777115813,-0.0019872158859173474,-0.0005144056931264179,-0.015367448230417472,-0.010240450313209802,-0.005931617592735246,-0.2231687733026858,0.0,0.0003913750218178057,-1.6148996861967735e-06,-0.07655625343827287,0.02610584963921482,-0.007162777332544611,0.0036071012203829963,-0.002833872208236804,-0.005676859557470092,-0.11897529902430695,-0.011613461212501638,-0.00016372766011808895,-0.04936510734042343,-0.24693746927813454,-0.753103514754969,0.6694681636224148,0.0888180246318058,-0.006490454818602025,0.09726437916475493,-0.32065695492045676,-0.003683078438384459,-0.028180473807692195,-0.04733754328203443,-0.04049200023036566,0.001878700401834293,0.0037019590013211666,0.018904079591030246,0.11968419922009195,-0.1915025503523923,0.004665624582127381,-0.011614322006217162,-0.015305578637926127,0.012087166388604787,-0.023742949964701214,-0.199422307938441,-0.4228293176170919,-0.08156235167829927,-0.19758883529061091,-7.899774108235073e-06,1.2848980619663809e-05,-0.1731292684509217,-0.002785911632678914,0.08210583167712752,-0.007179874367579102,-0.0066078434386322785,-0.1657141134938113,-0.4384173227379431,0.3263370514246513,0.7864772619019675,-1.5576608551571003,-0.9061348975514717,-0.27669515854991966,-0.7413101164175507,0.0022822618561755873,2.5864940358249854e-05,1.2679633680472327e-05,-5.4384270104613826e-05,-0.06936124081457398,-0.6309902185108007,0.005141462319950678,-0.11774899708309881,0.019234044140735634,-0.00020717189967573124,-0.12245062086041428,0.008484247088038483,-0.006742797754100415,0.006021093801780976,-0.12206129793957055,-0.0717250158805701,0.012179564269339273,-0.006055418219967027,0.22192024696662363,-0.01005866249161738,-0.08775876310326919,-0.009579046433957749
-0.01903890735197801,0.0225680214486961,0.7515472063989758,-0.0006622650729604528,0.002381955304439218,0.01564758371973798,-0.009160476655025177,0.014334222345547437,0.007576738785256801,0.3058135853792327,9.089001232874864e-07,0.06068810258286651,-0.010104637837862676,0.40743979940570524,-0.022982747973391383,-0.01803953067864539,0.04163954933081376,-0.009411957544871724,0.016248265057878387,-0.010233625145892088,-0.015569642310745476,-0.047984385289189566,-0.0035489971748859186,-0.1536667878793108,0.0,0.0005315349260655078,-1.2093696238817256e-06,-0.10637169838098841,0.030420742262109415,0.001222726684087702,0.00360703815049111,-0.0032944567772004497,-0.0056770428924141,-0.06947924329123611,-0.011613789168914462,-0.00010366818384657995,-0.04935819831278006,-0.7300763447152373,-0.8025816688138836,0.6181331537192791,0.07627546707398296,0.004536336093924753,-0.0018392919966616302,-0.2745438142359268,-0.019415730044384905,0.011904204002036223,-0.03522387953606203,-0.008792628209730948,0.0029091648116910435,0.003007562407163041,-0.007003359172442887,0.11551327269898283,-0.2013741115658975,1.1141717868466732,-0.0004960639615714863,-0.0018877582978810764,0.0046115814457680735,-0.020679431063254948,-0.18815101923936017,-0.37072494264461786,-0.05821879886654194,-0.19316838542032477,-7.99325111069653e-06,1.231697266696544e-05,3.231991989011502,-0.004827398492732695,0.21897716020698274,-0.006283516471774164,-0.006048933698625934,-0.03331791693628103,0.335677021745295,-0.20143432485533017,1.0679313970884685,-1.405223426961081,-0.18910321736447586,-3.311085424574699,-2.482788220864812,0.00612265052868174,2.604908704756087e-05,9.126095428220312e-06,-5.43841249301244e-05,-0.040451749134629233,0.22357117530445036,0.013905337597615074,-0.08804637608612075,0.023089379857679986,-0.0039676980144932065,-0.11521836411689154,-0.002606600024914959,-0.008546590379162637,0.00023743878649156358,-0.06680958111457562,-0.014939632965851693,-0.013151985761368393,-0.022964809449193508,-0.1340607075900105,-0.01327550474895267,-0.08179262610964524,-0.01676903677197986
0.0034661215627160864,0.04649412153778138,-0.0329655595909147,0.0038577700220600994,-0.00025201440069156283,-0.012605045026487786,-0.011301302632905665,0.010508786966181342,0.0008461768865982729,0.19936863073700942,-0.003462257134004866,0.06242624908131744,-0.02845346198012471,0.4181853271632531,-0.014611042592197926,-0.011716257329485944,0.04354651609496185,0.01212960771838968,0.019767600330325024,-0.018435748509764156,-0.017053528144297038,-0.044122460119338985,-0.00629194015150968,-0.09585277741477086,0.0,0.00037575648249736594,-1.6148996861967735e-06,-0.1223090175205116,0.0270532143008275,-0.015466926913479494,0.0036074441153168034,-0.003283206884584425,-0.0058152730896176355,-0.09145500436446959,-0.01161298784888947,-0.00010595036156886816,-0.04940701257463047,-0.24778951199222146,-0.8063971303879482,0.5816283447945608,0.3405978845878242,-0.0024292939229656144,-0.009156877317592599,-0.31992536863089743,-0.003752631449467066,-0.03624935564171322,-0.04844989977963185,-0.04017523405744827,0.008995435673371983,-0.006676347130446731,-0.008382613378832381,0.0791407184150249,-0.18453121845388798,0.019161513454204984,-0.008418495530126639,-0.012525729828183731,0.012136108311998245,-0.030633183834377433,-0.1843919199271541,-0.4833091339659803,-0.0803177117906845,-0.20627405435201843,-1.7071571989646118e-05,1.2828073147547921e-05,-0.173258824119818,-0.0049147323038151135,0.062161623386049414,-0.005737342242980125,-0.06822419926252399,-0.16079662988680862,-0.4361078142055743,0.32219510979840216,0.6967278962981572,-1.6157274116425495,-0.6711587885943299,-0.2402462553895888,-0.9733591965707934,-0.0009641641629455742,2.71525639866172e-05,9.186611061498484e-06,-5.4384270104613826e-05,-0.032517903040053586,-0.14501696615170748,0.01908172498197548,-0.14931014509390592,0.021763480055448876,-0.003217192222928979,-0.11289015667944906,-2.3776932229935767e-05,-0.00999223344999763,0.001475809564596358,-0.09567511097630384,-0.03796875249009103,0.002685111801095322,-0.01138902284799717,-0.12720733611684887,-0.022348799348954732,-0.08700406659454941,-0.02690817716423547
0.004084099306500376,0.143475763090932,-0.14765044168777938,-0.008532945635473174,0.038174541187508695,0.05386737628141815,-0.01396262030494982,9.2738786735351e-05,-0.0032968408919886137,-0.01895288156030177,-0.029425726841582168,0.027752746390811545,-0.014161505046034558,0.038107342222403806,0.022905670017800802,0.07106270768473744,0.03239760556398334,0.01993578275840304,0.008813122407013407,-0.027327644185493195,-0.01091865074787625,-0.052930754109294265,-0.0016354767927483757,-0.7799171772316473,0.0,0.0016149162584045687,-1.6148996861967735e-06,-0.04305402130012105,0.05021682658626951,-0.049241648251676644,0.0036084476206194316,4.945969498508913e-06,-0.0032071057417321124,-0.08123317299473529,-0.006051200335451441,-0.00010183749956335144,-0.04787302924141977,-0.3018654673494234,-0.7326852302977503,0.0141017851352557,3.4875818205126604e-05,0.0038990242069404132,-0.0011849030421843528,-0.33116208193258256,-0.0011254929084743208,0.011475863316052222,-0.08432651772612325,-0.02943850347372642,-0.0025552895060746428,0.014278306118238219,0.029043921526910883,-0.027540487755162102,-0.2917786304364629,-0.024565008627809557,-0.02546026644221637,-0.031055214688627458,0.003107325492166931,-0.0027291697292169716,-0.329404033998521,-0.37711992230194513,-0.008228890771569962,-0.2006447194150684,-7.845886144875703e-06,1.2850535638235901e-05,-0.15960987586285935,-0.0004221102948436127,0.08630880780473925,-0.004220612663938398,0.005719491820027936,-0.07024894046640398,-0.018126050166272577,0.4333048301912225,1.5400274325889365,3.0165986990247124,-0.46632240758524673,0.05405366657419017,-0.6510830868868406,-0.005933468616432716,2.6049045868123672e-05,1.443093323163476e-05,-5.4382380078045604e-05,-0.08258268733038647,-0.06709469859264265,-0.03385431468203575,0.08931052289033788,-0.015136404196639952,-0.01881412605132433,-0.024929788143893763,-0.009488381065926728,-0.00619933565822647,0.06174814731072226,-0.06320002638992042,-0.059531432105750896,0.002013841106335281,-0.22462826672181443,0.07551676056321635,-0.02936118052744843,0.006863328114132555,-0.023138879776795594
-0.030966182907423076,-0.010220264927596975,-0.04061918624061412,-0.00579404318091993,0.010869347140552224,-0.01148500422385577,-0.014788377420530038,0.0022699873246152594,0.00010166970546251637,0.321331195206654,-0.006821353533133971,0.07642078920835972,-0.00580059524204013,0.41011353595839717,-0.0177558251744028,-0.009950243228789967,0.05170448519082831,0.008003379796997761,0.016377452608009463,-0.0131581435609123,-0.027934274206969284,-0.0443267086160532,-0.007572215216973969,-0.28337188907290406,0.0,0.000552284995737657,-1.6148996861967735e-06,-0.03471368183886802,0.025477722659183927,-0.004761516386543189,0.0036076774432513715,-0.0028395947054126384,-0.0032812348669349076,-0.11316707451359273,-0.0049953926701379265,-0.00020061814342672079,-0.04933764081228842,-0.2833610656150159,-0.7583673096080565,0.684530381178066,-0.07886540490598505,-0.0033092313611012363,-0.00187297429606112,-0.2048272977024951,0.00374131800249118,-0.017872077815006465,-0.04182409616926421,-0.03873899739748093,-0.010074551546524278,0.00038070651040455,0.021231421059639436,0.12283148157530621,0.09957363285655915,-0.023111378678395456,-0.010402159504691855,-0.01769581996981463,-0.03742239661274246,-0.008497775340992685,-0.20369768132248017,-0.4809621004385833,-0.07493816442185021,-0.19819585290354524,-7.99325111069653e-06,1.2792748149243643e-05,-0.18261464959466742,-0.003305020799569372,0.04705468842514282,-0.0041667430037876955,-0.006699299370383465,-0.14000978417962348,-0.57342549856252,0.30149795812563746,0.8509474918436473,-1.757863920917892,-1.0526750977022852,-0.3009967195525399,-0.8779894490087654,-0.000772014289832037,2.604908704756087e-05,1.0063066679997092e-05,-5.444009326549611e-05,0.14264915881364368,-0.17451334947349284,0.010431066758330469,-0.09458979996830519,0.008738721357632534,0.001007211342212908,0.005183027198111089,-0.005354572630765608,-0.0061698480911561255,0.06136419083830335,-0.1881742828866167,0.005981499316810843,-0.012694695223495818,-0.020300386550881094,-0.1077347645627611,-0.021368022260570305,-0.08621381895401915,-0.03291416331109767
-0.004581956504031889,0.061691691576147165,-0.030129352723076066,-0.00020777263255404316,0.005536414899579934,-0.01187854131870635,-0.026943504275798853,0.005640210146580543,0.0010000281882161413,0.31242531047909466,-0.006706770336457043,0.040547372918005066,-0.0077412726818349275,0.40095410234318735,-0.014116001335613481,-0.02083165066019464,0.04027403477801428,0.0001446432182973655,0.01980254052518502,-0.023051097057056043,-0.016956513123300005,-0.04682839178363097,-0.004762736934285552,-0.21088724735033967,0.0,0.0006693110102822482,-1.4526989329098083e-06,-0.038546978980820136,0.026053939546094425,0.0055674298389972775,0.003608266866527733,-0.002256282770527648,-0.0030510276160761285,-0.10584675981607988,-0.0049967128026912454,-0.00019448446566591498,-0.049294842894595625,-0.833477484715688,-0.8618905825507772,0.6192983995970074,-0.06648776236265834,-0.00722477151049035,-7.619842491024682e-05,-0.07708016748823908,-0.0025879354532665983,0.04888318924246125,-0.028453854411544004,-0.011622704785387723,-0.00020943449929110183,-0.0005708425563028486,0.01835130283444541,0.13166144215462716,-0.06765025310894407,0.01201561745721802,-0.019097172136792056,-0.01671014044141674,0.009906313937267087,-0.009190750916300304,-0.1042347781380921,-0.43369602654284606,-0.07546542803045067,0.6735759687643584,-7.834438938166487e-06,1.2092841745289483e-05,2.8719970503614447,-0.0019121754625605423,0.1014018725319122,-0.0030572685617203687,-0.010619636692839725,-0.1393333439714479,0.21978938146729435,-3.1399433315792473,2.208700773692234,-1.1506326380448684,-2.7768892999493406,-3.717274964510971,-3.6545063971629927,-0.0033971605392091983,2.7267499064120564e-05,7.85710589231299e-06,-5.438809668296719e-05,-0.11963279389379321,-0.6510798089065553,0.14536547506276085,-0.13039318596324845,0.0246189959029073,-0.005534532641981848,-0.11263232155105214,-0.0024242144976241347,-0.008222190758443262,0.003928973815376642,-0.08739399553027687,-0.00665654070091391,0.009861229049098016,-0.03544741502964365,0.3122743649962352,0.16407857889738006,3.5233109979458583,1.5258928483898462
-0.0037823840949091137,0.07267365931275806,-0.04555242786591143,-0.006396209517161424,0.005475488256609401,-0.02339186452832533,-0.022963923914308536,0.02416689257360996,-9.87999055880105e-05,0.057692008139511135,-0.005015344900801776,0.03382396724296973,0.05539171418803728,-0.07285743114462623,-0.023941406777150183,-0.022647206459713198,0.07279657034531692,0.11145930203580623,0.014587548552308656,-0.0019781477749321688,0.08440791489346373,0.011805412887342425,-0.006354984744536294,-0.09723605488067653,0.0,0.0003119158784020127,-1.072585613536399e-06,-0.12692208626070617,0.04521531101775637,0.005842258793589245,0.0036079664917316907,-0.0018727030384883526,-0.00603806786353147,-0.08190754468572133,-0.011613780831187767,-0.00010515207800605402,-0.035071992980878146,-0.2694010875266162,-0.8564715261212626,0.6413183473227946,0.5159462034936679,0.006166471584434961,0.0012308899380653856,-0.32067138470112966,-0.0060858282027107385,-0.03306838867132792,-0.04545389425173298,-0.041421479911374584,-0.007366237643251217,-0.002750469610045993,-0.010979258262947227,0.1323304371917705,-0.18258745121705733,0.028654029316628214,0.00143154748676533,-0.003960258965438277,0.005382871000212237,-0.02461330998660744,-0.1695427100181515,-0.3051589143589322,-0.05073262582112374,-0.20133242661982922,-7.99325111069653e-06,1.2800109823853041e-05,-0.17468775910767206,-0.0028487831634359134,0.12372903090373213,-0.0062009488128921975,0.18572466965534173,-0.08217237295309157,0.08513549430316512,0.39715812535384665,1.2282560778322347,-1.6096326485730663,-3.472543937511102,0.27338995054511905,-0.6979739669571265,-0.0027334616047974217,2.7127302495647996e-05,4.25636102009769e-06,-5.4382616560225525e-05,-0.027060094924093513,-0.6056289011363798,0.15565912631023496,0.07884759085896974,0.05862414055210231,-0.005119700580441659,-0.09971325944848201,-0.0015349465312577135,-0.00942286460612728,0.01145599881895289,-0.036879599537866306,-0.023925584311821995,0.018352148032461442,-0.0015925105868928456,0.1948467528325137,-0.01988694468070774,-0.07922128648224541,1.6771276746100579
