cm_angle.dist_ctr2best.mean,cm_angle.dist_ctr2worst.mean,cm_angle.angle.mean,cm_angle.costs_runtime,cm_grad.mean,cm_grad.costs_runtime,disp.ratio_mean_02,disp.ratio_mean_05,disp.ratio_mean_10,disp.ratio_mean_25,disp.ratio_median_02,disp.ratio_median_05,disp.ratio_median_10,disp.ratio_median_25,disp.diff_mean_02,disp.diff_mean_05,disp.diff_mean_10,disp.diff_mean_25,disp.diff_median_02,disp.diff_median_05,disp.diff_median_10,disp.diff_median_25,disp.costs_runtime,ela_conv.conv_prob,ela_conv.lin_prob,ela_conv.lin_dev.orig,ela_conv.lin_dev.abs,ela_conv.costs_runtime,ela_curv.grad_norm.min,ela_curv.grad_norm.lq,ela_curv.grad_norm.mean,ela_curv.grad_norm.med,ela_curv.grad_norm.uq,ela_curv.grad_norm.max,ela_curv.grad_norm.sd,ela_curv.grad_scale.nas,ela_curv.hessian_cond.nas,ela_curv.costs_fun_evals,ela_curv.costs_runtime,ela_distr.skewness,ela_distr.kurtosis,ela_distr.number_of_peaks,ela_distr.costs_runtime,ela_level.mmce_lda_10,ela_level.mmce_qda_10,ela_level.mmce_mda_10,ela_level.lda_qda_10,ela_level.lda_mda_10,ela_level.qda_mda_10,ela_level.mmce_lda_25,ela_level.mmce_qda_25,ela_level.mmce_mda_25,ela_level.lda_qda_25,ela_level.lda_mda_25,ela_level.qda_mda_25,ela_level.mmce_lda_50,ela_level.mmce_qda_50,ela_level.mmce_mda_50,ela_level.lda_qda_50,ela_level.lda_mda_50,ela_level.qda_mda_50,ela_level.costs_runtime,ela_local.n_loc_opt.abs,ela_local.n_loc_opt.rel,ela_local.best2mean_contr.orig,ela_local.basin_sizes.avg_best,ela_local.basin_sizes.avg_non_best,ela_local.basin_sizes.avg_worst,ela_local.fun_evals.min,ela_local.fun_evals.lq,ela_local.fun_evals.mean,ela_local.fun_evals.median,ela_local.fun_evals.uq,ela_local.fun_evals.max,ela_local.fun_evals.sd,ela_local.costs_fun_evals,ela_local.costs_runtime,ela_meta.lin_simple.adj_r2,ela_meta.lin_simple.intercept,ela_meta.lin_simple.coef.min,ela_meta.lin_simple.coef.max,ela_meta.lin_simple.coef.max_by_min,ela_meta.lin_w_interact.adj_r2,ela_meta.quad_simple.adj_r2,ela_meta.quad_simple.cond,ela_meta.quad_w_interact.adj_r2,ela_meta.costs_runtime,ic.h.max,ic.eps.s,ic.eps.max,ic.eps.ratio,ic.m0,ic.costs_runtime,nbc.nn_nb.sd_ratio,nbc.nn_nb.mean_ratio,nbc.nn_nb.cor,nbc.dist_ratio.coeff_var,nbc.nb_fitness.cor,nbc.costs_runtime
-0.08523460654894464,-0.030418157953672045,0.010095593409800254,0.002112256990497081,0.049566606459829,-0.12159556819138838,-0.03947291239671828,-0.028115908019928828,-0.009444024758880664,0.002400806860430088,-0.004289394218413332,-0.0019669361642578147,0.013266126325718431,-0.02405594410796619,-0.018997822644999864,-0.004208785513716275,-0.021018963106826993,0.012305992116490173,-0.008145644706888392,0.39112475266279295,0.010557066115984068,-0.029453907911068684,-0.0007443079726026859,-0.4453516248395426,0.0,-0.0005438913247980916,4.528138222304953e-06,1.6753394121008331,-0.2109909137449446,0.00816100009727438,-0.23197432060472134,-0.10855788751126719,0.0073266342593547515,0.0005049295259507857,0.04191070950094174,-0.00022931932613810043,-0.3989035011884328,-0.5211426660028394,-0.23309847871546016,0.1703681535932704,-0.04428146471095741,-0.01587783236931402,-0.010073904367342026,-0.06616164569060788,0.015267340332901544,-0.025336858517519968,-0.006727111547222548,-0.018587979817609936,-0.030292494044665733,-0.016380034880533967,-0.030775713637723547,0.00262294988336074,-0.005195512459147488,0.28140490456542794,0.01986967063024095,-0.008446571146485638,-0.37758849146256757,-0.0212683299502199,0.05564313781741711,-0.12589733060288502,0.748288675750978,1.071538120298897,-0.002714528036583917,-0.0024357139721086054,-5.273139125805061,-0.004424580386629243,-0.009235121265117361,-0.0003123355420825749,-0.015758660471537223,0.10517579835260626,-0.7336586775094147,-0.019821977552635435,-0.7573416451729594,0.18190478044837669,0.5914131181745139,-0.9698294054028685,-2.011708937179653,-0.08605859169589483,-0.007668596673480236,-9.620091279371281e-06,0.010613679622735713,-0.013977275821497267,-0.08134758844275403,-0.008613160440410163,0.03749740988574267,0.019045125479876027,0.01098968256685493,-0.006171615787908962,0.22366412173828853,-0.030620581773997926,0.017681354422976275,-0.13459476874365098,-0.0011809665590457544,0.2406404207378257,-0.08046983220539457,0.2638344475628439,-0.1040106040935314,0.444107598056204,-0.05528469617984563
-0.008345440200395682,-0.07240244338150993,-0.006201570033434309,0.023608298659776875,-0.029005325656687182,-0.05058477243462793,-0.025357556467312154,0.014659870923974548,-0.03895236517229584,0.0017122131204148994,0.028107974157705183,-0.008024860569138917,0.018330908408663422,-0.025395149828999024,0.046680308026221876,-0.0016717031437524222,0.012798701379801903,0.013027588323043232,0.026202352050645493,0.02937471544346159,0.007593632380714669,-0.00918337010201949,0.0025817530063829003,-0.46820365692789656,0.0,-0.0005465766194453862,8.840183698580629e-06,0.5054321495578148,0.22779400795204863,0.011151788624834496,-0.23775532013041717,-0.08071724986202075,0.007950038718517806,0.0004558687653539993,0.03302922636725236,0.0031936618877139136,-0.19503432185021613,-0.5273028401160229,-0.37618775665922244,0.23993730603528793,0.08113253328023247,-0.012945558249511293,-0.012198948973174492,-0.08222766581180029,0.009140458548759346,0.03301112855441375,0.021804696251079014,-0.0024658233325223406,0.02439558745309212,-0.02373606378899406,-0.043390814933424594,0.0044998371305275545,0.0054950765432934265,0.27099669006894883,0.018559750450166307,-0.01203475898293187,-0.19058000797272337,-0.02617968134602626,-0.007884060651119126,-0.13922254884451865,0.01317315265363858,-0.11223236203764077,-0.0027159141902348342,-0.0025539407823231986,-3.8657804413829733,-0.004519451850469443,-0.007573658082908394,-0.0012054254415043172,-0.015947542074827206,0.08440209669543361,-0.5335710588129929,-0.048928836285297116,-0.4685643759114073,0.1307178222032967,0.6300014311911141,-1.034304518726905,-1.213905264392979,-0.08644204350408677,-0.0009262145562794136,-1.391994954318959e-05,0.004525407702077578,-0.08391941814312939,-0.06277039687817947,0.0743811687276226,0.0363850864169783,0.02354644200736767,0.012387840458862024,-0.007073496755558544,0.2277994010144124,0.0031896460331935525,0.06604221530516716,-0.12431687881465996,0.0541690819761941,-0.060379946576161754,-0.051904187391246234,0.20746060363702068,-0.1128101978030655,0.3313060569829809,-0.06104517800671517
0.0002754596040697649,-0.02782059477038112,0.006825742940311881,0.02128410537713091,-0.032694376449749374,-0.060457594862097515,-0.020137432871680454,0.03027192724846366,-0.01243599884049526,0.010560716786062472,0.023648945923647868,0.003593142186630585,0.016145119022548546,-0.000705414821513766,0.05334913519854737,-0.0008544174949071493,-0.018655098921071377,0.012952243788443915,0.015278333699015737,0.013982777445898048,0.011859791877789544,-0.013149166084871678,0.01053744876008322,-0.40773403954904175,0.0,-0.002710527378978973,5.394934421716813e-06,0.3735708433129042,0.07917199266294117,0.03583724951621858,-0.24430066545201468,-0.07364867996037608,0.00884480339772977,0.0004556151976793901,0.0005146837855428147,0.003182926455807086,-0.1972491080152,-0.5148450962531816,-0.37105035940502296,0.19373440191283636,0.002234181972488433,-0.012499113450818567,0.04500224506828699,-0.13231295997865572,-0.000909925735267432,-0.007865958275122036,-0.009543584115370908,-0.012672322127997574,-0.020254346821034264,-0.012364559328182367,-0.032156914267314006,0.0032715382265465797,-0.01610757597848896,0.28858725336134594,0.02091424126557207,-0.031351400654528044,-0.2887809838732433,-0.009982202243394104,0.01970750331679794,-0.14201522811514428,0.49338236605176994,-0.06763320770734729,-0.0027322669282679284,-0.002547672788622988,-3.139433155552999,-0.004083025336485852,-0.007909455265059259,-0.0008149990966016784,-0.011794692920200682,-0.17746244988285445,-0.588719688265644,-0.036753165687308104,-0.5417464635240328,0.11305372929417187,0.6246887599860051,-1.068742830004205,-1.1165364033113516,-0.07548344455808347,-0.007558331129935447,0.0011870922508334164,0.01072360058874805,-0.14088620053442408,-0.0918542645898939,-0.0036520163713924902,0.03412841356957066,-0.01076441856192508,0.011688780645964467,-0.0072021080946205514,0.2014658134529669,0.0030454605832034723,0.05622089424551806,-0.11697160314424332,-0.0043536195725296465,-0.0514997670279407,-0.04410049411091395,-0.14633971620981734,-0.050996819171992905,0.40004987570744477,-0.06438509040009135
0.03002401064075895,-0.028073396550124998,-0.008979243493430955,-0.02691462973315077,-0.0868875002528755,-0.04800934007591431,0.009647027084966349,0.03501099809300675,-0.010785587712119384,0.016212699194111106,0.040890228879195405,0.004518521195918036,0.012983214968260968,-0.003076146254543602,0.03579183994558893,0.0008739773433631795,0.007076323203415027,0.01034454377375278,0.018422669522956465,0.041983459151285644,0.012577080560557773,-0.01942243610280008,-0.00268952381299702,-0.4066148000523047,0.0,-0.0004810342609864046,5.223671630135026e-06,0.4128922124270615,0.0825315246308393,-0.00017685730961147545,-0.22903165771172462,-0.06346757933762304,0.008991658156991768,0.0005064464940044819,0.007534569539469206,0.003183337796932237,-0.18253872915515928,-0.5313648652838165,-0.021516941057000902,0.2311095427647738,0.03122880171156209,-0.01287357247126759,-0.04362047145244256,-0.12424979872514749,-0.0012696433302712858,0.048414483097307594,-0.008198753646500955,0.036989261361878606,0.02833420403939116,-0.017802079863083624,-0.0320328308847798,0.005710558190621948,-0.01926041271152319,0.26499050586528117,0.027427712416525626,0.28145687304123046,-0.41811943154473735,-0.011354658565391319,1.0653604018927156,-0.1271953268363536,0.5264434692583889,-0.049231101072224406,-0.002553550926659484,-0.0025506709202816136,-5.449794006192418,-0.004400277709036744,-0.0032379494791293178,-0.0009856983022074732,-0.026596737514547903,-0.1766644545159261,-0.5272498532061732,-0.037768519171082746,-0.705530118693904,0.24156848402540795,0.6434820743590008,-1.4691773530841143,-1.3709167645113953,-0.07675671893138286,-0.0009197093421939097,0.0011858453980034221,0.03690001942305113,-0.1350494362212642,-0.10717892185806688,-0.005036949591214128,0.024962180948415416,-0.05885712579951339,0.007918315739636288,0.07500820864820774,0.23380752532159257,-0.0037011339957366573,0.03891124332570291,0.12107652807281713,0.49045411745255785,-0.007505277433324966,-0.030113115078028906,-0.1435502159200867,-0.04341437983201658,0.6561068453201883,-0.039509457433789794
-0.08330169286217921,-0.01739069273452049,-0.011371237877494259,-0.03349932173239322,-0.06732651760740105,-0.05295930115936457,-0.03059160038705047,0.02806657719946107,-0.03901528121272187,0.004722828351966618,0.008288652949918466,-0.007522505773658708,0.027461473961074484,0.005211330094050595,0.03173641676081234,-0.0007021388914625798,0.016726316207854343,0.005184047503332398,-0.03013854639378148,0.4142781842088637,0.009307550622013447,0.005723725773475064,-0.005778850048210262,-0.45072294612059066,0.0,-0.0003191679339822526,5.253131608664644e-06,1.4563270837762627,0.09447872878413834,0.03182523663536184,-0.2382408578841299,-0.06443183027724188,0.010687509944564856,0.0004906420480736601,-0.0030752047381870013,-0.000439589110411304,-0.3973880125678159,-0.5127771852157138,-0.2109967479940421,0.1809984742631685,-0.06473733387441413,-0.012078620465219443,-0.013458193052404022,-0.13068887829836287,-0.0014741328452166254,-0.014559550373821083,-0.008272635399052203,-0.01163405441125589,-0.0004595153375708984,-0.02365171160366878,-0.04333628072601367,0.0057222929164789365,-0.0038241735801199505,0.2857460692425071,0.011902754385393632,-0.0056122800716742,-0.34809428167903556,-0.013913591318751637,0.05191553792584491,-0.13775138749688656,0.5433785271114253,-0.01620529547617178,-0.0027161467429131334,-0.0025412161798931436,-4.432119303599626,-0.004226248899666409,-0.009363689290879388,-0.0013230386386944258,-0.011647277840244538,-0.145558239692896,-0.7355482573642559,-0.02571920605949707,-0.84482359370834,0.15971708909837748,0.6408868808628425,-0.9807028566922479,-1.099500791224346,-0.07948976494779392,-0.0003807759807579277,0.0011982153664320519,0.005204582738734111,-0.12453965383701655,-0.12145373066177391,-0.00996225128121548,0.03942864170627574,0.041224827228356,0.004088794639320662,0.09901396394220045,0.2508279833427927,-0.003886934063630453,0.05887049104326579,-0.13708157730456247,-0.006320350634934483,0.09295453669588252,-0.05123149083803483,-0.10267347939111478,0.036218636286825444,0.3983430670848184,-0.07260036949098339
-0.07479807584152379,-0.023395951185962337,0.008105189748114838,-0.02281012150285567,0.010268297382148314,-0.05298585956749743,2.2010855006740906,-0.0273191074306554,-0.005484543564590947,-0.002411150143187618,-0.0028262152429958487,-0.00812668090434577,0.011752766261432112,-0.014171630433106899,0.008205350097296992,-0.003066395216521419,0.01657708145008995,0.03334430206551685,0.1330916193461752,0.018646472944042494,0.015603781686728215,0.0022115662397292893,0.0037908767650109863,-0.49500947821986385,0.0,-0.002599201079941174,8.05684984928874e-06,-0.3809963384391142,-0.1512096947241864,0.02498935981611217,-0.12303009716803757,-0.06497037413152262,0.007962993164013252,0.0005049591800904744,0.03134016840026851,-0.0015191070447537099,-0.199025582771017,-0.17818097007237074,0.4807454854447201,0.22525346770718432,-0.06744593363568657,-0.011697937191155012,0.026281756814561706,-0.06482478971928163,0.003874957772454233,0.022143872491793313,-0.009919990695755443,0.0006094414970895547,-0.024881157284083646,-0.01105938015638685,-0.026216938309814846,0.007230464594760109,0.0161050176590515,-0.05481645340414134,-0.010645617849354756,-0.009693649586578694,-0.34708464724273813,-0.04184413858253512,0.04520334177622017,-0.13234298358431007,0.7850747117052349,0.007684395398611472,-0.002709626852303397,-0.0025863975070952324,-5.439028610993914,-0.004187942400122215,-0.009729800686557797,-0.0007267299736839417,-0.015215353385691214,-0.09615358468235566,-0.5683958835567778,-0.0255390088383244,-0.8413753838463173,0.27950202289539217,0.6225472066446641,-1.165349967955063,-1.700067066237215,-0.08439877081142143,-0.0009804671739453825,-1.4055659704768363e-05,0.03679506886149653,-0.043361751089422626,-0.013776187447149046,-0.0032248887791923443,0.03878784447865104,-0.06308917807884797,-0.009525786647808078,-0.009165206781807458,0.2745492970513668,-0.00386610322779511,0.027656806273090022,-0.06561420839268636,0.006242819347664917,0.08818644637523104,-0.07379634653182028,0.1093314760777079,-0.11779736390165704,0.3343805521000456,-0.01457739675873685
-0.15130430686390756,-0.030692741320961576,0.2264467839206004,0.019174405456068327,0.011127706482241415,-0.04660353877759444,-0.014522547889877781,0.017887533742733327,0.11681939257011925,-0.004398148044110577,-0.0032434629650422283,-0.003917131156950913,0.05080229803698344,0.007030803651845393,0.04057814166748823,-0.003013903113194191,0.01194572260673531,0.011378998646237903,-0.0008056623270239646,0.03077352103491495,0.0074167666725593814,0.009165400628266583,-0.004613347387763141,-0.46269510266537756,0.0,-0.0005780964915195396,7.527154683457888e-06,0.28997902612392257,-0.1855503850909051,0.019052143432206244,-0.22643862311598653,-0.06736983804671537,0.0064770991314354945,0.0008492846490146647,0.04243973806140113,-0.0014776873974391143,-0.19225194659625164,-0.5218444360407238,-0.08565450462351423,0.006765399433100959,0.022065320677242165,0.022769383931791842,0.040740890717104315,-0.08707271173829433,0.005074757281594345,-0.015509607980424788,-0.0019714112332299303,-0.022851147698765447,-0.007864601334088438,-0.02886745293657911,-0.02845969108500497,0.04959589008181943,-0.012768396290192937,0.2876801174058185,0.024438557003097487,0.250064582722766,-0.2740102789632255,-0.011470941599192977,0.02454007229057017,-0.08957931796738546,0.8223143054847736,-0.016480726810643304,-0.0026373656738511667,-0.002538945704911646,-4.058324468822257,-0.003997521810465282,-0.009405236800291589,-0.0011843888152438893,-0.024314399626142694,0.22123112286417515,-0.5297140200738807,-0.03327166111699102,-0.8410198930168669,0.16446444302792004,0.6193039237655222,-1.1853669401427163,-1.1379622793309034,-0.08029737002333684,-0.0009477773218699914,-1.4168651533765382e-05,0.03184828336530233,-0.156831146463478,-0.13814925740633865,-0.010720415077474345,0.031138902883429055,-0.047278003028129775,0.005301608369279,0.1030224176539257,0.24295074586815843,-0.0038343286391107085,0.06477400702040569,-0.11556686480813881,0.008439925353075486,-0.035040861289381074,-0.047153880437068536,0.03332999947031671,-0.057852044706666064,0.5479729127332019,-0.10906343092632004
-0.04087811046790729,-0.012384249972759831,-0.002849459802032328,0.016060778395400876,-0.02608704170867662,-0.04679006598288737,-0.02806985991676639,0.021968832841821974,-0.013432839073231144,-0.005951256043813973,0.01935776844520671,-0.04137959456886762,0.01337109326697073,-0.0012345323363364357,0.04235854071222871,-0.008082259982809847,-0.02039785731082251,0.028703532169238623,0.03708790037471699,0.43379375156796823,-0.012718888073301543,-0.03146607889565051,0.002351658337365678,-0.5152181568656614,0.0,-0.00016636265939823456,5.391205784012448e-06,0.3797889727703289,0.19068211406910943,0.03113506809658523,-0.26070760084201905,-0.07167683388275568,0.00894340635575721,0.0005061556830726371,0.007651751447821253,-0.00023454027263554813,-0.4069791487654713,-0.17699587138006714,-0.3476558413423446,0.2290341740571357,0.027262138362260057,-0.014230047434502116,-0.011621658222951142,-0.13193566451948044,0.004028839504544918,-0.0002550437831043392,-0.01638294431786882,-0.01039850299556528,-0.024464886615837626,-0.01917093414610388,-0.03149585131289286,-0.004086000144692779,0.01194010583204075,-0.05931241764914267,-0.01118332201769642,-0.008561110350911257,-0.2839556657681114,-0.03618597493742657,0.019019719707638424,-0.1422822103140427,-0.050447106496161145,1.0823540553846536,-0.002733588948824805,-0.00255026479281251,-3.1982875819041134,-0.004489798625513302,-0.00847406155280315,-0.0015248781688285687,-0.01677978785520759,-0.24672326368525735,-0.7552925740301716,-0.02996005254938112,-0.388598390505399,0.14022848217000897,0.5831429278089554,-1.1273270232074604,-2.028278871633915,-0.02831780014933107,-0.0003763886768915422,-1.4052271819161126e-05,0.03624113573295204,-0.09057006741417852,-0.11449968196555331,0.2514108330544343,0.002938108448621742,0.045877928535692204,0.011743018435116446,-0.006697247703557007,0.23886855712362562,-0.0325435974325305,0.029377340969822453,-0.15192292347919292,0.006106263542138274,-0.002410575885165435,-0.042423993558825465,0.010205092022444543,-0.09647322120322592,0.34801028691847585,-0.06118577003756727
-0.042776675898584034,-0.018043757063071104,-0.006037670152967998,-0.01910085440259948,0.00975177817264053,2.2855577293677527,2.0932584688825253,-0.036638579030271706,-0.007477910222768829,0.004590435805572138,-0.013973906138947506,-0.002482018646826558,0.012898942962779247,-0.017510224504217506,0.013892001898383527,-0.005912174850750639,0.010611000056588072,0.007787008129595322,0.020493887500431306,0.4015576131013336,0.015187504770846837,0.0027476594496934625,0.010912862191362817,-0.5785812129566902,0.0,-0.002557382381590035,4.648864309334696e-06,-0.23543167201760498,-0.1440818877808922,0.02726792731554123,-0.09395002342187138,-0.04997628782165407,0.006885571947256726,0.0005044686200581189,0.04762453150013705,-0.001545559197692913,-0.40209670787969276,-0.5153530188380369,0.40429665223297373,0.19919422754891308,-0.010548835954473139,-0.01602898167248091,0.027127659387555552,-0.06347230397484012,0.0035204554738903836,0.03884592344329776,-0.013652992546431613,0.04201112199593038,0.00028865804285484366,-0.02184665069986399,-0.03804551809959453,0.003818396557092418,-0.013308962141504326,0.29970037268170463,0.018884443801160014,0.15153799115053684,-0.37137482107964065,-0.009156634971627905,0.06388959829139312,-0.11906852364072538,0.7808943957344016,-0.05279767474612146,-0.002532724162117539,-0.002544058652335301,-7.827687569796391,-0.003257178330479397,-0.009603335089153592,-0.000615253222959289,-0.025782775060324364,-0.12188772409394444,-0.7593730968507753,0.004631762305594264,-0.8667037749277141,0.2765500525111182,0.6176909080940735,-1.0692258611622607,-1.64090790141757,-0.07508565667821768,-0.0007797587586189026,0.0011955075124414705,0.036933082648390264,-0.12641044351053127,-0.011925236228796406,0.06772295312143038,0.028838839282648826,0.02348997374022702,0.013236745741454317,-0.009508815953689504,0.2836091902885189,-0.003281886008068366,0.10573220819958586,-0.07670783803618188,0.001570594891408896,-0.06480857964092736,-0.08139244509387568,0.1066226593550348,-0.11065705501326002,0.22858312100239028,-0.04343161019638114
-0.033181289206169494,-0.014003578149092434,-0.0061625144491433215,0.01445714435307903,-0.08061355596459804,-0.050029322899771064,-0.020748629883008903,-0.04415233841169264,-0.01258575031245155,0.0008393444864793964,0.007052284898155336,-0.02266775218542307,0.0071542918316697375,-0.007700554935006679,0.048848203757528116,-0.0011686752494402658,0.01426345577888899,0.01159219489232617,0.00118128713586684,0.44550579205116775,-0.015436644657282218,-0.0006896805359897863,0.002586729189703432,-0.5545547110879534,0.0,-0.002372800331961721,4.643249281347325e-06,1.5364589836744302,-0.1793032282443014,0.026653792176688753,-0.2503799145715309,-0.07165512726832658,0.009228989448200572,0.00035170077358934995,0.04651596354008646,-0.00038833895784652053,-0.40526973039992725,-0.2162657740698923,-0.20809254038838282,0.20288530598212404,-0.02153596815291533,0.02493937637737669,-0.013803215817493032,-0.060240315668151585,0.008744217264231592,-0.005216614468198649,-0.014659455050412506,-0.007993354577928161,-0.01849451916621965,-0.014488407293019796,-0.02958350364483863,0.0017198163551962072,-0.013242103564199576,-0.05435850797653641,0.01360779706847326,0.27664301633599975,-0.2719366104507082,-0.015459328212091486,0.03260618009004424,-0.13671774661621428,0.7712893117676517,-0.05806086073451132,-0.0025498239361114554,-0.002550688502205844,-5.246307919213537,-0.0045322358501527936,-0.00903032309364529,-0.0023172549979859885,-0.01585820181619912,-0.27420095269499045,-0.7679992613637552,0.013481864539084884,-0.8365265875354606,0.24265093554252007,0.6154104650740324,-0.989906297732683,-1.406299160798529,-0.07873236036210209,-0.00038670270452286247,-1.5454145603855925e-05,0.036982739355489215,-0.12425212457297798,-0.16182234339453772,0.1192261956775904,0.0225847504177592,0.1323336865160778,0.0035574358539418286,0.07809597622921993,0.2354874003600333,-0.0040454586781754655,0.03544413066972266,0.09980695480000525,0.09245778336022957,0.23874028101458664,-0.048031371668666084,0.17789341928177024,-0.09491594781681544,0.3635921895907793,-0.06437106135006336
0.0008191916331165332,0.0040395899851658765,0.06141338288072852,0.0023417690369427176,-0.018354864805577027,-0.050937293762610594,-0.02274196081664966,-0.10708741765828408,-0.07614200581007118,-0.004959176159114275,-0.014814196551790974,-0.015531673451914736,-0.008140291211932743,-0.010612980367996128,0.0114257386741358,-0.0060952512256545015,-0.004407093092124067,0.026953006439197992,0.1360327342144551,0.39875494374332593,0.0089120196851289,-0.03305209029561098,0.001905865104366806,-1.1333289689908446,0.0,-0.0003825980061393892,9.262879770444975e-06,1.328611430115806,-0.22539782346874465,0.015500611387398014,-0.23971098527902068,-0.06364458969118432,0.007143048672852765,0.000252883929412843,0.009781744010425647,-0.00044431911417756886,-0.40033313898517586,-0.5089858996713039,-0.0028570479334345898,0.19186445878384845,0.03326345857353843,-0.013411445551657084,-0.004383694379232401,-0.08733587805236609,0.010939901435709198,-0.010133944601526123,-0.010775341891381256,-0.00904179406838216,-0.01924676550577943,-0.054794714324388906,-0.024294192193104643,0.06677063142239661,0.0624154377192347,0.28371072810173487,0.05333113110637047,0.27713087058121844,-0.08175313208793798,-0.014543484322211208,0.054710163248237804,-0.12837622558587272,0.8362013121317607,1.127337379905603,-0.0022714938832002554,-0.0021515203076644205,-4.352994926858795,-0.00373608947754364,-0.007287758292876642,-0.000911403848587432,0.03936117781339929,-0.122726975377907,-0.6938743634068945,-0.031396628851718636,-0.7813358601016532,0.2143108194510383,0.598346628352037,-1.0823768569744419,-2.0122706896316918,-0.07394979715562089,-0.000527340938069061,0.0009385906995214034,0.033551099458200735,2.766349246898908,-0.06521728171743296,-0.009862321812754931,0.019347628832377926,0.0529483565152527,-0.122373774602003,-0.009468921579799939,0.43221544147656465,-0.03035544896181518,-0.004747051353930256,-0.4117870836582277,-0.015231959250248527,-0.02991564107781545,-0.07060637500765556,0.0657193070857554,-0.04182892290917935,0.6552022907112047,-0.10158616284854448
-0.08253749584800554,-0.03277852597645853,0.017878826452124193,0.0018800460296745502,-0.036092360100547956,-0.05191967168835918,-0.020654680399323434,-0.041906227731045825,-0.005523812555633659,0.0037336626886350305,0.008953842979605744,-0.004817005711461009,0.013659605778948612,-0.0035595513783423403,0.06797561297464984,-0.007488025095029017,0.01301915101098054,0.010597879173877384,0.00377856092740716,0.422810609350914,0.006827395877770467,-0.0043898058933123235,0.010510252438723895,-0.6068364159325599,0.0,-0.0023441533086426825,7.839272229239958e-06,0.4560924783630248,-0.16557975685657383,0.027524262246238055,-0.25337553460017986,-0.07517472479897472,0.009179213515280064,0.00035129109375350604,0.04731717553846949,-0.001338918315244438,-0.4005674271838563,-0.512600472329597,-0.2631056926424702,0.18284700907961676,-0.01094252629426367,-0.014892120577406034,-0.013488367997348401,-0.058643116098335064,0.006778792544324751,0.019438399077443647,-0.017107107987846735,-0.0019119340584999704,-0.02089321468992298,-0.021428853856751987,-0.03262677713104163,0.0036612965745588975,0.00269445568412078,0.2934313259510441,-0.030585492502544602,-0.002495638836387066,-0.2033116655153245,-0.014515446477126713,-0.0018080359615410197,-0.09402358923518399,0.7413604272337088,-0.07058733731726798,-0.002737083598455178,-0.0025508121155860494,-3.7436979539348085,-0.0044426255698002395,-0.007575595689176224,-0.0013849309542455902,-0.015836407315325738,-0.2563839820385766,-0.7539882836986633,0.010125070777738812,-0.7844545079989719,0.19525002557837412,0.6358215319051795,-1.0445191749138618,-1.4238655910852744,-0.07542052584973317,-0.00010921388677574886,0.0011951473604751386,0.036674279733532836,-0.10264094495369694,-0.12412604162731507,0.0984972184027527,-0.050086880683778846,0.07503133676121533,-0.016882208654332768,0.0014830053946023555,0.28157075838146234,0.002685943597860638,0.039186337755204886,0.16698569811730918,0.03595730801811056,0.23379198042732532,-0.05677727554681807,0.16637913736839255,-0.09753679658730191,0.4198098751855147,-0.07982104837907679
-0.15677373537111727,-0.0162739869176269,-0.012087128228195278,-0.0008076732548317792,-0.045133365707707984,-0.04785764016843642,2.185473926400363,-0.028307089142632382,-0.011090859823503406,0.008598903275567024,-0.001910943552078438,-0.006115907856108538,0.00734787248380321,0.001919825451412694,0.01835542738036675,-0.003334203229616785,0.01445348611459755,0.007295936931870178,-0.010938829878250962,0.3993805770428431,-0.0048759894659484975,-0.00250213344899559,0.006434154957479965,-0.48000447058347545,0.0,-0.0027362898056427884,4.682437488128576e-06,1.4319195424503148,-0.1965649546894347,0.02622132748499149,-0.23200962133672168,-0.0697323803894806,0.008103434806151003,0.0005049795732231131,0.04817769212795625,-0.00025328468336831365,-0.3542937064086192,-0.5126890105412854,0.5339569903572622,0.20937273211499302,0.028645385781191274,-0.015219069532141987,0.02620613856464702,-0.06296819846331925,0.00945988329403103,-0.006287582508884424,-0.014129908645259785,-0.008028714158738938,-0.019504206951236103,-0.01572197134155419,-0.030443311920457183,0.00471023198423528,0.0031405422008583487,0.2945025018137037,0.03095926704283251,-0.010180074299048509,-0.32919358673377636,-0.013977047608270173,0.037024756183778866,-0.11340596624760169,0.7410722279544087,-0.06535169659886454,-0.0026650144276874786,-0.002505211478347854,-8.346065687167762,-0.003996598153181493,-0.009613171957251677,-0.0006583394997473243,-0.010691617048867303,-0.19964097936594008,-0.7541016160423334,-0.029325315484294796,-0.8603621113405089,0.4168149534578338,0.6506347418333777,-0.9692328315466021,-1.681032406088961,-0.08127409260150553,0.002400370627578096,0.007109377220617641,0.036913106063916755,-0.10914058475813038,-0.09996734216085858,0.0018446994625884545,0.04116570885798342,-0.01356396573324287,-0.020241873773866288,-0.004206643664031782,0.25059236327631923,0.018336514264478337,0.05537788516341541,-0.09721785936158162,0.0071601281666836296,1.2106732597921568,-0.05616763745741856,0.17436938321327786,-0.09149857615885419,0.49699612877334004,-0.07595722257719971
-0.14943869666389703,-0.03423469986547168,-0.001252755816464087,-0.02316549263817965,-0.005229736992083191,-0.05877686311953647,-0.0485284382741927,0.01849332780033392,-0.02226722275345339,-0.004518192801393534,-0.0027593671897994288,-0.0032889557446164073,0.019437156772228133,-0.006752276779635331,0.01702014817614027,0.003922374676174786,0.012519911074323441,-0.006229816871969676,-0.004686156502545561,0.011029014707199847,0.008552529856542939,0.001778825782171533,0.004372427818011005,-0.4927340057506037,0.0,-0.01615958518308889,7.912221598758025e-06,1.6398124396047975,-0.1809576082670271,0.025021108885150828,-0.23165922741188766,-0.7628750173998681,0.01012213533219059,0.0004556347607164438,0.02733362589158495,-0.0010324482392785532,-0.1467831187787597,-0.5224863884237974,-0.06915398035398568,0.42199768857680636,0.02492055793829598,-0.0090214502666314,0.025971919894908168,-0.08439291706062332,0.003904947380654262,-0.004505920824345298,-0.004286099228839357,-0.023741551383323217,-0.005893572372031269,-0.020674084736827386,-0.028985871930227242,0.0034149840928682073,0.0015967644026097848,0.28187200545639535,0.02781648964148337,0.281051757988179,-0.3549371499722627,-0.02443215860962714,0.05610180894322594,-0.1176735269025286,0.7782596612643565,0.0262729577131075,-0.0025350710067256503,-0.0024325376295452985,-9.179682559104105,-0.004293203458532344,-0.00963205489176295,-0.0005584227778356444,-0.017922725969101005,-0.8213152637034492,-0.5501579610817726,-0.04158797512442655,-0.677993439608377,0.2519477821534549,0.6472552036556195,-1.1125933620912722,-1.1511786815767429,-0.08288406830325407,-0.00026415747878932915,-1.685547750409073e-05,0.03688872138137813,-0.04799832435639306,-0.09665023083790802,-0.004312788095598911,0.03837387146880172,-0.0413117212837264,0.004997243876726684,-0.013500990144723486,0.24860708237568752,0.02900264396574265,0.02999963078854873,-0.07596190109244018,0.010485876717333933,1.3574759767298512,-0.07034180533556533,0.24344725966031108,-0.09168491226521082,0.5117359532471937,3.3809383674172566
-0.07952482876089617,-0.022548859933076287,0.002367077154043739,0.01759342960265169,-0.03914505661280348,-0.046047746061893456,2.17997973396167,-0.02498461307286523,-0.016622707415084707,0.0020480657858544635,-0.009658887752040608,-0.007160430103370143,0.013793779719952319,-0.023083471008029446,0.010242653111433637,-0.0028108746576566484,0.013477253259801128,0.01162928124121301,0.16668899043051597,0.40116308846230986,0.008706960228366383,6.428057403920964e-05,0.06590171229590108,-0.5209441688880407,0.0,-0.016150823730470408,4.651226359828642e-06,2.9659243639147106,-0.18666878360212089,0.028645032406252723,-0.23465858004176054,-0.7502322792315642,0.009111912568258064,0.0005040684805574502,0.04278120187750668,-0.0015038400469858052,-0.3525772270413904,-0.5141229409220348,0.5052387445818957,0.4181811757575622,-0.06944522401007235,-0.009635104838551433,-0.011100577870840211,-0.06738145834343369,0.005303638712658524,0.021492244150007018,-0.01360595793737689,-0.005097640992378123,-0.019514510047687054,-0.019700613381167964,-0.03067464452994937,0.004438201364205694,0.06344550370664942,0.2968797422090044,0.02594414739706965,-0.001940016500287598,-0.3609575966289738,-0.013770169563098757,0.03825553824734575,-0.08708579196281951,0.7798134962087994,-0.05322296578028976,-0.0026950537593049616,-0.0024702289144646053,-14.446041316572185,-0.0037303184772817114,-0.009569126071977928,-0.0005741736596564809,-0.017225421868627147,0.24444287770788847,-0.7711413438535787,-0.026623790540151963,-0.7173819496368116,0.3981431730148778,0.6553372856399439,-1.0188117438651019,-1.6681171543719302,-0.08473042970862822,0.0003254696362300684,0.0011927097841835574,0.03697141855388937,-0.1072705972332217,-0.1014682248921479,-0.005706507150281544,0.03880034181243526,-0.025903489056517577,0.012486848952183998,-0.007696931357855053,0.25273479050026876,0.01266359399812517,0.028796233736982663,-0.08469898543070939,0.008036034664504846,1.1878561623932642,-0.0672293633346108,0.12102096737131934,-0.07731318536480332,0.4389790023741417,4.265582382496062
-0.15587035272932045,-0.027609156335558206,0.007000434796222296,-0.002537794966521542,-0.00978388119934137,-0.04083810477420448,-0.02765709969748755,-0.030858840494784243,-0.014678231761919812,0.0019813308265722346,0.008278482000213814,-0.0026506845337214936,0.03123135321218991,-0.015633649189185486,0.03053826050138501,-0.004049741732460408,0.01615359937608909,0.013491070334026682,0.001342693735945584,0.4152129779729832,0.01202247096719683,0.002214565096906891,-0.003738235698913681,-0.48033100628164027,0.0,-0.00048628538077706833,4.498991612340693e-06,0.39911596882057887,-0.18768839203739632,0.027458989990729182,-0.23162193920803825,-0.07208184389996287,0.00876758577767115,0.0005049512364454205,0.039028472807763614,-0.0004188833852879001,-0.4041125637745891,-0.5321217294523581,-0.06221472104452826,0.24893320420002096,0.018814928523219115,-0.015464169396642495,0.038490531644506186,-0.0647358736572151,0.0032799534578654946,-0.00863427898923276,-0.007634230686327325,-0.023873254213886388,-0.00919383611315929,-0.020373802444314925,-0.0002698120490226034,0.003172222571969099,-0.006399369219537536,0.26066431946316876,0.022482351383282865,0.2533421391494644,-0.34867908960150656,-0.010664925770672119,0.03296480661721885,-0.1265485043870766,0.7782509073107099,-0.04540273781197924,-0.0025829653394069995,-0.0025414076423228888,-3.7187412957316965,-0.003968841602848223,-0.009428153274889632,-0.0012738687566860808,-0.016178708180658308,-0.1550564750272631,-0.7636227929216455,-0.025302424388320813,-0.8126407264960644,0.15410849088721648,0.6257290478535673,-1.130255356443688,-1.1785579010864025,-0.08070322355786656,-0.0009602394420531207,0.0011982153870443,0.03688046705630882,-0.12540722190919448,-0.10002147338449642,-0.007659994950446681,0.040732886274151406,-0.028566172244393617,0.009036224893203916,0.024065776171338173,0.2532793007548814,-0.00370875984403948,0.04331699888899451,-0.095399663501872,0.08843704228235527,-0.055719147020794606,-0.07523143869309003,0.045391632862100295,-0.05790637573508235,0.4944195213862476,-0.10003549130330953
-0.04160467963999574,-0.030317679507755796,0.008397471861884505,-0.03510700195208779,-0.02018493274634947,-0.048963196577804326,-0.04101262477108822,-0.01842867406038595,-0.006936864712761999,0.0009568903444075047,-0.0008973499257747392,-0.0071978968494364704,0.010251663692605547,-0.02440983633894492,0.016959321066233584,-0.002567771995926137,0.012659985084928053,0.00990176580709314,-0.013525665002077625,0.407670216764138,0.01292389827689816,-0.033395637097953984,-0.001966475098762904,-0.5141843474021659,0.0,-0.002721295156494714,4.651226359828642e-06,0.47967423092903966,-0.1994824467720926,0.025401244993348445,-0.23199688196775747,-0.07599707115617231,0.00916195846680823,0.0005049393214763783,0.042644261910422046,-0.00026598680209629743,-0.3586537802309881,-0.5168605864485262,-0.33681987395511176,0.2003598271600271,-0.022424422097391636,-0.010434427564310398,0.025880352160815044,-0.06498605322361514,0.005155451730292546,-0.005300247070252251,-0.012590069718193384,-0.019887430509653248,-0.026488557440040233,-0.015550690534286217,-0.030328910791464055,0.003115873612307254,0.011139149402819086,0.2920719372833664,0.011650766002243377,-0.013002230059226015,-0.2779967464735506,-0.013760283493365466,0.031147814635239357,-0.12775297886777376,0.745127672091308,0.9963887443336384,-0.0027002674485840637,-0.0025396718806360743,-4.771657875365458,-0.004308448297364098,-0.009660606231566875,-0.0029766947280955858,-0.017100906646643807,-0.19399779584402146,-0.7464185601941759,-0.019432023379529043,-0.7683854549321988,0.16402400068877157,0.605914926809109,-0.91846316039422,-2.0698997355968864,-0.07754497269497436,-0.0005328233113286651,0.0011951537923435374,0.03651090843519169,-0.1481069805870717,-0.11857566707707619,-0.005870406082563573,-0.03742367018412276,-0.04567007440482643,0.01181300825236771,0.004057675752002498,0.2378523923883436,9.990446631240774e-05,0.006754182600560929,0.050939450936153104,0.0045096926953934165,1.3729738432694683,-0.08012602644882723,0.16133819178323935,-0.09955611920109823,0.3402447016365488,-0.06741704178025586
-0.05242501268502483,-0.02730578419378522,0.008638586230199724,0.016124074210618823,-0.016396882549349703,-0.05519285091381074,-0.017186032934879948,0.020278991619444946,-0.01619228940333495,0.018122614795934106,0.012158429907951029,0.02150366804734833,0.016922694360715928,-0.0030413446773658727,0.04388804593608323,-0.006250831103529088,0.01408724208512356,0.00969239332885491,0.0030833389853901325,0.01638796388567372,0.014979540120977219,-0.010844922937156972,0.006407894831173529,-0.5307463990363886,0.0,-0.0023705757755055905,7.831295150758641e-06,0.3634305589239096,0.23107906018948243,0.02677630926729003,-0.2535187016274826,-0.07238388982384777,0.00989637624277615,0.0004556171167649338,0.027101281867191577,-0.00044083882034678425,-0.19396369236547667,-0.5199490609903992,-0.2132705684400786,0.2664373593333257,0.018084688419679636,-0.01629564478853971,-0.011727772992398819,-0.0835736355989912,0.005817651907924622,0.024267547995929117,-0.007675089459119691,-0.0023060472119105038,-0.023180134163134337,-0.023092142290558546,-0.031444354007793114,0.0028196504537862364,-0.011550329705175949,0.28897616822878053,-0.01813665832336128,0.2755091433183169,-0.18405410433752717,-0.00927610942816522,0.019804894661196788,-0.13729627309361314,0.03327674719920274,-0.007944635171518992,-0.0025724373308265657,-0.0025374580454315,-3.613062236694734,-0.004457614439217114,-0.009257300299593544,-0.001378849140691702,-0.021334862703699928,-0.17599483667636545,-0.5356628838180689,-0.0425790323726693,-0.543082169052674,0.14954910503072708,0.6200475076673494,-0.9966648575248084,-1.1876387306258598,-0.08135785538142606,-0.0009180838775203441,-1.5356034796694717e-05,0.03648277751267885,-0.13764797371129692,-0.16308306908092676,-0.007355310405302286,0.039968827860891114,0.02607446742877996,-0.016230739231269664,0.09995964295651541,0.243746141774525,0.0024358745050224112,0.058495413525122684,-0.11655605558881607,0.0030208165095553133,-0.04711170108751971,-0.05749139093636669,-0.04118703585918926,-0.09600202676526169,0.39368586930903593,-0.08320563455831605
-0.015418322573165635,-0.03274158948954667,-0.0003561054419133923,0.005067352182526523,0.1354615203913649,-0.03329660620369451,-0.018939839174685474,-0.02153553076960843,-0.006141317649234792,0.012933919417514378,0.012288025610434414,-0.0018658775962644518,0.02047472408993644,-0.004316607163889601,0.025586843599699382,0.004117995681386673,0.01435870447105301,0.011664062602972996,0.0042086215001928065,0.4200524147265044,0.014488669846022368,-0.012807358053076841,-0.0041586962458866755,-0.5467366305829515,0.0,-0.002728243137021081,7.831295150758641e-06,-0.38719846567194116,0.22528206265149445,0.04502568063757047,-0.12632805897823446,-0.06054618575811675,0.00922378748924031,0.0005048935213284907,0.052527930453828045,-0.0018769888469398733,-0.35724626320030606,-0.5207342186566204,-0.36120061130098907,0.3300524947003949,-0.0409401764028882,-0.01605058844169905,0.024474421225263377,-0.06878463661635341,0.007134596160104176,-0.014138266184845922,-0.0076165641301581205,-0.018048736373345135,-0.05496107309659313,-0.01332207650787018,-0.022578269850780028,0.005771732724799133,-0.0021398457367331324,0.2889917112229492,0.011129293404832302,-0.010464204252104476,0.13225703478567505,-0.025695650572322953,0.02173708141151734,-0.1721010129147185,0.03620752120241499,-0.05268678585684398,-0.002732882811600278,-0.002068224429838982,-4.0908270692321755,-0.004368593272389605,-0.008878030758069219,-0.0008409365011936911,-0.023268132003169115,-0.13184116810026464,-0.8364370881935524,-0.0013555407518282907,-0.43735119501486447,0.1511990032648045,0.6304020382585219,-0.9999789943413185,-1.148336477185182,-0.07763451044488896,-0.0007808645958138919,-1.520728097196591e-05,0.036861835773210075,-0.00850380332132346,-0.02504846759170594,0.0015198822324439146,0.018237885417201966,-0.034004064758825905,0.011908202768702525,-0.005432022796934773,0.18466442041418443,0.035402050252650204,0.040313171421025085,-0.058052031228802745,0.003083203069140044,1.1522934361459103,-0.05003013861372732,0.03099936328409775,-0.1088462238398887,0.28779789730031313,-0.038964357726849544
-0.019546968293802095,-0.027059888258925892,-0.0031233564788783873,0.012983279714441546,-0.002888951390626191,-0.051158216408581404,-0.04950247308575365,0.018360009144340238,-0.005938808489027989,0.00022304982393466492,-0.0008898940106022367,-0.009172725529273899,0.016552669136754152,-0.004089477586428973,0.022133268565035003,-0.0015744573423199211,0.01599321387383621,0.013140000264272825,-0.00760545881447181,0.02425386464537722,0.01755624313947124,-0.003413517458075007,-0.0013332033559975557,-0.4602982927305837,0.0,-0.002729327348236549,7.908344113482375e-06,0.6791766436764057,-0.20231753914053832,0.028893713411625492,-0.23328293765989555,-0.10586391643269769,0.010099700793943792,0.00045612755905224776,0.0385917783044471,-0.0004386169884981675,-0.20067325168852762,-0.5213981325901305,-0.2521197046179652,0.19148531153495998,0.02862205026811332,-0.015688623356135103,-0.015427618750230169,-0.08143325537918068,0.016923666566237006,-0.007775899794340512,-0.010818857550261624,-0.02214645962739578,-0.030753985041260208,-0.024558010494072635,-0.028802638553069703,0.0017407468647176081,0.0015433506237937443,0.2793998998620033,0.014415400573377273,0.2727694843577963,-0.3420631365076071,-0.02455653219289644,0.0541882598933308,-0.1257428512885957,0.7672810871270703,-0.04562861864393895,-0.002549491794167448,-0.0025507998143493556,-4.604913882428011,-0.004427861321626757,-0.00969857231320723,-0.001165443267736344,-0.01578614626658529,0.11123557046118461,-0.5327223004791762,-0.029324103267050042,-0.8328516766175736,0.17940865920202137,0.6485235735387592,-0.9834658341545218,-1.193345176754667,-0.08301753476443031,-0.0009804568514859674,-1.5296656821745126e-05,0.005031127703620551,0.015204656871734322,-0.10210847899627042,-0.007929268348585154,0.04008529479749551,-0.03373330772019118,0.006508173618949448,-0.007361900300764997,0.2321515243972458,-0.0037416725143355014,0.034904337167077575,-0.1056397234617952,0.0037724385425422554,0.23924016662953368,-0.08370916515769906,0.28564586113236473,-0.10858642600683159,0.4001334160717541,-0.09218387103653237
-0.03499182873624145,-0.0060941960305690105,0.009209501371298542,-0.028376053323258488,-0.0548769255421899,-0.048187724726142085,-0.053713000926793694,0.030986769597747595,-0.012443660228103103,0.0044496023714702595,0.008830208316369421,0.0026819623904788,0.009449036090330955,0.0011291163695037853,0.010322177501164017,-0.0021374691467541253,-0.017052591408975776,0.02876883169656532,0.006539913542241593,0.4052948767155325,0.01458155281634971,0.0024174880738881068,-0.0024462306808475027,-0.41552034631156565,0.0,-0.0005468187808488798,5.240499531264805e-06,1.275169835516461,0.19228900645684802,0.02154004554438715,-0.23199405456976605,-0.06837948245267948,0.008554718399375988,0.000490377486797581,-0.005664513861583471,-0.0004253019109497156,-0.40696414837055467,-0.5146441979329198,-0.2047176075255278,0.19219752095251785,-0.017263325979707186,-0.01603715767365696,0.04662078868614338,-0.13282236118992338,0.011286535186848108,0.019836083016674163,-0.010391388345292862,-0.0025157672902545274,-0.008950931782523992,-0.010096792059939044,-0.026196017464130784,0.0026210203500254344,-0.003966104121971785,0.2861705339213827,-0.009998265008057767,0.2581768680384156,-0.32298058592697504,-0.013080964150916249,0.042014779300477346,-0.12924770964382476,0.04280653213720071,-5.958959677212918e-05,-0.002554170324039036,-0.0025501393565993,-4.483317630048597,-0.004061478028275671,-0.009123499969552862,-0.0026966339946943446,0.04227048985965105,-0.17351435171398474,-0.7504055167338808,-0.02508673386258262,-0.43388228153748676,0.1587261289387056,0.6317440719741212,-0.8287694460175125,-1.1297974791744185,-0.08211269651151344,-0.0008851108550465253,0.0009433867760302275,0.03663727059571134,0.09609674742552163,-0.1086149704241361,-0.004304326869729763,-0.042070421163412634,-0.04264714511447694,0.05212617472545521,0.10346826884469747,0.21408533034917576,0.002162595661469661,0.026780758487564355,-0.12476968006243389,0.002053176918867694,-0.0044596033097740045,-0.0636942086549025,0.08469531233936611,-0.020827883601269956,0.3617417447306029,-0.06778924694268276
-0.014310220064616545,-0.02282577360330275,0.0028768007836207795,0.013894649921682318,-0.03803354072136485,0.1336117570828004,-0.018524244531195163,0.030678985451886503,-0.015509783663540397,0.008376303901763398,0.009588005950722267,-0.00627441806534724,0.01795311095822369,0.010793486357601089,0.05917295561651045,-0.0012806910008645487,0.011731551474788184,0.0113667738556681,0.003288525910661787,0.40398422235431947,0.012214469982084036,-0.01232446992987278,-0.0026356012020399234,-0.4513355864742748,0.0,-0.0027216557350938993,5.232426394225631e-06,1.43881180300199,-0.18681548114283875,0.030079245218383847,-0.2438176377448772,-0.07037641383208772,0.00772242780165929,0.00045544215366511695,0.014863725277020148,-0.00023511512315893969,-0.40103617284505666,-0.515095394137075,-0.3484548518736028,0.18353477258967552,0.005642866122641189,-0.015393378541660953,0.04117982146488277,-0.13253965948417792,0.007359903240967829,0.02500625699725708,-0.01694019458301666,-0.003122715858660639,-0.024914785581819004,-0.005967723381214304,-0.029729281498698513,0.0030447638145978295,0.004493522020475779,0.2758620230340999,0.02147384484748755,-0.03107662169450929,-0.325037781719321,-0.016852522852551306,0.04744863522117184,-0.1365477747602185,0.7602824646940565,-0.0473177731832837,-0.0027314180477882853,-0.0025377643341965754,-4.391029762037958,-0.004027160755585042,-0.00780481139488517,-0.0014792920607692539,-0.008421934958751869,-0.1307886659870808,-0.7239376709693115,-0.02269606574794889,-0.9691934092328757,0.20344267525988974,0.6392850455717507,-1.1337193932757195,-1.1473377143097658,-0.06983584566881114,-0.00012376542940590828,0.0011824554396608839,0.005835227892074449,-0.13030719566247073,-0.08412716504854767,-0.003077072732920325,0.025929237784581068,0.012510071838907429,0.011289019948863782,-0.007350254139556879,0.21332073816614547,-0.0034977283691061227,0.05225280222990808,-0.1132681740538594,0.005672597931760886,-0.07657913395913357,-0.04970899099803335,0.07411609143944119,-0.03316514023082121,0.40944416128109995,-0.05227414506742471
-0.014487669485084155,-0.023423894105288223,0.005965879611823235,0.001235722162737322,0.023954833797871597,0.12643864330205343,1.8231431927533996,-0.018371627428189773,-0.02239265745102791,-0.00020669923564915315,-0.013186985213115654,-0.011101068840752053,0.016961953523657987,-0.01613202598339727,0.02185185077252492,-0.0038869132306549735,0.01440736564847698,0.01329681264317512,0.05541107972257806,0.39222946798806224,0.011329371263959751,-0.0237627383904759,0.06954360082492816,-0.49282590604620097,0.0,-0.00048247719641119865,4.352243582540131e-06,1.4964708741839714,-0.20340689726471942,0.0242124590799661,-0.26275902823662606,-0.08196323756138085,0.006195508535402846,0.000504497737982777,0.037009044375556854,-7.446093465029199e-05,-0.39845872790839354,-0.5157322563252508,0.5745767116878274,0.17993318452414556,-0.09021313454971525,-0.013153613447166857,-0.014336185995800598,-0.06021928994736085,3.344785424290518e-05,0.06833808812115041,0.009404745279363603,0.046147410217830524,0.28311554050430776,-0.0237122108634957,-0.029906020363611268,0.003080679993599314,-0.02580976223389422,0.27428632593957775,0.007798772716390432,0.14854578247865616,-0.4210392918798566,-0.009815182909737643,1.2047925928141552,-0.14091765686831273,0.7340309513736325,0.874560033395192,-0.002544365456319891,-0.0025542585863671794,-9.00231626443111,-0.0043370987675033544,-0.003376388792629604,-0.00027442450835124885,-0.027296093867135843,-0.12017643887513267,-0.8014322558763034,-0.03966682354296566,-0.976176112035591,0.422324886148712,0.61805502956602,-1.2132646815968557,-2.1757637641384386,-0.07767347598975767,-0.0007828871240612728,-1.1127961264078926e-05,0.027499549377840753,-0.10393306885066074,-0.08140682534194398,0.07667837123951209,0.01438236979431077,0.024207832044129123,0.006685356319144115,-0.010310368853851911,0.2627058896573571,-0.03040876207015774,0.011263523571510324,-0.13577125306969465,0.4381477184667697,-0.06082518613982958,-0.09051344497444086,0.0066787503843660665,-0.019255937150993788,0.5260405764881217,-0.08106468595646285
-0.05795722844400365,0.010953238572518995,-0.012490738594097758,0.02250816556529953,-0.04037713196437975,-0.04775578135580251,-0.02368053234244229,-0.05311518091257577,-0.022152349426477112,0.002588441320551367,-0.00016579560396710064,0.0012152242022401528,0.01538598106878785,-0.017350609107361928,0.01678397079284644,-0.011017445832617798,0.008526529882951833,0.008846782338933833,-0.03172416540709777,0.4222169321281059,0.012670496122858815,0.0035381943965688057,-0.0014841395375403974,-0.4093443791136605,0.0,-0.0004977106251063712,7.876346805218097e-06,0.3855852452039019,0.057346434958146994,0.018801176690398595,-0.23020570640994986,-0.06425846724606259,0.004178289076057687,0.0005132015817632147,-0.003975666711891155,-0.0004456111149343852,-0.400537913478708,-0.5167692958560998,-0.22270381876439158,-0.027671225199053788,0.02645956390159258,-0.017153843775479242,0.03733697052446849,-0.08694576500528624,-0.0027635394529337788,-0.026886146763110134,-0.003093588082355087,-0.010446219950041274,0.02505882569183217,-0.014957918767151392,-0.03232651592550867,0.0036155604330792147,-0.005900445968598153,0.2785690583318447,0.02021919816813299,0.24804521245762803,-0.3392083610089881,-0.017186920738706094,0.04231297494181285,-0.12852689186258393,0.5935215432701826,-0.043116741596054435,-0.002579863670676202,-0.002554049974435951,-3.651323582568783,-0.004028125677563445,-0.009491590156503592,-0.0008414150993017698,-0.020969340046578515,0.021993461578431444,-0.7631486427051235,-0.004616972649378785,-0.7652554214934127,0.1542685712014768,0.6237109393656507,-0.9303283688918658,-1.4044461372618262,-0.08098675434251519,-0.00034184666772629405,0.0011982023446243865,0.031963905569005704,-0.14794613707082677,-0.091189726900844,-0.005739712013846993,0.04156501329721987,-0.029257009092445795,0.01573497103889357,-0.00444189265968108,0.23171824737819482,-0.003144154664384058,0.04349199380676944,0.1582117410646425,0.008183477793814613,0.07196123828638468,-0.047919472032617746,-0.09204714656966126,-0.037648229145768555,0.40359363256617015,-0.10494956505413158
-0.06346140403324742,-0.03365379800124784,-0.0009617620997744576,-0.018158998577471965,-0.01128871938308072,-0.018242990646460386,-0.02242204798935534,0.02086554544931453,-0.02184608166164768,-0.006227819864045953,0.01354675836879092,-0.005586230517686394,0.01680655726909793,-0.003430379535405067,0.030962427134964353,0.00020037874214878004,0.009501051243976872,0.032906893237051024,0.0029305222588827053,0.029671340583108396,0.010609166260772171,0.005119366471122016,0.012234422780901097,-0.4227089877017214,0.0,-0.0004782443907166364,4.657774573665056e-06,0.3825281338818113,-0.20656644290133297,0.013732342611432843,-0.22858572275741953,-0.06893358306889728,0.006472406497665022,0.000506238390156069,0.022427011487290642,-0.00044400951047447366,-0.20174573932323214,-0.2125833837006073,-0.21097795773159514,-0.00829975391936586,0.009136252388130862,-0.016450750890269303,-0.026040396611614947,-0.08029365070764131,0.013826623738512742,-0.025670197455813108,-0.007173537361569906,-0.02483834618090099,-0.02980891182332742,-0.03305139959546866,-0.0296434702382916,-0.00022719426824597798,-0.017721302840690966,-0.06306098717494671,-0.010048328380641755,0.2776679257048673,-0.2794040824391474,-0.013492495956691202,0.048215509253256836,-0.13293083431062033,0.7916166082699854,-0.012553191068438075,-0.002577666115768182,-0.0025387011633430483,-3.8300221005347512,-0.004326331987039162,-0.00946705085365463,-0.001637638398992888,-0.021099969350291518,0.20814358679830142,-0.5627913226451088,-0.028261657897103346,-0.8060267118604456,0.15468829494167965,0.6552917033943648,-0.9495755648790263,-1.397880708365183,-0.07984057045101635,-0.000924457614422484,0.0011982168922751587,0.031176590059612493,-0.1322721311089999,-0.1554540865672123,-0.005603484969056266,0.040141064876711305,-0.06302010901731196,0.0101153105140323,0.07143207442145225,0.23461772907418152,0.003191607673761466,0.05704115183192895,0.1311908753326589,0.0951521678761504,-0.026817957916203464,-0.0677787143980477,0.021707750382762354,-0.055512947667212785,0.3735139551514899,-0.12263566573245266
-0.04290956854590938,-0.01708132968163949,-0.006280307772975802,-0.0009133909308414929,-0.004648880146071974,-0.056350538756582656,-0.025998029007224376,-0.028503310973537466,-0.021766545466140565,0.0016282175036377326,-0.001275790427007777,-0.013709074703480041,0.015108748425879472,-0.014911311464825832,0.017942127568653293,-0.0013241525665843076,0.015153512674760465,0.030705735114134627,-0.009326011381544099,0.04588853648772429,0.013574662318731279,0.0023080852454802968,0.014322089267788322,-0.5783539632555589,0.0,-0.0025551764173686042,4.651228649637593e-06,1.2090579580617822,-0.17208364879842256,0.027301823000677,-0.23661916526839477,-0.07411762045637273,0.009094891687551595,0.0003520862410624563,0.036057177709717836,-0.0002914387861064539,-0.15116845891101469,-0.5218404363454494,-0.3508930445518414,0.1968668890792352,-0.02424554103909784,-0.010589306060548254,0.026148647625073657,-0.06089199311868436,0.009890062259098551,-0.005828477528977658,-0.012213558342179721,-0.022433917582613126,-0.02995638680520348,-0.022690799109823565,-0.01842342306935796,0.0033968608428204075,-0.0011978719245664868,0.2864916997916748,-0.008995229269800266,-0.012906102265765869,-0.23952528503330867,-0.0185967615915387,-0.0027676646467217746,-0.12474249643844723,0.767223162266682,-0.0564294976480085,-0.002737028577407624,-0.002550473499656479,-5.285499027265999,-0.004321461044288408,-0.009060434448585898,-0.001999195638349429,0.031538363770167645,-0.2400649966396389,-0.5488581432609867,-0.02763625367012949,-0.8103257564857216,0.19211370392165641,0.6305265041493742,-0.9796073935958872,-1.3970672204936323,-0.07960200516993687,-0.0007114576264149236,0.0009429457640825498,0.03660635373783425,0.04602872624942695,-0.12425711005010888,0.1912063111956457,0.029350868869319667,0.04574344039888575,-0.0040794947671939,-0.0007895555517196827,0.25233599999290685,0.01281296019839757,0.027288643271884943,0.14923935472861574,0.06442644122497079,1.1925312045458871,-0.07615968342981787,0.16649674606446863,-0.09350056299268182,0.3479913757209219,-0.07708954583566323
-0.06603510062072063,-0.0222802470655219,0.0025676598716355896,-0.005048158744552226,0.21443374959805922,-0.03527114747509982,1.9920478432793562,-0.02575094389434824,-0.004223400603746827,0.001466562018485931,-0.00801342262124751,-0.008215430029094625,0.014909460629475896,-0.020047366467039668,0.019541956333188282,-0.005468739508924985,0.00441714508523273,0.027725327347586103,0.16461711214786542,0.4092978691010892,-0.010466578792929261,-0.002495305033336833,0.012667589622126864,-0.4570095518815877,0.0,-0.0005586974766801201,4.686923473438267e-06,1.6268299263285302,0.1753700595713181,0.010326765174705571,-0.22453538856506647,-0.07128735718970076,0.004395862454247674,0.0005049273858424183,0.041324310037022326,-0.0004659900609047602,-0.4000789575827619,-0.17529176931431897,0.3572926418164441,-0.033833457661213824,0.01867938833998247,-0.01476316202077209,-0.013756289445875227,-0.07001018890999851,0.015068374200285164,-0.007620721099358307,-0.006501869391588925,-0.019239662162949877,-0.029699585165165923,-0.004125917507423808,-0.020100467898036,-0.0005150948618296367,0.05627616023962361,-0.059790965370607185,-0.010019145589122203,0.15006490673968964,-0.26114117488268457,-0.014362013920984287,0.0362428363190723,-0.1267213487415943,0.039977177106393605,-0.03333228986803967,-0.0025538757980430255,-0.0021040697652583047,-7.81185747223354,-0.003630069316565999,-0.009726896770248478,-0.0009667114531814808,-0.01543715024286174,0.05300730921955989,-0.6094464584675853,-0.02095926551452741,-0.3756391325483322,0.34839145843386293,0.6187758395092542,-0.7438580334936254,-1.8013922236317101,-0.07888899036355916,-0.0005258852216389731,-1.4225245021561143e-05,0.031355091000802075,-0.1114520185815833,-0.09100934827581382,0.09644175976089225,-0.03769184087963442,-0.04361615914139563,0.01157955739357955,0.003190593191770147,0.2465859657681028,0.0025328121810406874,0.04482113466909478,0.06158443118001964,0.0030660096435869443,0.25620544591037286,-0.08812245288883938,-0.026718397631438344,-0.0327662935197714,0.3376559526385829,-0.11273389219704442
-0.01620598914324624,-0.026755001890555272,0.002277730324541106,-0.024968864921709525,-0.031063879105772484,-0.05288103793113107,-0.020662375320580875,0.005292793312219501,-0.03860950223255444,0.0036555397209417006,-0.0018141672348074202,-0.004128237856679933,0.020013339064895563,-0.0013944314765056468,0.029780110488032287,-0.0007104056416159362,0.018865120238224543,0.0358155551188095,-0.007927009440149034,0.023237410258648488,0.004750374153222376,0.003033133618463219,-0.0019591996150085077,-0.5185138387722363,0.0,-0.0003216103717570296,4.507070610726363e-06,1.5392607469461717,-0.17298012949914318,0.02108727765582859,-0.12584773717067746,-0.11770395221925323,0.007677002563491375,0.000353838049172409,0.03683286514166241,-0.00012146867996017075,-0.18800863913038565,-0.5214713108501666,-0.22541686238946662,0.222865737911987,-0.09953727670654795,-0.013522829217189537,-0.00914622911156957,-0.08389452715366191,0.006363590980405039,0.05851001161779833,-0.004697514581609298,-0.005014689915730521,0.03092751035060332,-0.020889073160480387,0.1423445184375706,0.005006896691650485,-0.004767941999903832,0.2727730079869551,-0.010044027634885629,0.28226361913170345,-0.4671575544152523,-0.023415734158665436,0.7535056131362314,-0.12827254912791924,0.761059781968429,-0.004200188897124876,-0.0025777867788127737,-0.002554181491387259,-5.376265304603879,-0.0036218166417263005,-0.006331522098336407,-0.0005290944051435697,-0.07869215169747673,-0.18137064747349166,-0.5104227759701991,-0.041563490034333954,-1.1810425796536073,0.2332332578104951,0.7330734524154106,-1.0148314048060092,-1.0922814274548753,-0.07341513528277727,-0.000847531832517512,-1.1353506450387471e-05,0.005748326005165405,0.02256016178472215,0.04634487707174689,0.09845226823673725,-0.003114934166449821,0.0779336527592067,0.01393913549862658,-0.009264742969201666,0.24333977204915175,-0.003450768572596234,0.06675815130947865,-0.15231949235511924,-0.0500254805856777,-0.006912845442616711,-0.059297905161814206,0.02892894263375665,0.03260059440389064,-0.04111945882849805,-0.07782550521789189
-0.026721050781678895,-0.07061599150421824,-0.004248932769047575,-0.005701781431228634,-0.028700123087268145,-0.029726304839307806,2.2276390724273165,-0.039738182594374095,0.0032155889447122365,0.0023660011270651236,-0.003520180997946638,-0.009010592419850487,0.019600882680298137,-0.019186522624237232,-0.02279302140959912,-0.00792059667872174,-0.01247533588719143,0.009258680303255442,-0.009854350396457053,0.3961937896421347,0.010246527041986177,-0.011339584599978858,0.06732885387008276,-0.5107049402673699,0.0,-0.002711595048072216,9.017930876224378e-06,0.42754855926939034,0.1848336795257987,0.016928918721588155,-0.11865413776278531,-0.07567965062282497,0.009052364207676964,0.0005040626091742708,0.045839430246000006,-0.0012497755610871822,-0.3968275887265676,-0.5193754099012878,0.35840904038419696,0.18461680119060453,0.1020929882730854,-0.015323193788889525,0.027406111112467095,-0.06863236995561434,0.005962551193950273,-0.004617545591692409,-0.016886983291383016,-0.009695196807943979,-0.017275985498915472,-0.017907561332165835,-0.03428963990461691,0.007077726517235054,0.0007173721690568127,0.3001735744559461,0.008575210677102815,-0.01601074956525116,-0.26756295540019953,-0.006053004892580618,0.03093073751112112,-0.08202190627709234,0.08990489472991824,-0.06653513610147202,-0.0026791570771098616,-0.0025390410143943274,-6.038217768654063,-0.0043763400579421635,-0.009297060064091749,-0.0008106403368539579,-0.010023150938277764,-0.21100683593205863,-0.743150889979675,0.011380124563798768,-0.449657870192131,0.32252559326032604,0.6339176155710338,-0.9277419974641365,-1.8007031591790812,-0.08082851252077701,-0.00038095471368319796,0.0011955147818479873,0.004704477832628423,-0.1197593110962614,0.0777851206312997,0.07553049513245176,0.03867066549401622,0.033220734166285265,0.013042120427031583,-0.00973245677444244,0.24147121922424036,0.0031116437444565874,0.04990433838237292,-0.107040132995496,0.007116041069686627,0.25304893998517186,-0.07710934630369366,0.06215287231961617,-0.10475260453175834,-0.08634363434501718,-0.07969786706964835
-0.05872834456382577,-0.01520907629918555,-0.0024907124991394203,-0.008365728930359223,-0.05144881561661786,-0.06100993524793868,-0.004771769753999521,-0.02456900959817111,-0.0148272396880713,-0.0010612510244606436,0.0215617166566858,-0.0012497874567002547,0.016435662808532623,-0.004300344525640441,0.0412393829437235,-0.005637711045087169,0.012300457190253427,0.010848240134977373,0.03344325811044992,0.4378912585009005,0.00544331401861833,0.0017770034689507013,-0.0010024930237599121,-0.47105966247759756,0.0,-0.0004942264651276411,4.657774573665056e-06,0.4349116789467738,-0.17487315333134593,0.031185671397181595,-0.2315290933328391,-0.0683309468887314,0.010069269149186658,0.0005084683472178631,0.039436589718116345,-0.0004753748667321602,-0.4007093257406306,-0.5240169275038323,-0.5731248491031837,0.24904244741097892,0.023629587206048287,-0.014112127714438469,0.017760262498501243,-0.06252406525132165,0.006306976207588257,0.025045524576996728,-0.013117066301729423,-0.0013892525941564301,-0.016003735288852742,-0.0282349989927387,-0.03217721625501151,-0.0013237070785173406,-0.0007762990677204838,0.29058939255167354,0.02270054770169327,0.08946650512545053,-0.2888589890330356,-0.008276079920488165,0.0010205385168015756,-0.145648491877226,0.7829578921336215,-0.008095018031703614,-0.002560045449428634,-0.0025342539182743673,-3.7060731977499066,-0.004409940379076541,-0.00940921843145019,-0.03301772666180794,-0.009386711005227527,-0.14749709820104523,-0.7568170600643898,-0.00788468083427954,-0.7997977684598576,0.19538742935639597,0.6421284224095226,-1.0181701872210407,-1.4422377198676632,-0.07802710540248109,-0.0004042794946948495,0.0011982155504167511,0.03645352016752946,-0.14756762835251838,-0.12302791708685203,0.12863650699688745,0.017460550555017388,0.019467278248287444,0.01221793158296889,0.019326222728777136,0.24545901163504394,-0.0029480142522928443,0.05671967242910633,0.1296024354772746,0.06965596606826831,0.24073399198952422,-0.0573547225509927,0.03720685981717326,-0.11431550755345049,0.3748375293486777,-0.10167033112567662
-0.04741802272811523,-0.03621046691846647,0.0142298607447203,0.00982056974314301,0.008112805277298572,-0.06370193820604184,-0.02705526500241933,-0.04831546121371683,-0.004714923042804898,0.00136730442769326,0.0019288667358988104,-0.00988228281371673,0.018615352190246945,-0.013936925841950082,0.03410507798106211,-0.005888952008293686,0.010864679742900483,0.03115119316112075,-0.031048029619529315,0.4394198213916897,0.013935012395226588,0.0018881935982970467,-0.006171370711037262,-0.5648965317922238,0.0,-0.0003160584594946009,8.330843686613446e-06,0.30135856033794317,0.2676200206589578,0.03139462515321004,-0.23395833088379495,-0.06299465114561216,0.01068845002866234,0.0004395211087176548,0.013417521333873307,-0.0004459802909686188,-0.3997110385329218,-0.5120051217127142,-0.2431229957867945,0.18746076747524834,-0.014794704127340266,-0.01806023459925787,0.04284822792295656,-0.08596951250432544,-0.00016339375639585585,0.015390087064153882,-0.009233368038661538,-0.0006728708877816455,0.02049399415237735,-0.017128276673975165,-0.04350267314655861,0.004813325292033042,-0.0018043262349775105,0.29850208689847446,-0.00770642885114626,0.2659295666463471,-0.3266689988087585,-0.011278974405755957,0.03841423220865859,-0.12518256907770925,0.08252483704490393,0.0014765414278180464,-0.0025823434421577344,-0.0025422687718778584,-3.7256165999440882,-0.004086465103443462,-0.009611044034302728,-0.001425696356871784,-0.014135729389078871,-0.17695664863396893,-0.7642029059005345,-0.03638647716515508,-0.6676073996718919,0.17261848137274263,0.6417339363820634,-1.0687955570525576,-1.411957472291648,-0.08010097270488672,-0.000797743203210928,0.0011986890574904917,0.036377412451328445,-0.14855429023090883,-0.090600330854964,0.11271568969181951,0.008565221443502993,0.040832434744598134,0.014721664427875479,-0.0043808612291825495,0.28068706851564346,0.0033000839076956574,0.06185853213920188,0.14596191771584557,0.007219705472774939,0.06586350752821205,0.026536152133902178,0.02233032049516675,0.03753789724656625,0.352392895372464,-0.06964620021374232
-0.012064303831058257,-0.0290878459331112,0.006070124477540897,0.0026684914169584437,-0.02930333151526512,-0.04550136510909594,-0.029288307918203926,-0.021949645486501256,-0.0249915421447184,1.8731971164633583e-05,-0.0016331184563699564,-0.0019843363352993314,0.014609781411534406,-0.005124867244716281,0.02836562092208326,-0.0019311310001869921,0.012369104190851755,0.010813087986071347,-0.0182433670699969,0.4094240039488109,0.012761863095899108,0.0023937642575639143,-0.003136921700850959,-0.5715011209378444,0.0,-0.00233464984634359,4.651226359828642e-06,0.49158544407118815,-0.19410846656533667,0.028561612630344305,-0.25392630302671654,-0.10745762179649859,0.0071524288528656554,0.0005043898145827656,0.042889807731877824,-0.00029271195474473875,-0.35506371633843054,-0.5228252879159235,-0.39250684898750987,0.1996556656383288,0.016060680797388295,-0.012097091143894487,-0.014734053439326971,-0.06629364334629242,0.005522777286207839,-0.006184847057884279,-0.017973081799970245,-0.010269944927895226,-0.026416299194661333,-0.021969191528405846,-0.029852990009988107,0.00404319408409434,-0.012578299487213635,0.28498965135958626,0.022857525336037937,-0.008656814638647902,-0.3145480767631815,-0.03283102714114553,0.027318103636474952,-0.12066288986873834,0.7752485477776613,-0.008274159118074966,-0.0027338768985240595,-0.0025378495983542364,-4.808389536857105,-0.004506952612764149,-0.009532534927586218,-0.0007511037348942063,-0.010307597994007035,-0.10794934187059753,-0.7566525519223748,-0.028123507123115316,-0.852196499323887,0.21959823718930396,0.6394488970842603,-1.0155962470675963,-1.1720017126066022,-0.07747820813589909,-0.0003430324366603174,-1.4262086813334794e-05,0.0368933183475159,0.009927441676779482,-0.11119173567844025,-0.007004353392051003,0.046718672368544885,0.064485852077015,0.011605240082359972,-0.013365209998624776,0.2605900185290509,0.029542563478430706,0.04227753719060389,-0.13052265660685944,0.005331088492733786,1.3754583733150527,-0.07311084010597284,0.03653548678575329,-0.08306588531538656,0.4350880382357518,-0.0794035669744436
-0.010411545397168095,-0.04234038308297371,-0.007848103789911434,0.01176449085361794,0.028583832404097897,-0.01802954761353165,2.231693856382222,-0.03715808415732211,-0.005859595481492583,0.008421033177073349,-0.011051526279005004,-0.005704247817313631,0.01534090310528627,-0.011671364972463431,0.022533453019155315,-0.0028974722486807677,0.009078183653005672,0.010176166179913284,0.11756822037248896,0.390886785427781,0.012832227564282702,-0.006216695470061239,-0.004618110447955565,-0.5148503363327903,0.0,-0.0023533116198368583,4.645148357611713e-06,0.3317916611663561,-0.14837324889660025,0.031041724265546328,-0.2521920794898428,-0.06928283515642811,0.00925033038250899,0.0005049427690706005,0.03909771403022991,-0.00044644188505269574,-0.4030763577163775,-0.5182604216093445,0.32823111494076523,0.241327721626785,0.03000516382365038,-0.013041808075374967,-0.01009103062288241,-0.06387464177386833,0.005240907325054605,0.03306707839453941,-0.011315315639648094,0.004302406249681598,0.024621308026273016,-0.017632780861440694,-0.034454354414729285,0.0032862368807464906,-0.046563870760569386,0.28739485346696725,0.02075274635248367,-0.007835218716138443,-0.38571876948403616,-0.008398186934536589,0.05632938228143286,-0.13397326642146126,0.7833462010699707,0.0014565239752539092,-0.0027034068490158583,-0.002538792135266529,-5.685992119976121,-0.004309570374015998,-0.009563022483673958,-0.0008233330018740974,-0.009568911290682616,-0.10818011504375628,-0.7501681800643176,0.002844652501709233,-0.8543787472763893,0.28107683347826695,0.6208910436021648,-1.1389196387868692,-1.6922906180282766,-0.0730932968140338,-0.0007941115019678898,0.0011826081131052011,0.03692511680046124,-0.14919413956929373,-0.0982587278680846,-0.011550991091474993,-0.0285728001758974,0.032804010588961575,0.0073507086970209246,-0.009610762162832034,0.2626894185431841,-0.0031752582671282425,0.030807362124491464,-0.11862368486602463,-0.01239484424286944,-0.05951444271594964,-0.07725496483972455,0.04271395960511344,-0.08560404685561133,0.4270746965711806,-0.09866121057966828
-0.053555562673333376,-0.022045434824067695,0.002116574980133218,0.01593981733306841,-0.003729561076146107,0.010644328892147616,-0.015790629049837943,-0.04233669369571877,-0.005460996352960601,0.012090908729306798,0.030974922260525697,-0.0033182741931062445,0.014538504196592163,0.009543117955395291,0.030112351675677565,-0.0010782038638201474,0.010889536382271862,0.008868318760050157,0.028247552975516486,0.40578619621226125,0.015054219099628638,-0.012367824986559802,0.010485664100961545,-0.46516025622206036,0.0,-0.0027365154658634113,5.238504396442553e-06,0.3228427686540007,0.06795249984071776,0.008674372865230115,-0.22809145043977402,-0.06185328041307464,0.0074848635524655295,0.0005047311973408782,-0.008532297733468922,-0.00044542928669884154,-0.40708756715033556,-0.5180740548214731,-0.3575528674409111,0.1843783741734881,0.01323570490078619,0.021316264578850542,-0.01514495575556455,-0.0838191925647936,0.0014276239939849478,-0.00242992199485889,-0.009806193255442882,-0.02330512820736968,-0.03336800803239221,-0.02405250947786991,-0.03783894666479414,0.0037567608517048282,-0.004146919444655653,0.29064441980262445,0.027240788782462725,-0.008174297635174445,-0.37881370139593723,-0.008704675217822193,0.0358443087229435,-0.12709653618855352,0.5573585198449024,-0.045864269512808774,-0.002704419444372169,-0.0025515923195428814,-3.135827376972963,-0.004506810574011305,-0.009544420767157002,-0.0006588338372059459,-0.013894425025740896,-0.1210009969286455,-0.735818645574226,-0.022347142346337095,-0.575022613290661,0.1668833141529088,0.6109309813862837,-1.0254528020089928,-1.0871961709720552,-0.08008273067325786,-0.0008022961701901712,0.0011953131282861791,0.005072815079308894,-0.1558232048258013,-0.08385162919962207,0.0023916596613918653,0.03513488427264941,-0.006491292396486642,0.0109897170776803,-0.008664402018838458,0.21027530843379427,-0.003238552795292913,0.04720487177646711,-0.10884970300958112,-0.008134001315474985,-0.07460262706274723,-0.07398506419578005,-0.1708416874475137,-0.09582455257209382,0.39341847537916075,-0.06694491046969903
-0.05955647472120243,0.014965996133060317,-0.00291688661878586,0.014035451976422643,-0.046652967597644424,-0.06395279822147802,-0.022397328709723226,-0.03115776536716763,-0.011083348406177805,0.0002971815255314485,0.020384366713107317,-0.036636441592014686,0.014268103080916729,-0.006522397229348417,0.04180462044742899,0.005970883042863289,0.011998248135635459,0.0311278105760563,0.01788460234241218,0.4143045726643093,0.012104072795718436,-0.00267856089119038,0.07268789958553377,-0.5278722278330051,0.0,-0.00237195916646998,4.647348874552992e-06,0.33653704124740524,0.2162340709732704,0.03235854512296582,-0.24919089888949594,-0.07181091709203108,0.007320376310389845,0.0003521864342363911,0.038077434301460794,-0.00047005638433912287,-0.4029922389692359,-0.17745002847180824,-0.38110792634541485,0.2855662057504931,0.019244907302820746,-0.01751417392473118,0.02546326129248847,-0.07360104417120668,0.005462653399827526,-0.0035362896035921795,-0.015429235489224261,-0.008956009205232738,-0.02141781121367936,-0.01956557767440986,-0.030027304525293542,0.0043537809672619925,-0.0047077484627774425,-0.0576640071029364,-0.010545565436197734,-0.015580068111918734,-0.29284334540656753,0.00832929143982525,0.026971162790372302,-0.13870797006716387,0.036209475090836676,-0.07049791066839778,-0.0027286736864783542,-0.0025517281143827846,-3.2841186398015463,-0.004305989380887572,-0.00950465652756096,-0.0011253291875104104,-0.01957882128238557,-0.23731822451570778,-0.7546251794760025,-0.03865057452588828,-0.4729014140318262,0.1465216776158116,0.6321646606303624,-0.9959067538060645,-1.117935321723074,-0.07816095383989766,-0.0003635817965617079,0.0011940276194307596,0.03692037032836646,-0.14974054598099426,-0.09939312056912748,0.25490857658331095,0.01607030414708422,0.0538678532562772,0.01957960537051199,-0.009945859190747615,0.23724045820198117,0.003126436034049798,0.05135254857511402,-0.12249772483130664,0.0005367590938497451,-0.05015441775100863,-0.04318537918301693,-0.06384513297149474,-0.11160274148771629,0.41943918333437663,-0.09467372742287467
-0.05173619680533116,-0.019655935364236956,0.2217981558033176,-0.007015161205511809,-0.06253734830263259,-0.010695712959144977,-0.02236800181802123,-0.027482229720074733,-0.021474889655927715,0.0027452736588268714,-0.0028244833875558486,-0.0012582388025802569,0.017604363498462873,-0.017006292146085504,0.01843882012775467,-0.009013959783380647,0.013793682576092496,0.008926838455293047,-0.009169839155141803,0.41619655526745836,0.010164147118757285,-0.002316459270416073,-0.0008234299212743082,-0.5968818859388573,0.0,-0.00047894443026765644,1.4164943553273379e-06,1.584325985393615,-0.18225313658725242,0.028166307138792878,-0.23397317127945289,-0.06918646672123371,0.00724016095291768,0.0008981069763713205,0.04108414925685393,-0.0002280222933664323,-0.4031642483606134,-0.5344605638159552,-0.24980999139594673,0.20861301781267752,0.041848018947493945,-0.015329365845479434,0.025849454433937217,-0.05781372554334839,0.009986137762075667,0.021953008739868014,-0.012707238369909796,-0.00401153030958456,-0.020396159578492633,-0.022452162014689504,-0.009888982424841227,0.04889186810987912,-0.01314193384344873,0.2732910274444034,0.012183267832236312,0.26247597119521476,-0.3177952360700698,-0.009073674392493307,0.03058084721024442,-0.12915352891148502,0.7448025056885261,-0.06309498724204676,-0.0025585645636583177,-0.00255159292579933,-5.195866696649983,-0.004306740770959221,-0.009328643090249554,-0.0011208909419569845,-0.009889940036125096,-0.23273084071494893,-0.7593399017309174,-0.02154947277355304,-0.7970765124055499,0.21327371594858802,0.6283134779091605,-0.9336390908136488,-1.3995253283709341,-0.08056877054264841,-0.0007443152671682444,0.0011954060498425279,0.03708429806869172,-0.11366716675548685,-0.1345964521547658,0.07729746131544737,0.03645858581943143,0.04760998222696745,-0.017014375138249223,0.02500690369540659,0.2833509263033336,0.0021235990434512603,0.05131025882891096,0.16869234957732124,0.0821096376919437,0.2506020235145616,-0.07352634889693653,0.16803086245952376,-0.10091368729743114,0.3655826954198466,-0.0739095813053191
-0.017383509422188876,-0.027297666842318196,0.015993675541889015,0.006262007674058965,-0.04336648794347,-0.05597071144866155,-0.04946041416695601,-0.027925719266363478,-0.02521182929863925,0.003023664417942747,-0.007196455521534833,-0.0062659689936756325,0.015446432848913224,-0.01995905453151859,-0.017436113939334853,-0.0059667562874054815,-0.023360524419247457,0.009196221308829888,0.04923113848427794,0.40156860228594043,-0.015672915765313745,0.000885486343530062,-0.0031294126512741876,-0.4373542261998891,0.0,-0.0005434947430824253,4.528138222304953e-06,0.3397465942648369,0.18555449781197247,0.0305245586318163,-0.11747935118632943,-0.07868876541478828,0.00732997464106824,0.0005049409110207066,0.039005346664037044,-0.00026279227033751407,-0.3948270523242077,-0.5188562847501088,-0.19798278356328394,0.21377394908143574,0.019471606742367982,-0.016189893398106767,0.041711895775098866,-0.07081821848077477,0.00863499796698886,0.04258375327316965,-0.01474205361512222,0.03599120070331483,-0.020462467140042604,-0.008504256228949665,-0.032577758149147595,0.003803208645436437,-0.05229628762095641,0.29144077759127013,0.015484805789215154,0.2453894435292943,-0.30772020907550063,-0.010930336033792376,0.02923476542554516,-0.12866039957540493,0.03781423417967002,-0.04658236296334882,-0.002551909924947957,-0.0025915380620593334,-3.44188251893074,-0.003906934180557088,-0.009289997156767432,-0.0011658368166209032,-0.022447143207468608,-0.1431483395955479,-0.7123363690515977,-0.026561294547492224,-0.4524202102733178,0.14571345996647161,0.6172385344728457,-0.9313289715640756,-1.1060013767653643,-0.07917267896332611,-0.00933860758941938,0.0012010976806383386,0.010795954808620542,-0.12068916223776328,0.05296081322175466,-0.009161009514856955,0.028710561824676902,0.011828744564090856,0.012490859175244359,-0.005830251117100945,0.2203588581829534,0.00256368333683815,0.05405275046201732,-0.11031062986049095,0.008457909899904772,-0.010729159668719776,-0.05322294836990465,-0.03795886889023892,-0.04497868318877772,-0.08710535245107291,-0.08469941013452541
-0.059527269013169175,-0.0218242907206802,0.005173293746022858,0.005045880644865759,0.006143249728468952,-0.044072271792945775,-0.0475100234472899,-0.022351861863047634,-0.014382016000997004,-0.004609098750517339,-0.0026773627076508064,-0.0005190561047172343,0.016299719810543012,-0.002524302516613795,0.015684289859784997,0.001118207987596665,0.008333677674879568,0.011829743363981607,-0.009271873977299264,0.4062771482939329,0.009251562744526723,0.0029272703476113343,-0.004688506376054307,-0.4790330706655096,0.0,-0.0027210211281662,4.651226359828642e-06,1.4735225179648375,0.18928003297058157,0.016881083641371634,-0.22552842938204226,-0.06852382593812596,0.004337835021405975,0.0005049393214763783,0.04637526608127843,-0.00027544980164705027,-0.3579535900605761,-0.5264085593690107,-0.3223218926836538,-0.03680621246309627,0.030623984861264206,-0.011461605877016993,0.028770529305634958,-0.06755322880539634,0.005754075129091996,-0.016512667502506538,-0.011216648584098939,-0.02151365064591788,-0.027000824642421577,-0.020487401903251688,-0.028669283761476053,0.0014057165710632587,-0.0007485089991352031,0.28542986020029326,0.01239571810092462,-0.013881151172851526,-0.301094415882572,-0.017685137832680428,0.007278540310377065,-0.1273928090282584,0.03976713507126606,-0.008018163258650976,-0.0027087932046687474,-0.0025375168574796373,-5.765106515407052,-0.004305317807822992,-0.009536301525040392,-0.0013237433536449608,-0.038144243163477316,-0.06082633739272274,-0.6993875816389262,-0.025974276240835,-0.4063986168276123,0.21900148972804978,0.6539040084398401,-0.9254184144951774,-1.1478150861688858,-0.07747944126049847,-0.0007711181126604337,0.0011953240524069633,0.03171335604639144,-0.10414428348763022,-0.11450456308773194,-0.0030985936367375505,0.040594134591660044,-0.022916014645697536,0.018347212118600093,-0.003675822367156476,0.23912323225180093,0.019303855817451747,0.04411085577833184,-0.11423261484156126,0.06768402991437503,1.2167282996007076,-0.07545366742665438,0.09814896802855759,-0.0903586257502573,0.3965567384179728,-0.10893292844945161
-0.0620050131631359,-0.021024394724619765,-0.008350164303346428,-0.031177361304507437,-0.040539584102780093,-0.04664868918202388,-0.0474260020532194,-0.04526443883029516,-0.026074278293311506,0.010689819938325426,-0.00035881875314474005,-0.007574181598602393,0.01355896751113017,-0.00863897755530877,0.017378088783622955,-0.004899199313194525,0.011961201199790075,-0.009133719037456266,-0.01865342452883312,0.39394848840906577,0.011544358703354823,-0.013815488000254873,-0.0017395414161104244,-0.4307883293076511,0.0,-0.0004961598970933814,4.889607525205958e-06,1.492282766086523,0.17663484914672847,0.013737593793730275,-0.22491710425406514,-0.09517491585577423,0.004517057052655574,0.0005972430777542659,0.010452111954768065,-0.0004398717557858359,-0.40420563264373066,-0.5279347350812686,-0.3430081092821221,-0.029289443315700832,0.023016203337574363,-0.01689384082035372,-0.014260460350448307,-0.09130189834784043,0.001473529880779215,-0.02219585920072703,-0.0046633653386269494,-0.008116076870322276,0.027936919546904537,-0.03061980475083595,-0.033903287339298684,0.0016472180959246042,-0.014449312504271734,0.27159123008047503,0.03083679177205592,0.0006863039637029072,-0.35700254215698596,-0.0013226602644951808,0.0597051329588117,-0.13206099815562622,0.04323014176256816,0.01563849479860437,-0.002698574778369135,-0.0025414692925010804,-4.424532956837725,-0.004279322481716408,-0.009617213198344965,-0.0007133219787181559,-0.037391497866353894,0.25770731117938184,-0.69258029395575,-0.046837044612998556,-0.4581328544537015,0.1445241729931724,0.6362656367359552,-0.8579709410924966,-1.1556467792779,-0.08432184921504002,-8.510642574957325e-05,-1.152608681975586e-05,0.03174789179872561,-0.015238488586348162,-0.09922584315052838,-0.004142285233107944,0.03600687798602374,-0.034281334112093685,0.009970093743514189,0.017641511721750693,0.23847472095872047,0.0025640402810479784,0.04603797405067369,-0.11271972938936942,-0.002395549566577112,-0.05529655587298376,-0.07659959225058016,-0.021185875443645096,-0.0381088093399329,0.4191112172311493,-0.11518681703786891
-0.05405462116519131,-0.024273403978741875,0.006219726133739162,-0.022221994410167818,-0.023631496293998067,-0.05560822383813096,-0.02618823125261301,0.018746839721007297,-0.02773048765486787,0.0016979434189413403,-0.0157215102027918,-0.009856426614754962,0.015954681140599454,-0.01630693002051744,0.021315921267425594,-0.004727893637384003,0.009948491593192606,0.03181578255642918,0.05129803589971956,0.027042082911073843,0.014829029731977831,0.003716178933647642,0.06173966713134572,-0.47611638729638023,0.0,-0.0005016721276769788,8.069476065342082e-06,1.493893521837053,-0.20611951290386685,0.014277738385369072,-0.23004785564517857,-0.07621689721683815,0.006177927854567469,0.00045615076369244484,0.03788563208803826,-0.0004203891642382095,-0.19573479129308904,-0.21673756090443122,-0.21250265288849926,-0.027363530772954663,0.021822954772973385,-0.016092716199516965,0.0362399997135161,-0.08012890877769259,0.016090609434472776,-0.014112357878814688,-0.0033747818000183704,-0.009738892309480603,-0.02158458537329825,-0.018093581582762922,-0.030090680241808228,0.0036629912293838288,-0.043098605564415964,-0.0632915889098671,-0.008787880304080602,0.26133543447090063,-0.32169425569484916,-0.013049324360357219,0.044315233434468526,-0.12713240790015914,0.8232637377582396,-0.08320609921965004,-0.002584840602220631,-0.002550664886943838,-4.905135741790011,-0.0037930713250506043,-0.009543047345665114,-0.0016966502257262208,-0.023023449732471633,0.033715688903051294,-0.5588890003012946,-0.026508656458669757,-0.8369760660896397,0.1773729524662319,0.629039139946921,-0.8541925495192294,-1.111879517410229,-0.08252817772367628,-0.000883949602329974,0.0011982156519019587,0.031798223735535286,-0.12718711400478927,-0.11454784875398707,-0.004366862687337025,0.03789974563367045,-0.04376967824507059,0.009752209091054764,0.0006217254253522784,0.2520709186659581,-0.0039009859414826115,0.04408870857681882,-0.11557526868138826,0.09657179444678472,-0.012613042543876882,-0.057491940679349374,-0.00851786624821006,-0.011879144212773888,0.4093451273755436,-0.10662302626406622
-0.07195987915164379,-0.021080019320818,-0.007176505748544004,0.0024872141329982597,-0.016386033305195388,-0.05225177873578428,-0.01430318365733946,-0.037601073652928245,-0.022123010528065395,0.0006989681068834407,0.01658774056450931,-8.469915130589615e-05,0.01598384808399708,-0.021348369353788286,0.01770050886334839,-0.006128729508422197,0.011703716025612114,0.015553342073650618,0.030133605867413735,0.0401952805872295,0.016647761409175302,0.003332889314399963,-0.0064245404985757365,-0.48802467987101567,0.0,-0.00048173423091916253,5.403837861412287e-06,0.3742707112668802,0.05862946970266218,0.014064584245777492,-0.2239395795432105,-0.05999734148786044,0.00652875926375079,0.0005046940726139395,0.01453909346563321,-0.000471339120094727,-0.18165183191594167,-0.51593119954023,-0.254395633902119,-0.026256235411570912,0.011951211568959133,-0.015252169846664594,-0.012968486858283978,-0.0812511487671531,0.009120841607621015,-0.012918987548942556,-0.005441227740924416,-0.02372487430649862,-0.03165731723927328,-0.026589172727017763,-0.028928501190965798,0.003058314475865329,-0.015224795478105372,0.2791710241130108,0.027787868715785775,0.2731848859657493,-0.2610119489745709,-0.01564272060315258,0.054813049775018836,-0.13003081156777696,0.5964949153660082,-0.05735423539530333,-0.002558784748484179,-0.0025506604424193236,-3.66127824592149,-0.004317032023220658,-0.009399640232537497,-0.0014705639528119372,-0.02129275241018723,-0.03780491122741901,-0.5580412440620762,-0.023474779168335295,-0.6033594500984193,0.1582575813538646,0.6575312272224145,-1.007754561116158,-1.3808259540869297,-0.08726540228768331,-0.0006901936270293695,0.0011980484105724104,0.03176669363768694,-0.12363751779847076,-0.10323892641480607,0.08148146044402532,0.038340148702886066,-0.08586182740131992,0.009128271934130208,0.023841804096355713,0.23163699538188676,-0.0031539248127788566,0.05864039901504571,0.15119481314829689,-0.014071879552045741,-0.011520161708085857,-0.017511536375718482,-0.1527739872280485,-0.03725124336910661,0.4041096299171606,-0.100146264856379
-0.06817812397832829,-0.029628693137720916,0.0043811428370625115,0.009669897591297046,-0.06001136947816518,-0.05469904115321444,1.9709291193927971,-0.02408373225870048,-0.012394248559102771,0.0005144952066525265,-0.0035494202020575722,-0.011343490152626376,0.027835827997414603,-0.006101423787822054,0.021085613026146133,-0.006343447256655734,0.010205353413549393,0.027244849835366448,-0.009344380447932128,0.41107770037984726,0.01233760302263543,-0.002922571890824873,0.014246526283509463,-0.4541370128512094,0.0,-0.0005422737224560746,4.65121439228149e-06,0.3759753330067176,-0.21880640025330836,0.012600072499268065,-0.23077002597424756,-0.06859160622072084,0.006354892708542274,0.000504530187838783,0.04143228614277842,-0.00047025305129597594,-0.40477545610003457,-0.5179733038281046,0.4343218332931992,0.007519126121040461,0.020778077500851613,-0.011611334080670941,-0.02161870911249139,-0.06780615842862513,0.0050375354401491915,-0.008268238388027543,-0.004618808901289763,-0.0064323570980734076,0.0038800416091397272,-0.02225268107470737,-0.029485369578898492,-0.0003556610706002422,-0.0025221174622271593,0.27988421348386755,-0.010846570932183658,0.1546136603298856,-0.3281490817816702,-0.01117893292540124,0.06030251158562825,-0.12771909977140267,0.833209435392581,-0.055532322206726555,-0.002551719072273371,-0.0025528220489575548,-5.778445306198865,-0.004291606386859979,-0.00938983395293542,-0.0008751425733791313,-0.01208126844325152,-0.0009706166130811136,-0.7460970557560793,-0.012578510855380878,-0.8101163822418358,0.2872691613821627,0.6182178378178549,-0.8735220440078492,-1.7675079537713438,-0.08381478848707044,-0.0003548533019574072,0.001195323325146596,0.031738211945141766,-0.11549196361126886,-0.10818525305271,-0.008784393020877124,0.03752972045983198,-0.05372886541987944,0.015128349594982844,0.018886198445875236,0.24311246894379465,-0.0033823465738886233,0.042519336698743734,0.06395465370178624,0.0022398209520438795,-0.055848312101972365,-0.08020309861786887,0.04783667398766739,-0.06033977012500121,0.3860797643098284,-0.11246469275780782
-0.034617362691779514,-0.017188227628594146,0.0011557012745527402,-0.008159267929378586,-0.028035650856436164,-0.042837160287995744,-0.043681408448194146,0.01363539626095213,0.0008226212841928667,0.0013416545421280908,-0.011082661332105009,-0.002278420528043866,0.013738477936978816,-0.01901545859066692,0.015704047161097377,0.0003527243041551717,0.02007951842895485,0.026445228677253,0.0671605152838906,0.40973490296300086,0.011146975143175867,0.0021799595983960003,0.06402499801529374,-0.4387434756431906,0.0,-0.0004808436734466743,4.657774573665056e-06,1.6011206110547724,-0.20101203642573817,0.029307860671779727,-0.23208805954128356,-0.0734923809832436,0.010008312357094507,0.0005058305491059378,0.04022991446588761,-0.0002306490564167276,-0.40279298041360734,-0.17797875907545058,-0.2591993620210878,0.20352465244150306,-0.010976797128341625,-0.01523710313352667,-0.008019917318452313,-0.0807916764225112,0.0019798769016102715,-0.006464974537655694,-0.012186959431344546,-0.014720531619961789,-0.019393011027763897,-0.028622531987026,-0.03236621908989923,0.0019633864109410578,-0.04732631382942525,-0.06910546280805656,-0.009214957556762535,0.2725665134798604,-0.361101965877167,-0.009615021363961458,0.7452662002768632,-0.12963354841224548,0.7755614418779372,-0.06938371787474464,-0.002588157265454688,-0.002551919163234026,-5.704297848147747,-0.0042815260103743645,-0.007331729104391588,-0.0009630538647660536,-0.009604801012667058,-0.09485128479361252,-0.7424721407485819,-0.02780208572659543,-0.833704988264464,0.2170669293132265,0.6820282433255824,-0.908566306293621,-1.0749097439192734,-0.0753380381137902,-0.0008679848855147532,0.0011982168112250867,0.03677994243975063,-0.12057671002673893,-0.1024357400452778,0.07514288497792274,0.03574647444683264,-0.02923832570607688,-0.015857013823743455,-0.015370226026036908,0.2302526824536593,-0.004349451727324665,0.03220318806605219,-0.10669182916156601,-0.041741584263455846,-0.047163926483477184,-0.07073901135014789,-0.016356634392191035,-0.01646385704505938,0.3785738778978042,-0.07935209199309497
-0.15116887538278498,0.02014719088182633,-0.007118005059582809,-0.01345395494380801,0.014509732577056499,-0.046530485352851716,-0.03193041919859876,-0.038918773067146945,-0.0035948185344176664,0.004005148985353597,-0.0009050576976205486,-0.004277264137820499,0.013794754362697188,-0.01768820134291525,0.01863010771343822,-0.0028292817260039487,0.013021178144290307,0.014302414481070233,-0.004832565502097463,0.4100542784035524,0.013644096613860948,0.0007289092983019589,0.010880894279337177,-0.4482596052282862,0.0,-0.0004826731401128314,4.657774573665056e-06,0.46016916307724814,0.22450802016203755,0.04040724645114496,-0.23216830209970563,-0.07130848317829858,0.007370008214445887,0.0005049516723964308,0.04270208501866241,-0.0004407761323186343,-0.39899299429108726,-0.518520801749958,-0.20759674578737128,0.289928417220757,0.02511042153834035,-0.011734606323525314,-0.0181269676455169,-0.06717485339032588,0.004735051489953295,0.03427787068334706,-0.008592155890954306,0.045640695324929134,0.02301851567894618,-0.02408662682207564,-0.03139001585290204,0.004790141854061992,-0.0064757640108833135,0.2941016510311353,0.009279205454674106,-0.004596707299475915,-0.3971404666929122,0.00961894203171036,0.0333900729012729,-0.13244510789431715,0.03463753858619687,-0.07206903130025846,-0.0027401255721114528,-0.002550550175391301,-3.6360451902313247,-0.004257365473039235,-0.00957605010175233,-0.0012669262700933414,-0.03144990188769326,-0.12672964326499875,-0.816963696316597,-0.022211892208410477,-0.4345287798081483,0.15774669611504974,0.6141025700164245,-1.1174462104726093,-1.1015707620881916,-0.07600139259438622,-0.0007847585177378195,0.0011982038970864326,0.03696772296668495,-0.13161677423112236,-0.11445736213775455,-0.006592127637830632,0.028779430560956453,-0.03917633547381955,-0.019036147117665356,-0.009216745576155852,0.24312840997293214,0.002353917424031476,0.05132077700022103,-0.1038525931140897,0.0030681563100565705,0.2346152126608157,-0.08413553891908708,-0.02799998104392436,-0.05679299472906483,0.5176988438187794,-0.11202960759404496
-0.053680801775745475,-0.03679277580174062,-0.003633461445500779,-0.024323096591396694,0.015199838569680959,-0.049109377775654356,2.074466245288986,-0.02060684535709156,-0.0034677790085326896,0.008539543858295653,-0.0008410945885336628,-0.00047606396272898967,0.013155547075832007,-0.014283609182757643,0.011946693232519125,-0.0052072943094968495,0.012230057779480021,0.012575846217861555,-0.009865125643241466,0.4005531872874387,0.01427653901692936,0.0027621806885992964,-0.004902240005196756,-0.5499781564784819,0.0,-0.0023442932314900857,7.83319422702303e-06,0.451998615932708,-0.16825055536464567,0.029720499908285014,-0.25330890828234315,-0.06978819717758687,0.009291557477033837,0.0005044575281484357,0.048995531712935025,-0.0002575123394419959,-0.35422615326701423,-0.5158677274736826,0.4324003233889664,0.19462130456572724,0.01375264077637004,-0.015917390607712814,-0.010064432080230877,-0.06606881869237288,0.008523112035301776,0.024426111915798267,-0.011337260834616999,0.003604390670488229,-0.022366605031803134,-0.018245766004624134,-0.03245039534735409,0.0029895044633508395,-0.0008103247362029574,0.28393985570160396,-0.019507244625130708,0.1640187041659707,-0.19019994139982163,-0.01021986968391786,0.043694409975711335,-0.11785175300995288,0.7772943150848366,-0.005566426556772519,-0.002534798711108568,-0.002537558686127701,-7.5899322604532085,-0.004419529464557316,-0.009588109714405036,-0.0013826730076687433,-0.019208964064685866,-0.19665076303385579,-0.7314395260873698,-0.0285275132383693,-0.823262047826149,0.33620353972091793,0.6413593549756634,-1.027622916974785,-1.690139557400646,-0.0747502782800008,-0.0007940176046937446,0.0011955110283889063,0.03658094865535895,-0.12437689422652988,-0.155390775435615,-0.006731455876952727,-0.031040480170224666,0.047156496488632314,0.009407476644906322,0.10053742356407698,0.2526233246713212,0.029519229200315925,0.039324165502016215,-0.08272881112348082,-0.0047784668616417,1.3687751553736718,-0.08329271983774993,0.1738150052693348,-0.08778598768343711,0.3702133859436211,-0.075401762472394
0.0005086524050373546,-0.03273270381602969,0.001742668728521063,0.011976892361179336,-0.05703314146323454,-0.014311945406703639,2.0936178565460626,-0.025692490550217245,-0.0007692834728691687,0.010446099305296209,-0.008982785023448731,-0.004335323969356045,0.014884447342678969,-0.017951296715487904,0.01683736610651343,-0.0026375628109019307,-0.01739342265709881,0.028100285496872116,0.05174031103544622,0.4163077059452311,-0.013499867479831788,-0.007574797376318731,-0.003164012869897423,-0.4193816234918202,0.0,-0.0004369377070070829,9.271221731660268e-06,0.5291963358529291,0.18012313241739206,0.006840914747061314,-0.2289579336011759,-0.108245716732619,0.008858965200133611,0.000504926662680381,0.04153252490877133,-0.0004460191108913912,-0.40394491446026276,-0.523022420651345,0.6008530672617662,0.2649684776485121,-0.10524267147551108,0.02362936226696246,-0.013410516267202618,-0.07022369826096835,0.010928242379972511,0.030194903081324106,-0.01183191946865495,-0.0009223310758441798,-0.01893414114536245,-0.014551906546569526,0.16001776324055922,0.0032842216612953335,-0.048144249722926545,0.281035971234725,-0.05597757908483743,-0.006898135810492788,-0.17472432225664503,-0.022379317612437853,0.03266879757688168,-0.12975278706035595,0.04418284170366117,-0.051734483167912446,-0.0027105967377728446,-0.0026003130990041,-6.501944102786958,-0.0043116470854446904,-0.009376900470262472,-0.0006072956377220358,-0.08694951051971896,-0.22068989617392784,-0.737142967266115,-0.02487602536261662,-0.42133587488767915,0.33286940202257675,0.6126072994806223,-1.2246121209123986,-1.795005178583634,-0.07148556797808876,-0.0004010416622268618,-1.4058565395266389e-05,0.036675079900277886,-0.026076062701873032,-0.200072364130583,-0.006594533394086282,0.03355294107236825,-0.031068932758333275,0.015617724514729621,0.07447518888660412,0.22670338990401043,0.0031969286187756444,0.042759899381565096,0.022184375662560672,0.000307419666463227,0.25671376910629745,-0.08542034240711918,0.09049726788023492,-0.0999575617804286,0.5848822014426246,-0.08173147509733923
-0.021932282521090404,-0.02239593854592089,-0.004212920917601923,0.013417159969976805,-0.024168739135971243,-0.07233088223937723,-0.020229443225660993,-0.05270270890784621,-0.002708642021564425,0.004220072656380196,-0.0018053030216004236,-0.043586175728837315,0.01603281913480252,0.0014278688397643229,0.05396869712631182,-0.009413636192594103,0.022723030414020164,0.003580573814482406,-0.01317322371774226,0.012640493139311662,0.0003323378490690265,-0.06392752833328048,0.009898113092057608,-0.5089154267772408,0.0,-0.00016968141007667003,5.246571427281078e-06,0.26270921184073076,0.18801528938526593,0.026322514280906484,-0.1395609705889181,-0.07296243464154084,0.008835323674029026,0.0003515725482568587,0.011232514199055256,-0.00015828911405336586,-0.1963533491234147,-0.5202406555855973,-0.18963517758197476,0.24104130731233675,0.1371955704805704,-0.014537272259618064,-0.022636601177232162,-0.08512329122927524,0.00658953928556452,0.011835134256765778,0.008185408410090928,-0.0036268293905680187,0.028806348677529403,-0.021585498227847312,-0.036011068271305756,0.0033531426967936206,0.01466615577994353,0.2809601941681626,0.02394072463169613,0.26796380186379226,-0.5140382105774798,0.010168662896986215,0.05403380290526025,-0.14342708625364353,0.030944190207250498,1.125797807356294,-0.0026024298106052234,-0.002555386864899296,-3.4915318374470394,-0.004357641151596048,-0.00786902541214912,-0.0004103678472872395,-0.019308984429065982,-0.2451029354034607,-0.5933618049766339,-0.055364967772700585,-0.5355216749859696,0.16006804306208294,0.5872974292896389,-0.9515733139075976,-1.9707878119008972,-0.08990113439457594,-0.0008847120333185917,0.001195323859400123,0.03686492330868651,-0.13700859636824875,0.05224485625635027,0.24753292806102659,0.003939008393682742,0.05722344518915139,-0.017014630547718675,0.006923843287529188,0.2564707540384754,-0.033108528663496,0.0226754569243059,-0.15514307673658453,-0.005019219636430156,0.0071431394405064045,-0.051561479628884244,-0.005353798248442714,-0.04453339587218484,-0.06114271331891264,-0.0731735115944721
0.011218071438476985,-0.02230376193187338,0.0005567270934415584,0.006847228028791029,-0.07460864042821631,-0.05089190781639109,-0.013750298614391646,-0.04196302634983076,-0.022833572964092545,0.0011726793753453048,0.019408891673437404,-0.006214628659404079,0.023484860684108093,-0.0001634519976477316,0.03397696365015988,-0.0032160902359519173,0.011836211797345743,0.030490501573773404,0.013274256406617328,0.0449321959100534,0.015996100833974368,0.0053930781140584085,0.009591752980867906,-0.4093479693157648,0.0,-0.0005564062006941179,5.255247734697195e-06,1.463370649661393,0.05166786406682114,0.014328661958946243,-0.22273213734237043,-0.06230694669116074,0.006253405052550958,0.0005137158784461326,0.006845639260332195,0.002874090717231549,-0.18884483262499643,-0.5117868133293929,-0.11176628023666625,-0.033385983212556404,0.024979186424212634,-0.014431998278374285,-0.014757277995077235,-0.08645827125228218,0.0019750683175639434,0.01699921246647371,-0.008079301636165614,-0.0033158912098737474,-0.028566691287320915,-0.02202324877635801,-0.019303525945576185,0.0022261953801908613,0.00035441183010104184,0.27561641701915807,-0.0034883516644012794,-0.007407651085244473,-0.31593517609880944,-0.02524650290727165,0.05313845127701437,-0.14491014349087256,0.5653037403801058,-0.06147537386406774,-0.002736049886157576,-0.002550594982702528,-4.797280818288566,-0.004242523796824522,-0.009353483970513709,-0.0026646531538685124,-0.020384807501912162,-0.046495649199350335,-0.5430700914868735,-0.016153188813843176,-0.6004940694046156,0.1984342440189738,0.6208110083409971,-1.267315753142039,-1.4013647996280254,-0.07515184306452403,-0.0006499347497371594,0.001182378764249167,0.031889996587294654,-0.09801144540660259,-0.11102431381699411,-0.000696819788887098,0.03915138666717501,-0.0736881615069421,0.011786978143063455,0.08030988776360956,0.24472684933309036,-0.0034516076311425074,0.06099388329406405,0.11146899002410342,0.003174801483335577,-0.00800091550557553,-0.02526290756055419,-0.09557761615799973,0.03715203163697003,0.6262357918965903,-0.09924397544662486
-0.003888811050877785,-0.026790385296410573,-0.0006305710179155861,0.011893986173820622,-0.18159047780562046,-0.05041235847979882,-0.05253824100246397,0.018438993998669127,-0.012149128263312395,-0.00231258568829825,-0.0026820389480151884,-0.005921134125543607,0.01268127227596653,-0.015414617124871783,0.018057427991470445,0.0019085253111608197,0.013622522110455526,0.012671139907678092,-0.0036936133617154828,0.030146228446134286,0.008444917976511375,-0.002732690980204059,0.004905887057536425,-0.4730889589126449,0.0,-0.0005518386352023962,4.651216682090441e-06,-0.6325994927234058,-0.17692759370818267,0.025898026648040647,-0.12883114139460794,-0.04916117262395213,0.009677217845893472,0.0004560589240801448,0.04319068276664601,-0.0017514669580638732,-0.19784924917870086,-0.5317327607392943,-0.008153642882072409,0.29414332187979264,-0.10246961479589797,-0.016275511119702685,0.0280670750484479,-0.07772276368277194,0.008663243024137983,0.027015988382577086,-0.011181522559872094,-0.0009503669314637744,-0.019893540576968412,-0.01582253753797605,0.15785266578316037,0.006826941813173802,-0.006201310338506139,0.2833007300209293,0.024277800914696297,0.2653134095831709,-0.3420014520154198,-0.010959250850163004,0.04509321485764221,-0.12804445165918815,0.7919857497511186,-2.5329056005984072e-05,-0.0025427656574650423,-0.002537708949267081,-3.9467997676090665,-0.00432336119949051,-0.009354405765976697,-0.0008477918629423679,-0.08350656879133433,-0.13123494705648264,-0.5486634475821003,-0.04796785560904377,-0.7880911257898853,0.17201600573233164,0.6258190942492158,-1.2376115888617163,-1.1460348436502503,-0.07198247008236065,-0.000839976466815519,0.0011824234952313043,0.036964563775533824,-0.12208671674443147,-0.033557207045615475,-0.006737882623243231,0.03617387962966529,-0.06489251984348783,-0.015631087270459726,-0.006821715890609705,0.29825257495910346,-0.004048957061779603,0.04124071776369794,0.3118620703482987,0.07465971534337365,-0.056216505010354786,-0.08047866337838015,0.09516423042299867,-0.2730593654863656,0.535284138781884,0.552418872911808
