cm_angle.dist_ctr2best.mean,cm_angle.dist_ctr2worst.mean,cm_angle.angle.mean,cm_angle.costs_runtime,cm_grad.mean,cm_grad.costs_runtime,disp.ratio_mean_02,disp.ratio_mean_05,disp.ratio_mean_10,disp.ratio_mean_25,disp.ratio_median_02,disp.ratio_median_05,disp.ratio_median_10,disp.ratio_median_25,disp.diff_mean_02,disp.diff_mean_05,disp.diff_mean_10,disp.diff_mean_25,disp.diff_median_02,disp.diff_median_05,disp.diff_median_10,disp.diff_median_25,disp.costs_runtime,ela_conv.conv_prob,ela_conv.lin_prob,ela_conv.lin_dev.orig,ela_conv.lin_dev.abs,ela_conv.costs_runtime,ela_curv.grad_norm.min,ela_curv.grad_norm.lq,ela_curv.grad_norm.mean,ela_curv.grad_norm.med,ela_curv.grad_norm.uq,ela_curv.grad_norm.max,ela_curv.grad_norm.sd,ela_curv.grad_scale.nas,ela_curv.hessian_cond.nas,ela_curv.costs_fun_evals,ela_curv.costs_runtime,ela_distr.skewness,ela_distr.kurtosis,ela_distr.number_of_peaks,ela_distr.costs_runtime,ela_level.mmce_lda_10,ela_level.mmce_qda_10,ela_level.mmce_mda_10,ela_level.lda_qda_10,ela_level.lda_mda_10,ela_level.qda_mda_10,ela_level.mmce_lda_25,ela_level.mmce_qda_25,ela_level.mmce_mda_25,ela_level.lda_qda_25,ela_level.lda_mda_25,ela_level.qda_mda_25,ela_level.mmce_lda_50,ela_level.mmce_qda_50,ela_level.mmce_mda_50,ela_level.lda_qda_50,ela_level.lda_mda_50,ela_level.qda_mda_50,ela_level.costs_runtime,ela_local.n_loc_opt.abs,ela_local.n_loc_opt.rel,ela_local.best2mean_contr.orig,ela_local.basin_sizes.avg_best,ela_local.basin_sizes.avg_non_best,ela_local.basin_sizes.avg_worst,ela_local.fun_evals.min,ela_local.fun_evals.lq,ela_local.fun_evals.mean,ela_local.fun_evals.median,ela_local.fun_evals.uq,ela_local.fun_evals.max,ela_local.fun_evals.sd,ela_local.costs_fun_evals,ela_local.costs_runtime,ela_meta.lin_simple.adj_r2,ela_meta.lin_simple.intercept,ela_meta.lin_simple.coef.min,ela_meta.lin_simple.coef.max,ela_meta.lin_simple.coef.max_by_min,ela_meta.lin_w_interact.adj_r2,ela_meta.quad_simple.adj_r2,ela_meta.quad_simple.cond,ela_meta.quad_w_interact.adj_r2,ela_meta.costs_runtime,ic.h.max,ic.eps.s,ic.eps.max,ic.eps.ratio,ic.m0,ic.costs_runtime,nbc.nn_nb.sd_ratio,nbc.nn_nb.mean_ratio,nbc.nn_nb.cor,nbc.dist_ratio.coeff_var,nbc.nb_fitness.cor,nbc.costs_runtime
-1.7198585040423393,1.4039211978414747,1.0684553368003848,-0.5665537554131092,-0.04184793367599242,-0.3500186827358428,10.009631228796561,-0.2075618979581654,-0.11690058545955585,-0.15938372833498768,8.437773302717655,-1.0957374990803241,-0.6414787682277856,0.012171496048035088,4.641568141238316,0.06492527573782571,8.574463063935548,-0.2523639149749186,1.583469556314944,7.269757560486243,0.32093880236377503,4.906189005428255,-0.19223555080978194,54.082002317514025,0.0,19.22015569082238,37.95450793580773,-1.1193259731284206,-1848.5533967249075,19.772146019203777,-0.004156220912211053,-7.315849503608133,19.20958245039565,0.656859821716604,3.5340059750093307,0.014315097825876366,0.050015985767354144,0.05676728891259196,3.7992915905140827,1.2549813493055058,-0.8237049021485462,-22.462241752798043,14.982411120960215,-1.011274908681309,51.29712545341117,0.2919605725042133,-3.259210994129125,0.13309283391286522,-0.10235278961884954,-1.2576807481836103,684.3819705110404,11.101984496658742,-9.483700619953447,-14.776859770517511,-3.224818429731683,-1.4951467730397117,18.540528142466407,454.9100882494051,-0.06471365557319542,-2.094327591657532,-0.3186455230282068,7.40208570886449,-0.0002746563058395314,0.0,-143.4263136135959,0.023220817995134976,-0.7667390289910252,-1.4646579656135708,-8.342929029159981,-18.555113800329174,1.2345505669615906,-1.8283149242687475,-59.2147417009333,-0.07688861429718342,-0.6458977320775356,3.5054718355144017,-41.474129558801145,-12.819889161882053,33.21365364879997,0.9762329848945802,-0.20057655454830606,0.5474263580470852,102.87125308850582,15.13491060840681,-27.538498680622546,205.6377424905859,-2.520648665677136,1.7602720644383922,-25.223120645042183,7.974301059038182,-22.484341768035556,24.948996779057737,-1.2207772352999535,-3.812822177128637,0.8445797972452505,-1.3698097953201729,-0.14465335431243348,2.465652731112672,-0.6572823350666829
0.1871285983271569,26.068961161331355,1.2168351406739284,-0.6070232771535261,-0.016358074530908893,1.7925984334305611,4.435311301558803,-0.35426708860246053,0.054898454941068764,-0.1410638751086136,7.692937344839367,-0.039259462703337494,-0.6842615407021789,-0.19698999773030312,2.5832206524112644,-0.32010519437332907,8.480984263325992,0.5518015079842595,3.043985028132994,8.709028104421577,0.3742954710485761,2.904160640297971,-0.1628763513294249,62.55579197711763,0.0,20.618364380843488,37.575283571419185,-1.0901507473865968,-2111.6821453951184,19.744552619201016,-0.004105110401287099,-1.0735074525241628,19.32536064866296,0.7576671037237396,-0.06582276913052938,-0.00036732652813978816,0.05929182320547955,0.017636439820912266,4.057108738877332,-0.7794378189978521,-0.9369409735806778,-22.133791723268637,-0.3833269737048399,-0.9411556261541565,88.41740330008511,0.5886318698922615,-2.8766962000748277,0.19011902922268678,-0.08506554502017924,-0.7904415431713813,680.1657414169443,10.370982173104874,-10.374023597008762,-13.586730893039137,-2.933184653636253,-2.244585716480934,23.04198718405267,523.7254966728335,-1.638913328740994,-1.9801442185172224,-0.4196621172753866,1.3961571179889627,-0.00030602094612344977,0.0,66.06067683932189,-0.0011616758179551552,-0.8717785698067029,-1.42893452090103,-11.256280479303891,-17.737185277301254,3.504884460441675,-1.670305494649198,-244.3453188489909,-0.2793112046163655,-0.9330575851834051,3.3714839851925547,-48.25392930916498,-2.6287431575593425,33.2090166880858,0.5469508971259721,-0.4732436674720324,-4.52601664472984,184.86491383057086,12.79109305424954,-23.52323803878094,205.9098266451994,-2.6735339222362975,1.742260494289483,-4.309443641166758,7.502066985627087,-7.052972290998391,30.565558521261597,-0.9391836075070501,-2.6787982270976176,-0.47830915712052935,-0.9581707320395504,0.06057526774298922,2.2464067598827064,-2.840952786163186
0.41781401319652073,-1.4762245040967645,-0.03545498983799258,-0.6126971249499111,-0.08611445175932697,-1.8944993158614847,4.123874550758388,-0.330723954518672,0.044067894368360894,-0.13489112655032595,7.457241531307476,-0.018208650983173563,-0.4209863027785615,-0.05006323018320796,2.5025053316740955,-0.2645917252564966,8.52557442325533,0.19690237763920546,1.6536754022821565,8.47592867284109,0.33530314758618646,2.6376077525212906,-0.1539608194833604,62.99538324027247,0.0,20.631493078834538,37.929226826038075,-1.066598880026733,-2113.4555205366146,19.893343927026365,0.0031124197757562496,-1.1754466037660054,20.76645580186803,0.7644652022121036,3.593166528446302,-0.00036732652813978816,0.019368213320097694,0.01704498208857187,3.7149693710036256,-0.8809669829214541,-0.4217520714729761,-19.38980357337069,-0.12240987113007792,-0.9121955721832473,88.35716998894945,0.3046190513604172,-3.0346976110381045,0.2669694557435011,-0.09027813779216143,-1.2074002255374265,684.1510229586764,11.143567761840817,-10.422398621436782,-15.688136748436316,-3.5561436324269593,-2.2935034296459067,24.49109062322833,524.1926915493879,-0.3286375739019447,1.1128603784954911,-0.5587591378801408,2.362478789665347,-4.28682738952621e-05,0.0,66.08900866787683,-0.0012381687375363655,-0.7655305079334773,-1.4307575033990345,-5.968868246572071,-17.371983557891777,3.53430518339963,-2.7428340393285593,-243.92211046763046,-0.5174356814196303,-0.8331408507964525,5.292508827460577,-37.270121347233605,-2.172794203743929,33.25404531224116,1.1243822896008573,-0.49107210253417,2.20421008281507,184.88431514740427,13.26682789693012,-28.822727417305813,205.88187960111242,-3.183464438796234,2.007428643958634,-4.544132286273619,7.23224852587877,-8.056578377116574,30.51354428387051,-1.1479556804397448,-2.590689734452848,-0.5673106852174629,-2.4291849385484148,0.10130132419725084,2.404417123696171,-0.9560404298084438
0.18010404128800975,0.9945013192223258,1.1486084986581813,-0.3863243366127759,-0.0985055476843863,1.9868671564019635,2.2624781610482487,-0.0710177284528198,-0.039078326632569535,-0.13423293792181032,1.4159089670778084,-0.10965552726177143,-0.5481270703606368,-0.03681425705016924,1.9070335801865965,0.08680520322766146,9.964016016276785,0.2310383424239156,2.090734524875245,2.14583529625417,0.299465988288722,2.673870319720736,-1.2014818084827585,62.60115721896215,0.0,20.788370396926524,37.58828849789114,-1.048659365704929,-2110.0586747914285,23.478466024300875,0.03190586416883311,-1.4012592982046665,20.680947871604026,0.7555187059800762,3.669517580074883,-0.00036732652813978816,0.05495410134817559,0.0226223408076632,4.338050766793314,-0.6190338146808776,-0.7951001581180175,-22.14918022147192,-0.4364264397959752,-0.9752594878755411,88.50729204529449,0.5756528157346661,-2.983334493905866,0.1053919864770515,-0.12773283704920685,-1.262596533472085,683.8298635625919,11.465443084633634,-10.47657389922518,-13.785454761251042,-3.140852257508234,-2.2921081253911364,24.17836979222757,525.7954320631699,-0.5430172869875914,-1.8408167445400043,-1.7142073169978393,0.186813946812389,-0.0002812607068800368,0.0,67.61569944001374,0.03735262223529908,-0.7784811914647203,-1.4465661219878798,-8.568645934362799,-17.418169657798757,3.730899522914696,-1.7248055558168955,-243.8136211842332,-0.8636922373704992,-0.7251728077216177,3.9138875321109485,-40.310676225040375,-1.6501686674080007,35.323499791701046,1.1744474264468048,-0.45590672427206613,1.3369242742591265,184.8958674013601,13.813211893598822,-23.82976643343937,205.86759630618002,-2.552547221175925,1.8655328579279162,-4.383168638487634,8.344554304739386,-7.898191663136173,30.49112351138423,-0.8455489469040026,-2.593377666734178,-0.6036342089386577,-2.3455455585932374,0.07421682944070397,3.370674680103405,-2.1057283661457613
-1.8211048370910454,25.605653152060015,0.7329786838860479,-0.6081241507587382,-0.09603735548164448,5.004846269292694,4.0922150859929305,-0.1987186123933297,-0.07097481092168596,-0.14183357273913713,7.72503766064345,-0.018836954624792037,-0.6328497312333788,-0.044580276062920705,2.4920585968906437,-0.4107652383627468,8.515076169700176,0.5434505519202198,2.9970676168646206,8.438542077219763,0.3754674021773565,2.6218709739475137,-0.052205260569523834,62.62587540931242,0.0,20.67201132130909,38.491237890948355,-1.1156747532665454,-2113.984398153212,19.59233928540799,-0.03711438193444828,-1.2376097184200034,19.3090232466442,0.7589553163336032,-0.16409329805580025,-0.00036732652813978816,0.059732215000333606,0.023896841668805107,4.124612292265569,-0.7230335538317012,-1.2044775285082143,-19.335849170892995,-0.41943352139583046,-0.9382376254966293,88.41624273842712,0.5755197231869843,-2.9488543281263753,0.16874787993466447,-0.11944321021175561,-0.8270515883145585,679.6632556999604,10.390762016845573,-10.295756537757459,-13.388195834804781,-3.203946889723658,-2.166560148538668,23.321850942670835,525.5536289511184,-1.6564111862199575,-1.9115078469911782,-0.30146207049693946,0.20419895489213719,0.0007901417815349716,0.0,65.88238583572237,-0.0009694038129258846,-0.8774100301220723,-1.4312770278870404,-10.996944652435996,-17.593205541112308,3.641486305524013,-1.7182566383127809,-243.83287663024322,-1.0632299189871148,-0.8115008103825093,4.788828543796725,-46.932192251569866,-2.5749410128860983,33.20874860965308,0.7254411643806338,-0.4748660820396028,-4.401361536617984,184.66133983164772,13.38590041585771,-25.30103246695731,205.9338434226168,-3.3290678551087103,1.8075591649753178,-4.462685976930604,5.664763129609234,-7.453867650500684,30.369814075819136,-0.8205294951610569,-2.641805902874399,-0.48394669719627226,-2.2143319389537974,0.0772289409961543,2.1273303893854396,-1.030935570705957
0.5538752673525034,25.630326188872093,0.8689597142430647,-0.4914956662199746,13.595186548929169,-0.408203340543168,3.586258333332659,0.020054006366858085,0.06369872281460595,-0.19815880322305945,8.359054287289887,-1.5304209274448017,-1.144376701677998,-0.052971432470221916,4.613126223925212,0.06460502095084682,8.432537332978065,0.12746964754575063,3.029329151182229,7.887142850711058,0.18755072449244656,4.915241721592723,-0.10218010366725337,53.15535889850216,0.0,19.211724658975378,37.772187570543565,-1.1362142706395681,-1867.8689938279385,19.833074235881384,-0.01650842176923774,-0.7117772436040568,19.245004134018078,0.6697846174814744,1.576919818608154,-0.005420336580553484,0.038894060105548786,0.08350597901048977,3.873681320207022,1.5006531273459554,-0.8985872244086068,-22.397187970352007,-0.302533694243459,-1.000776315504726,51.28097381051986,0.457365576123644,-3.2859463756137792,0.12381146851614691,-0.07874591289631423,-1.1571729551738028,680.4701563797079,10.384034279135689,-9.363392816940438,-14.840631427250775,-2.8755834692233537,-1.7638025938310002,18.970155784585128,453.51682309017895,-1.658912274291894,-2.021239161262526,-0.5878716152097052,-0.5901553958027761,-0.004091037062230164,0.0,-136.17241234099876,0.02332100029680315,-0.8793947227195761,-0.9642894144640328,-5.389818654131418,-9.531033148670193,3.807432261022234,-1.8245137622897185,-59.89478236899866,-0.6836045403758658,-0.6065467707438328,3.5276555416782522,-49.13212352287964,-5.044102979885561,33.18907356189233,0.7172466155409245,-0.19410126092236193,0.1475360933738669,102.67620193895898,13.959610733869985,-24.54109782228726,198.52448400662632,-1.9723770493512844,1.9496758510679002,-19.712922175791164,7.024170578577867,-22.29476060971068,21.301979079944573,-1.452676914477999,-11.794253754967693,2.1309159589749367,-2.1647369325992902,3.5448259736898544,2.2099098434002244,-2.7539199083028216
0.15996400503579167,25.649523843766996,1.0758494713687634,-0.6311043818896505,-0.39290597096533425,-2.3603154467394276,4.433247658031778,-0.13862793019906416,-0.24507611194744974,-0.1909080879306321,7.758403771839728,-0.0902543275658449,-0.5625592126077467,0.16097067716580676,2.603433786164057,-0.615692941474707,8.441571845266655,0.5458331294428018,3.0644108518950888,8.724762248924346,0.3280852711039866,2.588082053176631,-0.113918074120437,62.51510653649707,0.0,22.653784683157625,38.10032673619864,-0.979307128848344,-2121.194214251243,19.631238402387183,0.011952588063355394,-1.1896904349486237,19.499931484653793,0.7798702258788186,1.6543981657378635,0.00017835026336651108,-0.002414283335083242,0.01970563039890321,3.776700061306929,-0.7750613518448466,1.8902421125154554,-22.229363821969056,-0.32930785962856707,-0.9292032019565419,88.43099598533605,0.5834661209741562,-2.9140089815086223,0.08765343730035166,-0.14753616655701998,-1.1168574750760578,680.4209607257566,10.33550227905893,-9.931384089127393,-14.195564662446456,-3.124744516595527,-2.3906084146182875,19.892655248603514,522.9129393096488,-1.6990812782954625,-1.8299235460308134,-0.49758611360099797,0.10054706070059669,-0.00028140848413219194,0.0,-28.115123845969194,-0.05761257689501979,-0.8825304992136463,-1.4405222491978715,-7.213629009882438,-8.935661498800034,3.7587720029211655,-1.7434796414567937,-59.947087235827745,-0.33196180217871607,-0.6587961571337914,3.989996240118662,-47.30654401449262,-3.1550159245258254,33.228077073313315,0.6659503077615914,-0.2773762654286798,1.411150023613503,102.25803918752474,13.061798769657546,-24.269389506068272,206.0757020685965,-3.2020263744022155,1.7539981842293293,-4.58719678458015,7.176313246449737,-7.821581712599091,20.861730493852246,-1.159968112374574,-2.689554395491236,-0.6014923838623797,-2.686128450223304,0.031193190912297934,2.3123114793021085,-2.4002943732913575
-1.9001128242895453,-9.229195970955358,1.0696852556769456,-0.6567567933914508,15.267373748440866,-0.4903089707652297,4.338949577715205,-0.12607742399706623,-0.06927492526914049,-0.14824638135135618,7.386473365930564,0.06265050973343071,-0.7705943552130574,-0.2527989017419749,2.5955074971273575,-0.2734241757590725,8.57041101036286,0.19558103350211647,1.5750415921583918,8.244987008162285,0.3372218278366141,2.889174373402694,-1.890476973280188,62.779395694285334,0.0,20.67270876345981,37.9263043969338,-1.1010361257894032,-2115.8769333210385,19.604360672034524,0.0009091179973575416,-1.3432019884668642,20.623230255745433,0.7922662861260543,1.8898071021216034,-0.00036732652813978816,0.03132237157716996,0.017707996174827833,3.8180368142456937,-0.9217070140801009,2.396176086690806,-22.18114917297069,-0.3987854849300175,-0.9746690535120889,88.47588765278033,0.6944610985967282,-3.0168597417512917,-0.0003086397444936259,-0.09668867967958597,-0.8528448537664899,684.5141451158665,10.111252878223885,-10.439532305116433,-16.330812352581297,-3.133917099531593,-2.323201997117514,21.290435802836377,526.4685857987415,-0.9406346881333182,1.4123558966975034,-0.4212201297799081,0.2750395717642824,-0.00011646503252540306,0.0,66.50739448683463,6.980855219514804e-05,-0.7718444886941578,-1.4342735361490182,-4.434815176496389,-17.802260460240397,3.6620309666760633,-1.7080249330542905,-244.67524082051068,-0.03849248747709291,-0.6667879417699992,3.3264497787972496,-33.100522166767256,-2.716360866222399,32.96490444619793,0.7165096571341635,-0.2605179278383007,-4.53139678867803,183.86987538509064,13.457116499581444,-23.767523434775985,205.85578722118143,-1.429111322766052,1.772667271804591,-4.468012115453607,9.101605572894789,-7.548065781773801,27.635841019861797,-0.9176774915072334,-2.2906395539931426,-0.4581196131302956,-0.8202852955839618,0.1113496160441433,2.2395983951914786,-2.845086843269575
-1.8373609375748594,9.575423789512142,0.9670322852115698,-0.3844724958709453,15.410089752833318,1.7835143644251064,4.110832161364891,-0.24446170419145102,-0.07523757322361715,-0.14802494955326992,7.537462255787153,-0.03331827430758688,-0.6752709450448148,-0.04426821181810654,2.5862295328028675,-0.2996573983053443,8.546240835187154,0.17716429248926502,3.146293825738208,8.229639368991432,0.3360364224663044,2.653425710957577,-0.10279931136751487,63.00179660668569,0.0,20.832482769960954,38.601184872083635,-1.1165972361594272,-2131.447447436925,19.92378457223007,-0.033935416252886604,-1.3806095051195624,20.55770656951492,0.7931543940111457,3.5743651307833058,-0.00036732652813978816,0.059404672477014454,0.025771457908273076,4.155902356407384,-0.9761137639828776,-0.2755237119968969,-19.371153356392114,-0.36179595889963523,-0.9773840400160907,88.45151400227546,0.575357404383869,-2.994785212855432,0.14812301953499057,-0.10974657443189112,-1.2996606117057685,683.863737120757,10.328094533769729,-10.29040382928177,-15.966885533414676,-3.6817039234323357,-2.2324007543299738,23.605434288173825,525.6845412942016,-0.8939310262731343,0.9612256351066067,-0.300167814016731,0.17914219127623637,-4.4919657734311516e-05,0.0,66.36954728925193,0.0003456044555297795,-0.7780850652090269,-1.4379104141238002,-5.32446519583078,-17.447366375802932,3.780963596467063,-1.6814150261161356,-244.8426698823942,-1.0788472946166103,-0.7224654222572107,4.751092024315867,-47.448729472421846,-2.1582675102858686,32.84813077838294,1.0654577457208536,-0.43817777497110116,0.4016805358461197,183.95690601970367,13.798337168907139,-27.30821203438772,205.7670271537702,-2.166282026770394,1.8080135710674765,-4.512952565991236,7.647863616950498,-8.012402359861426,29.845934962877873,-1.0721743975784557,-2.545772755804533,-0.5542760604898356,-2.227823037051967,0.08092609741906429,2.3556802940590376,-0.7093929675426217
0.3420971431533944,25.694355812512683,0.9098364023827891,-0.5159834439092197,-0.08082639154449309,1.7796146823596808,4.080784694415157,-0.1974771077069269,-0.046133148919974554,-0.13146709768840573,7.526562737531212,-0.06570417197554236,-0.6208916264118068,-0.03855853602784288,2.525526762971216,-0.30558557183271706,8.567814126014703,0.5323810887383371,3.136874182647833,8.708445954558345,0.3820897576486859,2.6086227384033784,2.373186273726456,61.51698464722327,0.0,20.73525169722018,37.44304830074525,-1.1117875851382548,-2113.665425327394,19.66106412452517,-0.0424027955148674,-1.0136966059416217,19.379112764235842,0.7576589718141731,-0.14779627681080199,-0.00036732652813978816,0.06103846717172327,0.023812479151540854,4.081209755348095,-0.649147785354753,-0.9396314226923346,-19.101311423498963,-0.5770239972476505,-0.9407367613404203,88.41336262916167,0.5839644195156932,-2.984920729504308,0.14154036010073429,-0.1273709377662889,-0.7887558460389476,679.7436664427006,10.316969837452422,-10.245890498952601,-13.734014625663631,-3.0679525141692623,-2.2175814355543895,23.118847464803387,523.7380967955087,-1.756676225333593,-1.9432095516135455,-0.4003451187500327,0.1886214316988097,-0.0002747812249662679,0.0,65.96113186355622,-0.00047774044440781875,-0.8744221042953492,-1.425829495253916,-10.96352570529265,-17.50401552962006,3.719547045058759,-1.7256763899136087,-243.76655216265365,-0.3153148713386116,-0.8121354469602006,4.738499599699954,-47.5602506296553,-2.55761869458593,33.191972736346976,0.7363764684422301,-0.4607790026500952,-2.0931918594139542,184.89838720982874,13.346341220651398,-23.984462413695024,205.86318777446894,-1.9492646799793987,1.7845003579481789,-4.530921138044653,5.138671907828922,-6.997883364183106,30.549069309310273,-0.844898419860364,-2.6458161028715166,-0.4186649486680646,-2.49730369566297,0.05531264175646565,2.156909456680971,-2.904253638094428
0.12965115450766007,25.910425220954334,0.7521943600706275,-0.5850458600956983,13.662252815119551,1.8092433035322304,2.268278425626571,-0.19286065140558334,-0.049377435296323796,-0.15086604256001046,1.25156146853634,-0.06563704025940349,-0.7228904884673583,0.0143263966939282,2.734444079123124,-0.31213509534107764,10.122173665291825,0.5332089957986883,3.1520289778757435,8.683154559710347,0.3681989108976478,2.5199322636567776,-0.13380127287511984,62.632449988882776,0.0,20.700640301376183,38.16879478470364,-1.1346442133818369,-2125.564843267128,21.366805949657472,-0.04972117188261458,-1.3898787522518765,19.23086380874509,0.7547788124094789,-0.1557641877742677,0.0001505807270130436,0.05595600461262837,0.0176977053206943,3.850147605038828,-0.735553038609772,-0.9428136113390895,-19.372840669976473,-0.4374639739792686,-0.9849623397253763,88.42211350489849,0.5855241638066789,-2.882072967547584,0.19621052229681282,-0.1117643266137154,-0.7435707684977806,680.3162194260459,10.340754658454694,-10.168305517308285,-14.134520165612964,-2.918047200447467,-2.2386017919146304,22.524646259571472,525.5007038154042,-1.0319002326569249,-1.8554444611782535,-0.4372012767703731,0.9895213508978982,-0.0004815364748131084,0.0,66.69280888241717,-0.000551663812806855,-0.773704138238956,-1.4360266052176758,-8.103833343883215,-17.5447688953497,3.688799215501631,-1.6918185178250147,-244.18728125175343,-0.2374148922371637,-0.7319714900192138,3.52400220774897,-47.103377147986706,-1.660787596106923,33.23888930075665,0.495253268078676,-0.4266793790917417,-4.8300795622477715,184.86391467753177,13.100902865697613,-27.869691464389366,205.9174165225691,-2.8036427698046196,1.7494958016816264,-5.144016052442165,7.992499716436095,-7.946861379823129,30.377327880391533,-0.8351655988663316,-2.678445410132883,-0.1751153582061331,-1.852264627714494,0.04659591994136133,2.102771245493623,-0.9863367561754931
-1.1258337026755934,0.697493260796168,-0.3091788695012719,-0.5635645296537285,14.681832861541027,1.722952965703477,9.962555800930721,-0.22761887780811257,-0.05846405951244002,-0.1945140573373704,8.273472074801052,-1.5988547028958522,-1.146336437150423,-0.02515747065373671,4.619936366528004,0.030489949871343902,8.618720360718278,-0.2397167677063134,1.7411550993017297,6.414946988269177,0.12210463022029776,5.205105669995198,-0.18446183582015002,53.60339743300525,0.0,19.165316487239377,38.28337287234609,-1.1707812747263608,-1861.1177651477924,19.996738823699907,0.05626128154615202,-0.8553989657848496,20.586016061366767,0.6691959971358117,3.463240145515293,-0.0054342405778234,0.05134676655061932,0.05126894514809454,3.9530010539173333,1.3639371135904095,-0.7965303361576772,-22.394991792486998,-0.11511205533067659,-1.1165354538727073,51.27277959064581,0.4610888732414181,-3.273015744726727,0.22609145117922055,-0.09714812443997485,0.612196966327627,684.6841788977074,11.023814549019267,-9.712987716026193,-14.983096797793285,-3.0670942114736333,-1.650628205883466,20.00910078458695,454.9603590562222,-0.45766231672825364,-1.9676649897197063,-0.27824189186844783,-1.8912557826630902,0.002053006985165943,0.0,-143.23525844498576,0.022411188588009046,-0.7662583828226028,-0.958914091765818,-5.403106071113744,-9.664650137357635,3.6446728103811803,-1.8046172562049176,-59.903736972778354,-0.6580713961963625,-0.6640692219120093,4.943656279736372,-42.83715576058596,-13.04142111842484,32.73360842664035,0.8455518383794168,-0.19626803452405595,0.20764569753878923,102.74682938543575,14.637967332238123,-29.52697262495201,204.17205037817257,-1.9856952167800992,2.1615799592531113,-18.68943812762329,6.730284063052189,-16.16492579655622,20.924656710742173,-0.760560715383921,-11.878107069792156,0.8472102771273147,-0.4643648848145169,3.6020101986811794,2.462843615573532,-2.654198373722305
0.14884449185381682,23.789021993686635,0.7318178446632171,-0.5152480981838209,-0.10018054967716318,1.8186845977073887,2.2747339321563436,-0.21247969743542294,-0.06534649283824884,-0.14543432863715702,-0.6016227969577673,-0.08621072986759076,-0.6238881618904593,-0.04829728572550179,1.9040972207681144,-0.3312489977412566,10.097837757663465,0.5912435187191248,0.1348383532455779,8.6940076852564,0.3816300719444618,2.6153529281074923,-0.23622303729782715,62.6509546820397,0.0,20.73208336469704,38.23348744818458,-1.1322055326676874,-2109.2433711617723,21.404598367773033,-0.03207353969181476,-1.0114563112132962,19.227553158226943,0.7565427712510994,-0.12452218989312724,-0.00036732652813978816,0.055665237292900946,0.0279775486407611,4.122591716459885,-1.0975230567719791,-0.9617254906899723,-22.090737684911165,-0.4415418853189076,-0.9407364989096085,88.54935487413995,0.5834561278240565,-2.84330715905549,0.18588919570340165,-0.12661052971457296,-0.7955956708286581,679.7865002909001,10.593948258699106,-10.269957972386765,-11.79726602221644,-2.95952110343454,-2.227491735749924,23.25333538282271,525.3966464848198,-1.75600875082706,-2.0605560701235577,-0.41949630346092337,-0.3846602407393613,-0.00028345986797124133,0.0,67.4437149140503,-0.0002396095404352032,-0.8763717937332435,-1.4396725326076745,-11.01527401853521,-17.524801627926053,3.7433030006352457,-1.6631994428970964,-244.41207828408827,-0.30517927343998946,-0.7939837339919761,3.525219438690544,-41.719017729281596,-1.6877317544369939,33.18322069312085,0.7422891782943852,-0.469373272648134,-4.8976207716374445,184.86527390748046,13.357257492302095,-21.925350163512928,205.89365905983772,-3.344925971158781,1.7107855933316896,-3.9841185941158854,7.441975031511424,-7.3606383359041185,30.568420971241007,-1.204413946918873,-2.6464222642864,-0.6466003280139037,-2.2901382230190803,0.07025136563144885,2.1722846122207082,-2.8334065818317544
8.438256280558585,25.8003934261583,0.7027444033244694,-0.6470931726732293,-0.09390025691546162,-0.2804589543910803,4.009533349463168,-0.33518796983333915,0.05079428214575976,-0.14467673423616997,7.673441867931829,-0.09304951486594884,-0.6968721476760377,0.015069256655315364,2.4446534145691334,-0.23374041829551295,8.536393522712844,0.22164406839411904,3.11097613686723,8.42699607667766,0.37502674937062974,3.080546617539123,-1.8952553896804083,62.21141494683344,0.0,20.712790821485296,37.41541346378057,-1.0810913102489854,-2117.9191143179287,19.7894843659698,-0.046193445716472645,-1.2029021122963455,18.999651207035054,0.7928118062353778,-0.8017936550451721,-0.00036732652813978816,0.05919183812679773,0.021870533626213117,4.019301589777901,-0.7496591479565,-1.2750358429739188,-19.404007863305363,-0.3778852050990009,-0.9752755043148224,88.4557267698436,0.5861539057106969,-2.9400306643611858,0.10286635593630764,-0.09296653646884828,-0.8491423439631666,679.3622422730355,10.503218143684643,-10.370534208210268,-13.127540951724248,-3.1421715138033974,-2.2352470226478403,22.329227823683933,525.6890609803567,-0.5351388103115302,-1.7942578099603148,-0.3352613775099592,2.7812063305154267,-0.00028345986797124133,0.0,66.8995484630541,-0.0005797692241006533,-0.7761080616245893,-1.314875463365265,-11.200854629641224,-17.394634672994577,3.691156755728966,-2.8653190168498655,-244.14891962132148,-0.3884756422999174,-0.9045556940461017,3.328513921051174,-46.140830078900755,-2.596360894504335,32.93696657998007,0.566724207203324,-0.4231496822824302,-4.922424156597246,184.55052243354842,12.719031135877659,-27.468527854527842,205.84644965983136,-2.6335797050548044,1.8007918479030653,-4.400452075113446,7.795254627273592,-7.502212849097002,30.1917434689986,1.8431402681508597,-2.5232401495690064,-0.4810945638015587,-1.7740202257095723,0.09118703318273134,2.176794472738764,-2.802710634336107
0.1611820930574474,-9.173224122312586,0.6804890582504481,-0.5950632221967016,-0.08603365016057464,-0.49576799240136304,4.4638847519818565,-0.2441670071218969,-0.06996124785139168,-0.13884201730196777,7.61327862495151,0.03818754380823576,-0.7785147892084837,0.014997654393400209,2.559374641163348,-0.2740519029799699,8.561412914514175,0.19899302194472562,1.6374569792376905,8.685319233438879,0.3312401119112262,2.470123015848727,-0.0679064151580461,62.72269649782612,0.0,20.726515687791682,38.241498279822444,-1.1101648109870548,-2099.2327382103567,19.705987253892733,-0.040402301825261576,-1.5099728250319489,20.58158069201578,0.7563307900105672,1.820721525192503,0.0001505807270130436,0.03090096760027311,0.02177626365948908,3.6319800070985178,-0.6704600989115561,-0.804222268372365,-19.440704132037336,-0.42331988319339875,-0.9861435119832787,88.42007665279979,0.6958839129367047,-3.080939708392867,0.23777471566676842,-0.11514493654717324,-0.813683223999631,684.6365656366647,10.121006869048522,-10.209769035819011,-13.129304927108663,-3.7414341967090823,-2.250853228421877,23.730351779491407,524.644217426253,-0.4370832271896438,-1.8337768547069595,-0.31133062052397814,0.9595368854289102,-3.0401977425423817e-05,0.0,65.66418767476628,-0.001256375537348758,-0.7741626447449533,-1.4347912724463132,-7.266829342650465,-17.445304963081426,3.7035383626950513,-1.7175219607644665,-243.80712269764155,-0.30061659038039795,-0.5915342259582285,4.749562127241677,-32.23172875644519,-2.1175585869815543,33.29323155885496,0.6800673373259479,-0.45480065637014166,-4.890583660522338,184.77996568257305,13.4544213748449,-28.43877890162913,205.8999357823716,-3.243677947646014,1.7676127738404577,-5.237435499925282,7.165740970397409,-8.0766787836519,28.166041928935417,-0.5368772859518874,-2.2352757027315597,-0.14860728340026186,-1.6855172044278823,0.061458072715991886,2.027926206859531,-1.0087491928286434
0.32371800427757286,-1.459225696453709,0.9974908343872751,-0.36105747161776475,-0.02608927010697146,-2.0062162307137945,1.8771328460806012,0.05060189541877283,-0.06287475137079913,-0.16804776571422786,1.1965696610440275,-0.07194155258934687,-0.8071313018975645,0.017608443988492758,2.6247845380160197,-0.2874276819913953,10.111786817345791,0.22251652044436498,1.6236866516927086,2.126678124552993,0.3453485279663962,2.9878253466620883,-0.21043518128674743,62.46789316905442,0.0,20.901794434674557,38.1649601041786,-1.0872959007482401,-2102.8844086123904,24.698339229461634,-0.00993318338175787,-1.262306430276916,20.482436761690504,0.9556335506349675,3.53255931853393,-0.00036732652813978816,0.015288861582146481,0.017022704251742935,3.685657613598682,-0.6303316207429563,-0.810897800123291,-19.46270755447308,-0.4467152034132674,-0.9564010014073755,88.4780969115943,0.5922658010143237,-2.964504393770343,0.25507375192859855,-0.07412315476238604,-1.2869764783039455,685.0546682068402,11.08095129454498,-10.271567583687816,-11.803359559402955,-2.942790146945509,-2.324400987380575,23.82380581897836,526.0826666064423,-0.1271816204129146,-2.0355473734730505,-0.40684097942086417,-0.019118765390367873,-0.00028140848413219194,0.0,85.55955740294901,-0.0075725728429814005,-0.7727309168670866,-1.449761094184271,-6.7418056118090695,46.229041333344796,0.33385026724395694,-1.6553418502169404,-243.5549734152033,-0.1682442921744593,-0.22796201304323058,3.5870081506543823,-38.0502202316965,-1.6794140968063263,35.63730612369134,0.7570257610238528,-0.291592600781015,0.5549821404265273,184.9581025928972,13.643670151699391,-30.398159891140146,205.81469071647126,-3.1796260697690957,1.96256605267732,-4.536972055891618,8.522318236571234,-7.612078363247344,93.2461454177703,5.700304015060321,-2.4239134691583417,-0.6372019834130775,-2.0172253550796526,0.05218009766646199,3.068643366507427,-2.3697335070701726
0.4372366592393205,25.885050830346152,1.102726677726701,-0.8401027733899669,-0.0726979644741144,-0.3756369282980299,4.083981425964572,-0.19764175933522904,-0.06244466057083371,-0.5540658919330593,7.735764372537075,-0.026000193911632243,-0.7006571786676252,-0.12964754946629925,2.6747660051448894,-0.24783904718532862,8.439029056482749,0.48697337408970776,3.183573757620299,8.681704886758807,0.38133947176070193,2.515818751565837,-0.08854017144841904,62.80457179034903,0.0,20.81725340514302,33.7077946429807,-1.0188710631429627,-2124.172570684752,19.801717934582296,0.006068235358436018,-1.2595871648016588,19.959271298192938,0.7567335510251779,1.7618154511559694,-0.00036732652813978816,0.058300607332845,0.021598805040203426,4.086782569393903,-0.7514979301091012,-0.9130004354409242,-19.99016018344553,-0.38306980877739405,-0.9145225131631232,88.37057661705163,0.5752963910750145,-2.966769582648806,0.18886291004502614,-0.08537849664037986,-1.2874643253578932,680.5015910288514,10.254798079334872,-10.27135276476547,-14.135025841396745,-3.0978320735095126,-2.296653811903084,22.883596137297957,523.742665643925,-0.34359416181021096,-1.9949977861210848,-1.6789531270929234,0.19545287681811835,-0.0002750143178633301,0.0,65.9608425761056,-0.0011984741129871855,-0.7734960723067729,-1.431547348550109,-8.086838386083397,-17.42655194712886,3.4976322556397608,-1.716623460109002,-243.91843885217025,-0.10877485359983564,-0.6804667562117191,5.052840343886698,-45.210617867977724,-2.6898048292477634,33.65371870136493,0.5509652100687932,-0.3186187210597643,5.518272088449071,184.85794719242574,13.128902438784298,-28.023914800064926,206.70178993563647,-3.145857826737369,1.683080887236598,-4.518474407575496,8.083644024546894,-7.916100232026595,30.38978005999639,-1.3388545143940198,-2.5582815316805996,-0.6000130613184644,-2.2597804290947634,0.18129088370023033,3.5155563639517253,-0.6562064442887087
0.08085720370655826,0.5127357713779293,1.085447051935229,-0.2782731686871754,-0.03412220832356958,-2.5115457151996368,4.304473338537499,-0.3239255089383704,0.04737036801399938,-0.5669323808651071,7.580241926045378,-0.032292269576793445,-0.7509994260564061,-0.10883302733406504,2.7032221081047374,-0.23466569183083924,8.504816582385981,0.135958583498319,1.6230124956042744,8.671153314841169,0.33115543693086746,2.6091780846169876,-1.8752315568825448,62.82722883324777,0.0,20.66820691769739,33.837315640390216,-1.0359245660018417,-2115.5438170050134,19.677044340119263,0.06908215268017877,-1.3177791050149892,21.262378702917456,0.7980090604671958,3.7904601008435255,-0.00036732652813978816,0.03352180839150965,0.01909067481917188,3.894041422238258,-0.8057863747318057,1.9693467358075116,-22.785975764687418,-0.42271206023419017,-0.9672428220169451,88.40937701889257,0.33479566317914317,-2.964675745236528,0.01820744116220352,-0.07001979911969952,-1.2415359589078723,684.8907383784664,10.944491855091808,-10.29994430761132,-13.518313574277933,-3.303897107392208,-2.2794250542705563,21.170614463912923,524.4817354378721,-0.5470389173983584,-2.0938627271279726,-0.46934056061623414,2.311168469986131,-0.00028345986797124133,0.0,66.4340749384219,-0.004555829634198732,-0.7762079005700413,-1.43452680493612,-7.255865823780274,-17.591726793748474,3.5718648465788383,-2.8834357682225,-243.91427356208135,-0.028924509658720857,-0.8976438543907271,4.934830611160104,-37.430849725965366,-2.6807894797929652,33.52431035250373,0.7467428487647408,-0.26825379362738,5.667654273212778,184.97331560688315,13.208042532711707,-24.452755640596205,206.59190332359367,-2.489601322634015,1.822749544432308,-4.715378323449013,8.598785742557274,-7.521910888758958,30.52979497115988,-1.18851483446217,-2.4952402599059584,-0.5629904646937989,-2.3610875722610616,0.17435585268442055,2.4684823338126005,-0.7137063167118761
0.10959642201857926,9.57536978932192,-0.3643559261623503,-0.7500375375148634,-0.13625090539210077,-0.3477037417153763,4.421388790402708,-0.18882827923551876,-0.057820381883691596,-0.5489737723421835,8.577144797216624,-0.04734136959808033,-0.6400738325407139,-0.258789864394384,2.6184156638219314,-0.25982667854041164,8.503477548363477,0.14995242843306045,3.243917801520682,8.60683232988666,0.32201310657977533,2.8558752939131,-0.1667227740985539,60.75783054765991,0.0,20.76490854153609,34.542162940978415,-1.0666377298503655,-2023.8510582316967,19.75562234139504,0.04645476825318947,-1.2950451106847785,21.224264414388678,0.7568715207488077,3.8063131036709663,-0.00036732652813978816,0.05927143988282762,0.01821709146958686,4.044247792819518,1.164323593327505,-0.826780189128605,-22.768621817329315,-0.4171436893324214,-0.9104038215591179,51.23221135543601,0.5773956490671885,-3.0157230542439164,0.1348902590525251,-0.12132992211555915,-1.2942892199134979,684.6931148225091,10.247212694471422,-10.333851427557558,-14.383891438953654,-3.1617494792821916,-2.809465237434243,22.432810838625056,523.4838950209204,-0.5143855550757281,-2.173295574601785,-0.2918497141123361,0.4986105366758043,-0.00028345986797124133,0.0,20.140012712161923,0.0009816778340175445,-0.7745569268178972,-1.5161700191177416,-8.146539013247304,-17.666932958924047,3.4137395380732505,-1.733635550359355,-244.21644302853016,-0.05934426993179477,-0.7599271773040437,5.006934400776596,-45.6135416441104,-2.6466703470678254,33.794693826432166,0.8635353609754015,-0.2767561506441498,5.45058427108957,184.84842945070164,13.713645413588923,-27.516548060005803,206.7900220989889,-3.308792364591605,1.7304321996455334,-11.682061292821052,8.548620013929048,-7.7889760590991015,30.4555889540287,-0.9544949870672704,-2.546641198249891,0.5617521162040504,-1.1913638380754619,0.22301069869055118,2.4609072584015097,-0.679117500915794
0.18373083222663528,23.586805552100277,0.9111571907532,-0.6726583119934906,15.419283094023639,-0.3260628445030903,4.344924683383907,-0.13201550108694834,-0.04835837121297237,-0.14619913388824293,7.461670196740126,-0.08159279259178284,-0.6210974640393481,-0.040831962951776886,2.110548691066984,-0.3032383408748852,8.348634733800894,0.5216211890549126,3.133467639023269,8.69155210661355,0.3757281611151108,2.6340400887067155,-1.390835274887236,63.122441233805006,0.0,20.84230820174873,38.38095633842566,13.435676320265255,-2144.7276737893376,19.60386361230923,-0.046845012598963176,-1.1798251458194544,19.886867355036042,0.7916247981918112,1.969697345690165,-0.00036732652813978816,0.05901063779409876,0.020879780552302617,3.5968081492269954,-0.7462093503694858,1.838840765909251,-22.0904486958294,-0.14353912930207458,-0.9721272484608843,88.42106778777439,0.5846684106830394,-2.9511026090801558,-0.016027381621192015,-0.13887170802077084,-0.5420184773334706,675.9769010538785,10.327011419117172,-10.229689612820689,-13.518235618417751,-3.2813206974640083,-2.2927437978909597,16.27458514052371,523.5466250375293,-1.1219710755802579,-1.9480166301189457,-0.29690566242718663,-0.4544543645759579,-0.00028140848413219194,0.0,66.60091664897939,-0.002681807459292811,-0.7610720911945338,-1.4326736895257395,-8.392796731511794,-16.681493137511428,3.6729762018550147,-1.73113096922732,-244.58223106229823,-0.266805034931141,-0.7758531694178862,4.727244019037754,-44.97510401837101,-2.5979615353780274,33.20887717472249,0.5607375725886129,-0.26312578136025516,-2.2228225157514423,184.21714072487728,13.411391576820067,-22.625425243044347,205.9033703608369,-2.093315335375746,1.8474386810535763,-4.762969195625656,6.41987153848385,-7.485187472236903,30.03756550503713,-1.214798133983497,-2.755385162977215,-0.4925952230166343,-2.4980523407624475,0.05816045357825002,2.393989509071529,4.3163292883024535
9.150794684564081,25.609234892933728,0.6227179986845096,-0.5999249165791468,-0.1047527376529312,-0.3540421789997858,4.785570705686174,-0.20470993119064054,-0.05420384701341169,-0.15186529512513225,7.729842688912593,-0.09703702815330746,-0.7231311621628551,0.01427011561688049,2.54802864272195,-0.26573265911455496,8.516172064512123,0.21619855703715776,2.9944788974093033,8.39901018839941,0.36271747340881905,2.532905046226665,-0.06596029542610711,62.17195149861634,0.0,20.88935209423819,37.83629292308712,-1.0663487721787714,-2118.669225666254,19.489051155989234,-0.04855328446038166,-1.3919858080757663,18.953809788132645,0.7920812329224324,-0.8096997252163906,0.0001505807270130436,0.05855686058591784,0.021939165457552076,3.8039292798442608,-0.7491506851041256,-1.2941247704392855,-22.169430876901146,-0.422522135826081,-1.0078673385305028,88.45023015838166,0.5830782754538782,-2.974889326066097,0.17235764768901782,-0.11008368040134177,-0.8223901127798032,679.3485418376293,10.320429710132373,-10.270812881318834,-11.781562499045753,-2.941840534196661,-2.2293760938698206,20.733989496281705,525.648791992525,-1.657975758335252,-1.6561643594222017,-0.45398053333701943,0.9029885307181483,-0.00046820559502825537,0.0,66.10499050189104,-0.00035688627087937974,-0.8719417547688921,-1.3107061357227296,-11.977818942325253,-17.612822046410578,3.6823763569095496,-1.702078176205454,-243.79177361918747,-0.3779604589164447,-0.7616529969453093,3.385975469907489,-45.34445934808665,-2.6954372946185527,32.95421851892525,0.49564173521691496,-0.27016068167415636,-4.476417895015242,184.70367023694584,12.98165898414252,-20.5924078604854,205.87790618942665,-3.2816860726465933,1.760298716743813,-5.1523019829452705,7.470109996206832,-7.897382946935505,30.45961036679978,-0.9412722122297082,-2.4282756033999173,-0.11718872103016986,-1.6061713985196215,0.10245241475056928,2.0361720094878746,-2.492303336487568
0.3318517236957778,1.3240433019829496,0.6671919834694459,-0.6591823170644574,15.478606021245836,-0.34099225465506255,2.497681811621912,-0.10938864362369036,-0.0505538430914452,-0.14182290590153196,1.1247431030597068,-0.05196238049123199,-0.5082362199663937,0.020702901097126455,2.634255266319078,-0.30610566252306953,10.209699933968869,0.2300564541144105,1.608028037990525,8.722841592103018,0.2799465019613862,2.5617143190583374,-1.868012597025775,62.64758326666041,0.0,22.977460042082928,37.35685714877522,-1.1341639934502223,-2115.6767108165095,21.75574901601292,-0.04215591944202487,-1.4419827207674787,20.57955910651608,0.7756433917098141,1.8027760760593639,0.0001505807270130436,0.055962327979034956,0.021287567889887535,3.8422173980985974,-0.6432974931043305,-0.7838791819074437,-22.19365537881589,-0.38978450222356886,-0.9818391351804078,88.46150775798067,0.5876951553150337,-3.086788507251101,0.10477800866939765,-0.11432703568180601,-0.6272426913591842,684.5714007739134,11.106476637489056,-10.369920263470604,-14.6170318694561,-3.5260062702855954,-2.2662559825445645,23.698942939772756,526.1944609945066,-1.0904686538398602,-1.8135020869749405,-0.6772930377210127,1.0349558821994918,-0.0002812607068800368,0.0,65.83412645047709,0.039362112081523466,-0.7729703728620749,-1.4483973930688236,-8.760109122314928,-6.659140086027232,3.695362834811836,-1.5764132078017759,-245.14876069860546,-0.21923529126499194,-0.7043521182521534,3.394818868498951,-38.036235922130416,-1.2348330728696617,33.16122602216793,0.8289728993407849,-0.25566527000111366,-4.857396067648705,184.28849677773306,13.506455558629801,-24.56913017277735,205.87572515960005,-1.4240051279947068,1.7971353488289072,-5.125723885983902,8.191151803189603,-7.641559548616271,19.021767854629633,-0.9405221062777405,-2.5904119180638814,-0.16815322238251085,-1.8557090726476813,0.07019176873643669,3.16458399286065,-1.0546422531715407
-1.5457247543902775,25.90066936478491,0.7428635009542981,-0.5225162304950792,-0.05843815423040126,1.7594608905875226,4.436103649319525,-0.19519674055538297,-0.062509801266318,-0.1349282674534334,7.696552126111131,-0.030949954446023286,-0.6455488021778504,-0.047091303435812526,2.573449694824124,-0.3118698021927231,8.495456061052849,0.5304247109578476,3.1073972111859924,8.418923378202004,0.3751832515411505,2.5953111279546315,-0.14835933195263618,62.89483490741417,0.0,20.706641727566357,37.571976578483905,-1.0844861923852298,-2110.51187022836,19.83359341012348,-0.04060151256748825,-1.4147208308571404,19.306103626905337,0.760031563332509,-0.13178971859799868,-0.00036732652813978816,0.058408924552862375,0.02461028716677813,4.0556502697573125,-0.690469303903831,-0.8625446537337749,-22.0897373874549,-0.4161187389808053,-0.9747592735698104,88.44723510678902,0.5852122366864853,-2.9596971938006544,0.1651312506039921,-0.12055678857113367,-0.8053519401713362,679.7076511614729,10.32751954532145,-10.28010223818153,-13.707464616094702,-3.667899768215795,-2.3037093979437655,22.570082059245344,525.4375449127227,-0.3730961106976031,-1.9409725475190978,-1.613949425691382,0.2360906529785209,-0.0002750143178633301,0.0,66.2221914745762,-0.0021478653061863086,-0.7791763687760217,-1.433501263393575,-11.250855487802188,-17.34627898617671,3.781688170846684,-1.6994614239488526,-243.82113304814195,-0.3383105743425656,-0.7595498989822487,4.738482733599326,-46.7844830982989,-2.1754748300535085,32.89353486237165,0.7445536075142478,-0.4420278120550416,-4.923419975619525,184.5909215393533,13.32454506352887,-24.427983585488523,205.8425624599602,-3.251831731013082,1.709995010974126,-4.445635858864151,6.646762312020225,-7.696436269239356,30.373294450071697,-1.1276983085215513,-2.637320190567979,-0.4629927152944753,-2.257559109312665,0.09131146588918715,3.269612355133672,-1.0793021792382373
-2.3855792568027754,1.3808290270752568,1.170492178362955,-0.6441327738977776,-0.04600505500023877,-0.2738096150317877,4.454927242346113,-0.3251009776963464,0.053318083716355436,-0.14921148861110167,7.6559198957880215,-0.03551229675501935,-0.7762928448967957,-0.04737194860947703,2.479321135208267,-0.22794653433987971,8.583546995497445,0.18438270341969135,1.5533406334430166,8.428207933221922,0.3332343569723862,3.1551423138075037,-0.1603878189836639,62.716188680562446,0.0,22.91621846336182,36.81033586755471,-1.1301391757834687,-2102.9113242185513,19.638462674508066,-0.027031825692586102,-1.2679457907480007,20.630672446275995,0.6965312540666078,1.8657076631018774,-0.00036732652813978816,0.05941651616736928,0.02149081872915729,4.113525779632873,-0.6765869795571113,-0.8289497511335683,-22.195210114087264,-0.38363312040115083,-0.9653089815879018,88.53165306732602,0.7161428675205794,-3.052889565161709,0.12514892246517473,-0.15066169753623365,-0.8750754810908656,684.4993123929929,11.148339836116142,-10.330166779952668,-13.3144687533632,-3.5005446631621457,-2.2577472361554687,20.506331363740394,525.7042173516654,0.05778546575288897,-1.9526137318059953,-1.7255908325500828,2.5208395026626564,-0.00027459914593237983,0.0,64.33052624767315,-0.0015414658114748427,-0.7724365918287089,-1.4345429982363196,-11.020235782978308,-6.695706131938824,3.6053764872298606,-2.805883085992804,-244.09488640034013,-0.27145443464824187,-0.8336687285203914,3.3181475630946022,-39.14175835174294,-2.158991480642333,33.14131311465618,0.7569333300574445,-0.25815757882196344,-4.5322319693214,184.5620224902703,13.442419131881952,-27.006648311693862,205.84701632037007,-2.668131199340334,1.8765058828439274,-4.376957218213373,8.50472537715619,-7.532027781909043,19.47949510754191,4.2605685297700395,-2.249863888723198,-0.47137158711169147,-1.0111138948082632,0.0685665793957342,3.2955033935651086,-2.5674808966851397
-1.789575992192121,26.075374458364568,0.826880459117257,-0.6413852158912428,-0.09679482259765163,-0.28334072657194437,4.416136242153542,-0.187529788429954,-0.058900568698996944,-0.13915867444485186,7.7389988987813165,-0.028296614744808987,-0.6995664414950861,0.012327127514164924,2.496778166649259,-0.26185142781830567,8.479208900782181,0.5354298249048052,3.104119256477829,8.429702905931117,0.3787361702638131,3.0401072055796194,-0.16641153031660139,62.7918460696239,0.0,20.757782813487022,37.27334270412206,-1.094484860913883,-2109.027744990961,19.678284499734804,-0.04709263831172671,-1.2636500221456513,19.331686747480706,0.7460032214111688,-0.19102869977228032,-0.00036732652813978816,0.05957414395386645,0.023444121051826465,4.017927076577617,-0.6363566732664272,-0.8896115663409281,-22.14400173716762,-0.5174405612051862,-0.9123616431308939,88.61427549681177,0.5879190978741281,-3.002325932181563,0.15510509667351577,-0.10081470699010939,-0.8522480526167228,680.5392545895465,10.482037242124296,-10.255648942386875,-17.235442462304665,-3.605148667021796,-2.284705446892408,22.51496118999776,525.4390694486422,-0.09551552037351631,-1.950202076325393,-1.6216252792751713,0.523821091972101,-0.00028140848413219194,0.0,65.80309208109409,0.00018221042744817858,-0.7711058804587042,-1.4484075809483232,-11.12535649451401,-17.787385766289887,3.5129542389289976,-1.6895983690151355,-244.61675836133264,-0.39891714354591123,-0.5807877027737832,3.2534795182945504,-45.95607057748065,-2.063915697583928,33.1422663703997,0.5613305734448625,-0.4642444995577824,-5.164868543700493,184.571764304819,13.292939077282401,-28.084589558253967,205.85328114559812,-3.3519556705320284,1.8147927375015076,-4.532277619845539,7.8500492854896695,-7.380439191664072,30.162264699325206,5.801085216783986,-2.5287910635652793,-0.4883238032115752,-1.7244654852530739,0.07081418233855125,3.3324998357346445,-0.9957501117851885
0.15289437109539616,25.6718268190932,0.752012605700076,-0.4834958872762598,-0.037135925967965444,-0.3142825513934381,2.5059193658010153,-0.14148839078436215,-0.0732004357514777,-0.1265572259917338,7.654919495219873,-0.049703797184036586,-0.5074382680463669,-0.05169465041433252,2.750992735254261,-0.30864255392920337,8.473963391955426,0.49708544654643405,3.1457210361674903,8.677335496407194,0.3657274101617849,2.659086666839919,-1.8736528314272065,62.4379880406088,0.0,20.777098630843877,38.56224187581598,-1.0917414394418803,-2122.932603432586,19.838326291753873,0.006778391463637938,-1.1878698322523842,19.477684410761746,0.7559396992960139,1.652744651532287,-0.00036732652813978816,0.0547443533994047,0.022970255018481957,4.00364445860932,-0.6689658697500299,-0.9464037918044242,-22.116510213342277,-0.41735469916757034,-0.9207770101429233,88.44550437889424,0.5846581790594912,-2.932277084393695,0.14128314394549346,-0.11513882377158893,-1.245846755713647,679.9987653397917,10.336983659302241,-10.398371246086514,-12.620899540321794,-3.161831540370074,-2.3213495973403075,21.18151177049721,523.7394876848167,-0.5433342818802871,-1.7955749272968056,-0.3174071368341763,0.20244910521177417,-0.0002812607068800368,0.0,66.96055634508326,-0.0009396553307400138,-0.7779463036971176,-1.431135607825461,-9.308582969692548,-17.383620617852362,3.702470053467025,-1.7673012338868677,-243.45777590458314,-0.36432986461813444,-0.8194630397145348,3.90221424337402,-44.930719987329105,-1.7231846353700861,33.15370840552817,0.7738573580441319,-0.4858297681124944,1.9111455351758724,184.9518627831918,13.430984436525721,-22.751592202000097,205.83951376146354,-2.5050236247811046,1.76905237934903,-4.34615526323598,7.91382902670168,-7.272522337821126,30.65325295965746,-1.079786657980759,-2.4202266802151273,-0.6035577359075663,-2.2773210289503623,0.11783478470517486,2.353273072099567,-2.550205158643372
0.4122910100401028,-2.0149516469930586,0.8737734036883197,-0.3496190953861515,-0.08254712173273365,-0.4602335272325029,4.113620904164435,-0.1875929629783218,-0.038624185194775534,-0.1360912852493835,7.329401755940443,-0.035358292845769024,-0.6448425364891105,-0.1855409048528623,2.513085421160203,-0.24770035871210316,8.454023524500826,0.17106701708368238,1.6775368372353723,8.69054850710504,0.33920538834036673,2.845165406276513,2.2757252949479128,61.58495330751251,0.0,20.63884207754505,37.28982305264788,-1.0934034774346058,-2102.0838682988333,19.771406044278756,0.00036054642999207157,-1.1030423356251549,20.645024052000704,0.7573532824306677,1.9039054038591305,-0.00036732652813978816,0.030753149747071253,0.019759793527835825,4.004092864629027,-0.6899639921633846,-0.8501329869816447,-19.202065906107993,-0.4351734945758381,-0.9124371684677608,88.43098841582696,0.5900408468557441,-2.9566013668056486,0.18646807778033558,-0.13097627626485414,-0.8656840933731813,683.8674095099982,11.101296137741564,-10.302503443749787,-12.35439114616988,-3.3290738037853314,-2.26775483575977,24.27956145137825,524.2113861843044,-0.5814405333221108,-2.008541970145774,-0.3655662154937718,-0.23209480241965133,-0.00027459914593237983,0.0,65.92300086890279,-0.0013263254965990203,-0.7790349946794015,-1.4526322198739616,-9.459541133934156,-17.491341111617885,3.579383544844803,-1.7053792721355572,-245.11485782012141,-0.2546075311640266,-0.7933415862081447,3.3031753984517596,-37.03494826739206,-2.638634927009373,33.1175474026572,1.0623642080737108,-0.47900155760055846,-5.166537959870537,184.8703635457846,13.75757712507339,-27.62933048305837,205.7556878413846,-2.526343777049602,1.8284293931754254,-4.44341165151527,7.7614072777645315,-6.785467333567468,30.47569582431976,-1.0096586875456255,-2.6061691954317356,-0.4345800139646874,-1.4574359737425242,0.05716810275228437,2.1988464782124604,-2.58151492564062
0.1754651569726104,-2.0844953571974316,1.0212982758019886,-0.8191089201110846,-0.08776422868742878,1.664877180179885,2.623139727485781,-0.13368027212796924,-0.0541865117470387,-0.5639904130060873,7.658209777499627,0.0625720639277933,-0.7340427441091484,-0.11416323854209365,2.809601168070109,-0.3287145097561307,8.548004630438498,0.1832810805993496,1.5055022320497398,8.70951163584881,0.3361592719214573,2.608845830436995,-0.16418404939035186,62.846818725556496,0.0,20.75499010781131,34.31093997671528,-1.003412141504435,-2115.733250735005,19.678559345484636,0.025829522076652688,-1.2766257100391878,21.25934563708513,0.7558524183394177,3.769307076935456,-0.00036732652813978816,0.028041781698681312,0.02223691224679679,3.8822751021980015,-0.8301709114436668,-0.8343590072657853,-22.76969058241224,-0.3770169922591856,-0.9359864704100342,88.38558024291058,0.5732031445190552,-2.85240608370426,0.24618199718676195,-0.08594263401763305,-1.374862649725141,684.8104829217319,10.899285389292524,-10.279725243092432,-13.982588839391704,-3.0967902435780714,-1.7559221047486093,24.24873407281584,524.3867352383762,-2.0104441550795404,-1.4302903123830266,-0.48029871121803885,0.07219460935673695,-0.00027459914593237983,0.0,66.76986679052179,-0.003739488593474613,-0.8702020544585476,-1.4269416462105051,-6.856274910334201,-17.72512173573913,3.4338125786048765,-1.6967906651172224,-244.76610215430327,0.021832646390157612,-0.7214381475070138,5.006099249563791,-39.893847803785214,-1.7281664454929677,33.77992456616836,0.7139514641323433,-0.47567954298652576,5.406925735384312,184.97166229898676,13.550565504007038,-23.84422193227811,206.82420154736636,-2.6152206686239174,1.8171504955535978,-4.482320861185753,8.269526103672883,-7.666991510853603,30.56188839078243,-1.067237262471732,-2.4763013595297596,-0.5748509494742635,-2.3001296400942386,0.2064425895026607,2.5209653524752156,-0.635197226125919
8.9617437822087,25.37456693522065,0.7218274358723717,-0.5756473005549457,15.404772579978951,-2.509060250958336,4.340738259220123,-0.19209786352623257,-0.045336898118012156,-0.1434846427966523,7.325899961705645,0.5339965145167855,-0.6388186509904618,-0.11117828839605175,2.5697681270422006,0.08267186361031463,8.315486351475078,0.26029788724025427,3.1190903149438514,8.228250011038968,0.37386265135127894,2.6441499570232945,-1.3918067695083183,62.32013001372496,0.0,20.87730105662588,37.947034744438525,-1.081814837154849,-2133.906060571804,19.377289493128565,-0.03452038255819993,-1.1925587898639298,18.963559675119686,0.7932969051268702,-0.8053870284477604,-0.00036732652813978816,0.03338328467246388,0.02533023778616404,3.82718457063687,-0.9001814479430302,-0.8246547038904789,-22.104979166080238,-0.397986188921296,-0.9732461796927179,88.46013282204905,0.5860563286641214,-3.040434771274248,0.1452654497094239,-0.12297432144379392,-0.829611464538718,678.7229657196972,10.333659896788156,-10.36791405768257,-16.279175448688623,-3.639775371002076,-2.3250916880338464,22.594257404819913,525.5497271164404,-0.9359094129133961,5.248117628348031,-0.31750066057247717,-0.39622990578585704,-0.00028140848413219194,0.0,61.74943148707679,0.00018533472208532575,-0.7781733524804574,-1.3124604696039353,-7.258417948124352,-17.364804074525306,3.77954805187827,-1.721524194031605,-244.68530005541498,-0.4329768213844767,-0.7997216703997977,3.2707745160756296,-45.533648123796524,-2.181485762022274,32.93508063721674,0.7585454421183014,-0.25263820846318563,-5.069796118831401,183.9612743433729,13.363683292338141,-21.627881151625193,205.85819622514674,-1.3765167885862168,1.8230687124038392,-4.408542810075501,8.089397946008168,-7.091890227824484,29.986221259668717,-1.1686596005669128,-2.641682767876767,-0.44135249447090996,-2.1434687582037815,0.11458764222500684,2.232150997732881,-2.8794468838809393
0.12251588652271297,1.3609919003902635,1.4116522257140274,-0.41839983755379473,-0.08813792988945097,-0.3113280101045305,4.446695063108143,-0.1831282222282316,-0.05256277949662895,-0.1501069350123445,1.1402787819449358,-0.0645184299112645,-0.7822572100014615,0.04235001154979521,2.494294987564153,-0.24537525252192127,10.190886609739946,0.18958888210973635,1.6271215253123044,8.723152143328788,0.32340654675515673,2.6687897900604005,0.11820709017365486,62.49636423267257,0.0,20.839577042209196,38.31061961258271,-1.1021666353401962,-2101.2214145902326,21.117514405840577,-0.0430499312106556,-1.3026321586549192,20.63908251124674,0.7773716050595443,1.7722886766368497,0.0001505807270130436,0.058891859384239166,0.024666499946738092,4.165191826015598,-0.5940416921754837,-0.8297583356436521,-22.198075610448843,-0.42943213077634007,-0.9916342873373672,88.55124942938542,0.5898971224992428,-2.974526748163979,0.15635151951891954,-0.09731391197701397,-0.7887474479395998,685.0208753970558,11.106238056745719,-10.338620317602242,-16.868423639085297,-3.264594158784446,-2.197176223615544,23.214268677092765,526.1778614535904,-0.08945692622857367,-1.8359218342364962,-0.3813526777459421,-1.5655131829180562,-0.0002748437767316993,0.0,66.56408382097871,0.0004406465825289678,-0.7722641584285759,-1.449699306397284,-11.631287742567293,-17.966445721986332,3.5644384559467097,-1.8457201719490108,-245.9281753644498,-0.2477529704020016,-0.6378387183550119,3.3727864016009717,-38.694447615304355,-2.7007568535819453,33.16357621723762,0.6470081228445163,-0.2573823656876428,-5.230252634809925,183.94162757412616,13.706314162553467,-24.768071390652338,205.85179893348294,-2.676408269215434,1.8297535387201085,-4.599449000385558,8.396406914433506,-7.475261945692811,29.360705426055247,7.645339510952176,-2.439676590763211,-0.34562240066875005,-1.4524038565003112,0.049226754909546526,2.0573081554443307,-2.73144951079219
-1.9301345581250842,1.2909966810864277,1.1606889004922496,-0.6380642159579919,15.242784903316402,-0.3380169398678983,4.368835660362863,-0.17747455548734542,-0.04349193056637016,-0.134805083814391,7.448584076729306,-0.02888390949993717,-0.7658288755577,-0.05067025426157143,2.4847652182518365,-0.28839405577293054,8.424388710238954,0.25855753511386464,1.5558289651706443,8.452519220140612,0.3370909211037841,2.639728842633158,-1.3519531997762708,62.60033183746978,0.0,20.841577090182945,38.206662251677464,-1.0793701929790653,-2130.804978924777,19.632175741110313,0.017226511192242354,-1.3120383707643317,20.799338799647085,0.7905951668074409,3.6377165359862094,-0.00036732652813978816,0.05947006358470105,0.015825282051034176,4.3318692459569155,-0.5476322181993318,-0.8377617894727009,-22.18816921231294,-0.4152322186699915,-0.9697718839190133,88.4085566498497,0.5903812891918728,-2.9993433038674757,0.09228970598186778,-0.09443336310024719,-1.337075585739941,684.8363412906486,11.105963434121563,-10.312645411648399,-13.641223971859983,-3.0487562846955103,-2.272573144430435,23.809486205612632,526.1890612037092,-1.112983244310872,-1.9594118825050706,-0.48456615630405087,-0.4814988170816487,-4.4919657734311516e-05,0.0,66.76796940282775,-0.0005027160534874068,-0.7735619881980528,-1.4329334847674522,-5.350817501601186,-17.53017619450501,3.780868136500357,-1.7247891836488076,-244.58552586284085,-0.7029794944271003,-0.7174505327442043,5.233701187967378,-38.005295711355636,-2.6221558924122648,33.19165862772888,0.7159394119159506,-0.2718647268099048,1.3463332870296598,183.98241114455357,13.544596167431797,-21.924063433558498,205.85886056442317,-1.4375402641724024,1.8414102061690019,-4.503728987088461,6.90042791258734,-8.27669676559796,30.011073002629036,-1.1645082444097072,-2.5828866616443493,-0.610822875550339,-2.4876961596846137,0.1108176222759311,2.308794537450845,-2.216057549196735
0.10128578729113495,9.401308725037747,1.1787353444991995,-0.47006116416259774,-0.07139952219933222,-0.33052038997224353,0.10650021269181716,-0.12934505400025098,-0.04909258864979796,-0.1283232147472161,1.3818109642406549,0.35355097882280817,-0.7372160947502105,-0.04322840130311532,0.6439799738209423,-0.2659300261291556,10.154759679697818,0.12724763163512798,3.417368189716383,8.40730962732377,0.3449698311073328,2.6528068159449343,-1.864661896176581,62.97257181377151,0.0,20.768269079216243,37.83144514103167,-1.1319581479321597,-2111.762064760896,21.48741237701223,0.006054315254749083,-1.1092408713756348,20.537888682251044,0.7652479302416377,3.5699287180525823,-0.00036732652813978816,0.054448457092577826,0.026467670787874816,4.18690238316705,-0.7548552004522362,1.940137102057839,-22.191195251264084,-0.39908738478285055,-0.9133178824423804,88.62151659047069,0.09067690108083733,-2.971064766370828,-2.1994047516219446,-0.08464413346690003,-1.055232262845304,684.7616330369646,10.689235702608432,-10.005555689632033,-12.158162246289718,-3.1032622289094305,-2.3080697898252422,19.587741906141826,525.3148951238522,-0.39583187202514775,-1.8614091158996742,-0.310651546896882,-0.35352736480230196,-0.00028140848413219194,0.0,67.73348664946784,-0.00024379048453987233,-0.7740436679035371,-1.4427641224676626,-8.453891155366799,-17.404601634693968,3.70297550065761,-1.698021066979784,-243.9385113551074,-0.3526367162907685,-0.7271210757850205,4.835499251716679,-45.25167544454197,-1.7032311624317735,33.18143663235854,0.7396988903028604,-0.4825029607990163,0.5345961483348052,185.05393933882777,13.372840372651835,-21.88314050047024,205.96433407368892,-2.3996450755327072,1.773578977416214,-4.023231930841662,7.24406458668069,-6.794845834616182,30.601018230500333,-1.2859847410312542,-2.3536562865098314,-0.6271841927790484,-2.272340470412111,0.0659318813482842,2.261606312978098,-0.7745671490051532
-1.9230527468554635,1.2458512094423342,1.1288523687718632,-0.6427960801911667,-0.10836995813799319,-2.470531381658311,4.385069171798644,-0.24457068366829288,-0.025223896550461533,-0.1408384627849012,7.464021233158473,-0.020917804258498717,-0.7039187584126724,0.014831903073077647,1.9775283617903368,-0.23893798913646952,8.384066543212699,0.1915565545670543,1.5551160393835122,8.440225854798157,0.34697434706378166,2.5365979036583552,-1.3480200808324496,63.169521269858066,0.0,20.85957813481945,38.277297240858196,16.048648931732657,-2119.9206619177853,19.551799901221536,0.0035594926404993008,-1.4276377729399596,21.153936179164624,0.7920715782576945,3.541328292377886,0.0001505807270130436,0.033463034165943734,0.015352524339246222,3.357453862276025,-0.8340323943073447,1.9134344818727336,-22.20373900760966,-0.4184229175744404,-0.9821234379197372,88.39303900653994,0.5740821283685666,-3.039831909979579,3.089745373454321e-05,-0.118550939983461,-1.2845261751634132,678.303841706567,11.11029575272553,-10.25808079171671,-12.724361200386543,-3.319961590539259,-2.2580666405276886,17.652514125382535,526.2125711397539,-0.5110730740297637,-1.9905311615824073,-0.3323815135880723,-0.8829196731079632,-4.28682738952621e-05,0.0,66.4505354111479,-0.003935401931433277,-0.7734898485152567,-1.436138821698506,-6.867471711879413,-16.638882921983008,3.667707245417548,-1.728457003755305,-243.832358770973,-0.995693664637249,-0.7138599749143424,4.721266640704468,-38.482086093699614,-2.603997235500254,32.957487533581286,0.511082573101083,-0.27207986168782283,0.5435507445650128,184.62219216128818,13.411414419056765,-21.766383771800157,205.89492929682925,-1.8215125751163368,1.8572378729386618,-4.504146203803803,6.987044511354141,-7.943360680954785,30.550148011583126,-0.2361239015857093,-2.689497468180884,-0.4445201497410717,-1.8314366163310865,0.09513319753099542,2.2308172946791225,-2.153449582673498
0.27724339521269786,1.2920160654862018,1.2578101828160655,-0.42709246054439876,14.663720093161752,-0.4395571522099704,8.591798811994579,0.03781490426797601,0.08099404533689852,-0.1893758128528523,8.265189514290599,-1.6162400786481805,-1.0683410337550188,-0.03830563672586619,4.4876592158684385,0.09648065174055369,8.501160604802331,-0.03201144849877306,1.6068337232670327,7.845965669719101,0.12940366415213259,5.015234004779667,-0.17695899279976954,53.548634838289374,0.0,19.15961494486915,38.14013787167719,-1.1596518212356126,-1863.040086903551,20.015515486961366,-0.008998797626917016,-0.952689802580073,20.73867117861024,0.6703998907815398,3.57155340366923,-0.0049024293254006516,0.05105417302105366,0.041440139835607605,3.8000892409054208,1.344887035492242,1.9992183864188058,-22.40718308828162,-0.29397074979383375,-1.0137305728486037,51.25145262856835,0.45940937445515684,-3.1112489204041265,-0.030132565275609948,-0.11770371122244395,-1.069605381697869,683.9058360564908,11.037738090742243,-9.433305979515309,-16.12675872440739,-3.3128180822305127,-1.8752751663170957,17.398768019841786,453.7878916434419,-0.4885310787241875,-1.950875679327496,-0.43611141847342694,-1.330172006516866,-0.004065185865338296,0.0,-133.67663048147003,0.022488386899101775,-0.7890141710212983,-0.9322787549717189,-5.869069471611585,-9.59005968022887,3.680012919544299,-1.8269721489471324,-59.84655236849339,-0.5238656917322114,-0.6432426164627356,4.041681742336623,-40.156569564540185,-12.534187812618116,32.99513041671803,1.235098769588399,-0.2069667641910044,1.8762213910972843,102.553849970202,14.731121332248982,-29.287408531643333,198.76069949345302,-2.641184042038203,2.164094355524871,-18.92173187585307,8.194115087526955,-23.336831026560322,20.691478382001847,-0.9993058904358643,-11.875864845739908,2.5169110541828568,-0.5494262484836022,3.641476779028987,2.0935494800079955,-0.6675284101644442
-1.8996935099723598,0.8131094925656233,0.866342316846484,-0.24741436243204004,15.196453024598783,1.7751655014737229,2.6174917103043556,-0.12408158424184387,-0.046208516359437374,-0.09705294175953762,7.483660001427017,0.037150203048967045,-0.7481978574219786,-0.07446167434794022,2.567300975757406,-0.38478263036591753,8.516354732574836,0.23201066985930743,1.5429917500039743,8.159319405102705,0.3275463339968558,2.731469028219789,-0.06517289999570446,62.98690812514572,0.0,20.733832213285968,38.001315852278836,-1.0168063017054572,-2130.1392251217635,19.722504246792795,0.0636217719625759,-1.253084294773624,20.59153376514037,0.7561596271324607,3.6108050089540904,0.0001505807270130436,0.055123959091267605,0.015184505493486117,4.281406617901178,-0.6903954572451593,-0.42984257955696314,-22.15562505038948,-0.4069591109773236,-0.911314093680182,89.41569701007187,0.5885849982394832,-2.9983704677182894,0.1370208993180376,-0.09982904997351622,-1.29905312675213,684.7944670522792,10.98020287989856,-10.480974115131167,-16.9916760124017,-3.6732381243748624,-2.3645315645270584,24.380951276162065,526.1347948735105,-0.8534961478919512,1.7036366452523648,-0.38495101925705655,-1.2719173377764,-0.0002718730199230803,0.0,68.96437244451059,-0.0006765006458314406,-0.7745091135247477,-1.4240383165650017,-5.706567074402912,-17.480879332958082,3.479671676726517,-1.6874099089568269,-244.90105854922476,-0.2939203764887003,-0.6516250350313447,3.348677913995483,-39.19055442703924,-1.2941291009996112,33.12225112421739,0.6674593921807009,-0.27214046547483844,0.5178337348768878,183.98566718782212,13.676631695440502,-24.96299069065926,205.6473601711937,-2.6983883634963792,1.8626272051568193,-4.3492148530964165,8.913491875851829,-7.320832196223847,29.84013006701447,-0.7709377076862192,-2.6059554654334915,-0.4902170972440505,-1.1352649193901017,0.06363394826382243,2.2920646684796524,-0.640180536926633
-1.8872874399987916,25.89369002147929,-0.1413403973581417,-0.6381602768967267,-0.09385353305893239,-0.31683357401008194,2.6517965357952997,-0.3458785957892728,0.024584034449428138,-0.14028615935424182,1.170418700075837,-0.026694112133738884,-0.6056144939230472,-0.03992115204003845,2.6095643643139894,-0.23630427572908136,10.193365941291091,0.5711193097174423,3.1016868238717485,8.443036805958805,0.36726695496749223,3.1719911477028617,-0.19298344824256156,62.49245156416743,0.0,20.665730632310147,37.915725523318976,-1.08926208475117,-2110.000719067045,21.595735744072627,-0.037805264608589115,-0.9893901523596511,19.298644929843743,0.744873493732273,-0.25479750756934366,-0.00036732652813978816,0.05557550149597758,0.02515876471838249,4.094855397945279,-0.7001645781159154,-1.0047578366317151,-22.110022461231125,-0.5369502993901702,-0.9179297246504234,88.55003866574435,0.5907869712280505,-2.8698077853681467,0.15563457595026003,-0.10304616762953761,-0.8579410901735113,680.4419684875336,10.508757962305989,-10.249697007810068,-16.502721761757552,-3.323987184723495,-2.280746495675293,22.489718513901273,527.2687275303648,-0.07809557816873756,-1.9783781516098224,-0.35246804553081856,1.7670745230746627,-0.00027459914593237983,0.0,66.80170153066294,-0.00012845235207083677,-0.776832247936605,-1.4350132021535542,-11.861496446271063,-17.80475955873749,3.506876953178021,-1.6764410964810452,-243.95132203816954,-0.3913185835135818,-0.8593342782516432,3.3642015508031324,-46.738806065648305,-1.717188845613452,32.65551290658554,0.7520535975549557,-0.4612908190012172,-5.192744811574874,184.692982724941,13.173949863317388,-26.51183463467113,205.8646511214682,-2.6949781680181903,1.8286077770497828,-4.371141801853999,7.995190816663376,-7.190301117471405,30.509329287945913,5.304252648230782,-2.568416627588709,-0.48209593822247065,-0.32988517711011905,0.09945651167785367,2.1551234664300667,-2.8939947531885823
8.387434983235053,25.738317588928673,1.3393528660556713,-0.331057698252736,-0.08901142240031731,-0.3135491172872774,4.428747668838993,-0.3278515755935921,0.05180428279937316,-0.1445813392806629,7.720705555451936,-0.09302692220633392,-0.7150982771793817,-0.052526632223868934,2.4708585844081705,-0.2812636032759156,8.514151277878119,0.23188741844576768,3.120340315454436,8.451655691924845,0.3802350732712506,2.6331551340061377,-0.1549567006707144,62.422755406667974,0.0,20.955522208221087,37.24575334008229,-1.0073427836752311,-2129.4260421985987,19.68384892848068,0.007885487376599935,-1.2823752397452197,18.974867371636165,0.792792777850119,0.9371899303504496,-0.00036732652813978816,0.05931352354935735,0.018788578608096514,4.032336286386956,-0.6615320977761638,1.4895476067112436,-22.15311557002949,-0.38117312097009937,-0.9714925798508086,88.43206102220921,0.584414597979366,-2.9956151072678283,-0.009213296507988085,-0.07224720438652077,-1.238311329036965,679.55773901333,10.535231951603688,-10.252174806122193,-13.177251652199757,-3.5403813899685934,-2.215447358452392,19.943177757922975,525.6847097774381,-0.44582207692446424,-1.7855663812120721,-0.36481593172677323,2.1377972470200537,-0.00028345986797124133,0.0,66.87585719342161,-0.0008244484521679452,-0.7728423591890067,-1.3190503322214615,-8.212204442892617,-17.476268331873925,3.7996436552685213,-2.827918066789548,-244.01905792558088,-0.403859553898531,-0.9005389841249246,3.3395709584533173,-45.45492677638805,-2.075314828138452,32.84847409375137,0.5502448136287326,-0.426898873743071,0.4443520460005233,184.6131309129855,12.77079828539519,-24.622543462014168,205.82486040926432,-3.32888281962753,1.7977470069427106,-4.432085806067257,7.990401672582939,-7.728832843809893,30.630967963933145,-1.1728867212065273,-2.663859070054603,-0.6066168507305856,-2.2720310529440857,0.08274479334423145,2.3891596739104815,-0.7703798675186063
6.408376748714473,1.3036433331017652,0.9167115599398813,24.84125705978084,-0.3271840789347122,-0.3803523181546676,2.3917603768595495,-0.24686964687473312,-0.03389331296687931,1.9098266864822375,1.1229981004444052,-0.08264126410560695,-0.6590035504014736,-0.07571877332984382,2.661035790486101,-0.3905792604894859,10.19154572916348,-1.18414713582642,1.461953180871994,8.456469359991322,0.388847309030309,2.6506498693965796,-0.21417756453243064,62.70782888937681,0.0,21.18622660224282,35.461693740136674,-1.053587578742989,-2125.394559732826,16.740667762406435,0.017144931356644546,-1.1346284108978184,20.510373436132078,0.6525793926172445,2.7840336357143918,0.00017835026336651108,0.023930451155778774,0.019072873061603705,3.659248562440619,-0.6997128751937687,1.2307804034759857,-22.21064435796589,-0.4275564765072487,-0.936270998587482,88.39513744544375,0.5875433998883677,-2.9948586005269937,-0.022454706775157797,-0.14616102118184507,-1.1407393995401858,682.1618294258195,11.00729387176624,-9.67028039700711,-13.068461469476432,-3.180418196731436,-2.423043716140462,17.101911926498435,525.416963069164,-0.4270377507208786,-1.8239439792349863,-1.7021605688890702,1.0860284587606786,-0.0002748437767316993,0.0,-20.94906670681691,-0.05923463511760768,-0.7772272144376678,-1.3243871971670689,-8.54498192824115,-6.563256548582618,3.683528340230618,-1.6504527475197128,-66.43825847848426,-0.002761255204389537,-0.8590717302643348,3.5275041499948907,-40.00277299671287,-1.684690245010659,32.89594364334142,1.0422177451341903,-0.25165415568490535,0.6937044223814042,102.39058114524364,13.217740569868177,-24.828453495844588,205.91051675753513,-2.6906972308042425,1.824554473053778,-4.415378192592089,8.490097317805459,-12.368151586500892,18.35537304672171,-1.157444203197988,-2.6074262255036933,-0.598339181364202,-2.593048379803654,-0.000282463549091898,3.4594915009811933,-2.261264913987446
8.320229392422128,25.223801166231727,0.053245135788658415,-0.5096726253883741,-0.37397896966621474,-2.565934951317955,4.2686777754125735,-0.19430153467047306,-0.02977860578877492,-0.146536636182232,7.516343539819288,-0.07442207004587807,-0.6429492439276552,-0.016105949248339083,2.433580047094658,-0.25183927940588274,8.339726607613908,0.20311766235826573,3.2121974667662903,8.433534108211404,0.35004505860193824,2.6140022650820223,2.3432342434664895,61.27655587247607,0.0,20.88817691150541,37.10448588505554,-1.0800300970352417,-2117.6864237904138,19.717106174443384,-0.05034806851113824,-1.303193904192864,18.994578693644694,0.7917910127628981,-0.7992185082453889,0.0001505807270130436,0.03376975947954336,0.022650281577826527,3.84089396968921,-0.7677392458304035,-1.4617343343385574,-19.171429317481262,-0.40747204275495313,-0.9989064910564147,88.43798012839108,0.2266223638995877,-2.980418186315963,-0.3664194193028761,-0.122922936573649,-0.8642134179435076,679.3619570902277,10.471849066096746,-10.377590083018903,-13.297961947397605,-3.2947704588230766,-2.229262483593336,23.3161405262829,526.073274003298,-0.5135150678744732,-1.8208988006389082,-0.3267731710497031,-0.7210274125091829,-0.00043598817056683995,0.0,66.92978751922732,-0.0023062211244769793,-0.7788522493369602,-1.3130095638014978,-10.180308504042221,-17.373382443463765,3.6139796291537465,-1.7308588628803823,-243.4371459889215,-0.42690559416565277,-0.7909919708525286,3.306118233544585,-44.86544390265134,-2.662186950938274,32.94203323759348,0.7345063052389201,-0.25799761678460353,-4.909386910431468,184.72287060432706,13.318017052099027,-24.95917856625801,205.85821800618052,-2.5869908072392995,1.7446007106603114,-4.625544614282497,7.2746090649357855,-7.058994844002546,30.60968107738237,-1.0044297371908546,-2.6415309458619354,-0.23396775533792669,-2.076156016438172,0.10024453869478683,2.073809526860185,-2.897331057228776
-1.4295671245211135,25.550462515536392,0.7911230862705335,-0.5221176391632074,-0.21618884527708582,1.7403842679601085,8.58858183308221,-0.34085323879038476,0.10411067025965298,-0.15469882349495262,8.308208581412726,-0.7966855092255343,-0.48444759105372026,-0.04129655335436032,4.724072552847518,-0.6683384122331614,8.407322353731043,0.5196123636796698,3.020005151545358,7.3162124429283635,0.3543730266579402,4.936567211549374,2.4049782799060915,53.1190074388914,0.0,19.054360104932595,36.20808493209832,-1.0517239394604125,-1847.2258467645797,19.204620503709318,-0.01783073429066933,-1.111733004793212,19.36090900718021,0.634312935135487,-0.1484602603422821,0.0015436453751000345,0.04906362832213707,0.045837043609250123,4.174933863593169,1.1611605997196208,-0.8512132333580754,-19.45624019179653,-0.48425838695961376,-1.0276732092528134,51.275438927005794,0.5296798091576144,-3.0071352517290193,0.13308664602110531,-0.12520848535720094,-0.7878443233687396,680.2978511777109,10.369401289080482,-10.14800994177822,-14.323324119991124,-2.994734217470708,-0.8320378471750525,18.94854631160777,454.739786388392,-2.079229495082199,-1.7084910994883433,-0.44417484344130626,2.416342723084249,-0.000300111001597687,0.0,-146.50607794262498,0.025668203212700347,-0.8899164228490436,-1.4047709825559846,-11.310283160696658,-17.58613718640806,3.848357193307685,-2.998471422759069,-59.44337784788851,-0.4525178313546035,-0.8992509847302649,3.449340354221771,-50.31109143053628,-12.036361150268004,32.90730035674121,1.0498226024028596,-0.26835567827789825,-5.100056025625498,102.78210965483002,13.689496297986404,-27.465490067110828,205.69801768339363,-2.705215778882761,1.7486639850314447,-15.251041135072994,6.327410648389078,-16.925472270593417,24.918224935150338,-1.3820125720124532,-3.935222522568693,0.6759597198343148,-2.3833388137033475,0.18442561375449518,3.128236175775197,-1.1343296420576405
-1.833238277442064,25.9713393847725,1.205522603652481,-0.48345344145243124,-0.1627932225288768,-0.30202071056533664,2.614955955218252,-0.1333499301550954,-0.03944236826183936,-0.12572031673088524,2.0809298170551567,-0.026363993330218428,-0.5831319271768393,0.01573833287155578,3.469042239139346,-0.3078382292838164,9.898171253052459,0.5812647974060906,3.1414536085085483,8.390030039332775,0.35722917804478027,2.9834908871714596,2.4197131251308828,59.5280529087233,0.0,22.528722732649108,36.820573714854945,-1.106389024692732,-2017.5886423262018,21.116771788983243,-0.039330689907839854,-1.1782998532877111,19.332681175444083,0.7453107497973035,-0.18170679817492202,-0.00036732652813978816,0.05687333855151652,0.04679812191598527,4.315462878483149,1.2051384472970517,-0.8557275773846474,-21.947636615311044,-0.4258042214708388,-0.9129883959118654,51.386475822463666,0.5921831584087637,-3.0625079915045696,0.09353364136694164,-0.09760055794937839,-0.8895847062511206,680.3342350770439,10.454508958034493,-10.283377613240503,-16.93533188073799,-3.1263337417703925,-2.806379045447442,20.064337573092843,526.4449159040945,-0.15911125823091132,-2.07470591037449,-0.4256285662450216,0.47092059348788085,-0.0002748437767316993,0.0,23.397481658751754,-0.0005204587426603906,-0.7728949739476385,-1.4665100779759328,-11.12645704006801,-17.91342483938751,3.5865955435389187,-1.658793540256083,-244.93138267680544,-0.35000374553750857,-0.6222031690422561,3.324942087591912,-46.612964899207064,-1.615014415804403,32.92401177559006,0.6447015972549581,-0.2733709820732592,-4.903911956932974,183.6242574828852,13.388731041260439,-25.81550154467459,206.0164806306175,-2.6580439431663376,1.7013015875693482,-14.501866849161113,7.177262257277929,-7.148931324344626,28.646229410032696,8.476174808482195,-3.8062546399058683,0.65550282836999,-1.7996485828429865,0.13822264556265682,2.0788271089822294,-2.8221451614908695
-1.3918254288270906,25.87469107417018,1.1374600004965527,-0.6066459650961804,-0.040211206682031826,-0.34695442616582034,4.744225791917732,-0.20727853413040218,-0.04187715270877235,-0.13497655870523267,7.720166227458742,-0.04847048567852384,-0.6899499860762771,0.01392895883137186,2.6135441573646387,-0.22294964698770758,8.466682203548755,0.5496816362665592,3.064200626346969,8.664776282713394,0.36449858218403675,2.5667877582562117,-0.06636213105342907,62.80221228786345,0.0,20.789536900885505,38.144771991626236,-1.0202550891865523,-2121.8833054863976,19.76244792692938,0.000922543310989918,-1.208668524407134,19.501723962461842,0.7581130813125148,1.651954171144324,0.0001505807270130436,0.058465275501201404,0.01944725434921952,3.805835712245353,-0.7971130421085615,-0.9037554433616786,-22.150646041842524,-0.4190956627012532,-0.9497034065400969,88.42904965185865,0.5862791970396758,-2.8558036128637907,0.18517400657541064,-0.0963985966743071,-1.2297361522461463,680.5813086785262,10.34278979753643,-10.290025727140799,-13.76488526624098,-3.2654002801278756,-2.2385795220574782,23.052474798175925,525.3737675145616,-1.6439357751296535,-1.82767188769085,-0.32950936000081044,0.9574734843311064,-0.00027459914593237983,0.0,65.06839147313934,-0.0019352142884345083,-0.8714602449461604,-1.4449665628607335,-9.02799217166557,-17.477348145822877,3.5984595972611175,-1.6895664213677521,-244.4591905319897,-0.33720356589659184,-0.6906724302003081,3.8976991802013528,-45.257854161959344,-2.682791065484041,33.206532000887286,0.48889118717131014,-0.4856427589305049,1.3594287488006138,184.94699959698778,13.0778167255949,-23.701905150711553,205.84328233573157,-3.2253448346590154,1.7430832164186008,-5.151145768757513,7.4713689507781424,-8.140807857815108,30.56263365604073,-0.8837326491870274,-2.649166325539993,-0.26454179562310953,-1.678012253424483,0.12216283912607405,2.212036442511655,-0.6582472447575588
0.12044457431402823,0.8098745046102309,1.225003504247868,-0.5873490576542846,-0.3237540008569959,1.6572158784384872,4.573197971910901,-0.1815094562009082,-0.0792138559289952,-0.14866133959913663,7.666674401908828,-0.042775655710609595,-0.7840644668200015,-0.022277447807143334,2.470749169119677,-0.36431112748311745,8.51295072278171,0.2299927350496519,1.6313910191496166,8.745502197718814,0.3386694648426542,3.086298218010047,-0.08031967414840821,62.849954206880625,0.0,20.910792416334225,38.305352962154664,-1.0376788579062828,-2114.4892988603438,19.581570351906954,0.05533857894540769,-1.4007810752094327,20.82654740845191,0.7765181850757874,3.5745734523941985,-0.00036732652813978816,0.05928034824248544,0.014993886291816054,4.255680662202571,-0.6325978853643385,-0.7831201147292148,-22.17164079608111,-0.36869516870418506,-0.9660772714304776,88.48832211154229,0.5904883236127174,-2.9077991516959365,0.1476489138684113,-0.07952139495600827,-1.2475595002538986,684.7969829771412,11.10843952148347,-10.42717530409398,-17.767994299172074,-3.1263926415846988,-2.2517650775688525,23.21403444374586,524.4517096594109,0.057191302158532506,-1.9474644678442048,-0.40204403840563147,0.5173381087017956,-0.00030190670270563284,0.0,65.65377333448927,-0.0008625118095391169,-0.7736907126326104,-1.449704854794148,-8.118532333490457,-17.998827156000708,3.6146870743395882,-1.7188877243610514,-244.89503097992576,-0.13969826247762016,-0.6358453392441674,3.8837354437994254,-39.56079030012381,-2.6596756812646647,33.21144888361495,0.7553440670964353,-0.267935844603439,1.3759942193029517,184.82216451101863,13.739357727361508,-27.780833251799294,205.903561154193,-3.3229665843423852,1.821174058771828,-4.331656733161236,8.4558517632953,-8.684661281087047,30.23067733911439,5.655827761206782,-2.4666777786844354,-0.6174473491770895,-1.9043932799128422,0.3028817907318796,2.3609752063309153,-0.6265260103077684
0.1431375670632222,1.113013434346646,1.055923570839593,-0.6006547897523673,-0.07856662117467894,-0.2743705438396502,2.800369213776652,-0.12120564412760654,-0.11961292803835588,-0.15463917782741923,7.6533170340076015,-0.05222631556453333,-0.6245513272366375,-0.0438767039903927,2.7873853765819163,-0.2847988036615914,8.602189827208463,0.17312763538062764,1.6008578038634236,8.68310894151753,0.3579514523653113,3.1451182785939373,-0.14341197309832496,62.842841356382614,0.0,20.867609497747548,38.55550433097501,16.553612495216314,-2125.187268349458,19.865354110064235,0.03475591643702463,-1.4715831324071744,20.963174425818767,0.7881902597602398,3.5308868565207856,-0.00036732652813978816,0.05492455904447985,0.023734659989421453,3.468396849751279,-0.4965308396781687,-0.7791733977017639,-22.16005516390289,-0.42135122040662876,-0.9648126688186668,88.47508085986682,0.5905228458965173,-2.9495428659007503,0.16765597602408064,-0.1481414149142155,-1.2403710210897378,677.6427511115407,11.102617832341801,-10.273994414691797,-16.6539598252711,-2.407266710997569,-2.3008029889788215,18.0660761831856,524.3970083147735,-0.11772817563193726,-1.917733352183544,-0.5297109093479331,0.5369970298339866,-0.00028140848413219194,0.0,67.33477949786683,-0.0002608288309195049,-0.7782440945975265,-1.4372846152534833,-8.332438558247329,-16.571297196151836,3.5647116509859833,-1.8162931769121513,-243.78033921319366,-0.23481613401266596,-0.6870241467222534,3.495854597536724,-37.60710000449069,-1.6612983803060175,32.933522874504916,0.7611185943428161,-0.27823359531147435,2.1168460826893747,184.80068725014917,14.077192983129796,-29.112032597343134,205.8880025462402,-3.2193520989349556,1.9158080853033324,-4.370969481434559,8.511897101321727,-7.755177254402571,30.18955137677182,4.20610503062527,-2.3448166574115707,-0.5854719256698682,-0.3326376585031163,0.11994656320665358,2.358422159189492,-0.7120642072845095
9.54443662872003,25.80888051236531,1.1680077938446323,-0.29459744301541185,-0.3677611671365572,1.6690925485452686,4.596835117644896,-0.3359175244238973,0.04769610820826875,-0.15139536290928635,7.562131032610037,-0.09382936526661323,-0.6940626979551148,-0.01962729354914501,2.445249945067974,-0.30367242506853254,8.5163226642123,0.2122273746346111,3.1188655606439437,8.429423165484003,0.37870048235489245,3.057120898765921,-0.15200281669895166,62.50598745412884,0.0,20.91509654200407,36.43734358610711,-1.0425787529574517,-2118.791802084922,19.308844079377504,-0.04705959603595409,-1.293456971444561,18.961177289526137,0.7798804848229215,-0.8215214133472346,-0.00036732652813978816,0.05847310055034,0.023736069351500556,4.023033695606053,-0.62055594145216,-0.7477847586334894,-22.131031081539902,-0.42345447344810694,-0.9678008080488325,88.52757086813703,0.5878468844557964,-3.042127647756721,0.15389621781378207,-0.08369441974711128,-0.8322017579049129,679.1304081904862,10.511727580280159,-10.376183307841204,-19.283750981732567,-3.689887435663309,-2.2730685817380287,22.028256176562202,525.069255104403,0.07181282433131396,0.6357052196717101,-1.6771196328977023,2.486385996008219,-0.0002828681360803664,0.0,66.8553329952933,-0.0007243190142433019,-0.7753924777693516,-1.3145891329282515,-11.217421059573482,-17.768258825398163,3.6623608963784178,-2.841126244234139,-244.437041589393,-0.1573534242508673,-0.8198327414669712,3.340330235572379,-47.67825630724752,-2.1286551649775864,32.805150116863246,0.566597820598344,-0.27353452498184727,-4.938874502638787,184.5394238129273,13.010191281282873,-27.689609358129413,205.75290102415173,-3.231924966812093,1.7883849160814587,-4.665741767856641,7.943784102602103,-7.290623984568643,30.293167701733577,5.708924300578177,-2.5196308729124945,-0.44221295485320344,-1.7935770205965205,0.08051552885684479,3.384835885793026,-1.109080959612485
0.3759966499224847,25.55866027948371,0.8251829300205791,-0.6808350952464637,-0.08357556415428534,5.003221363550178,1.8512164613328677,-0.132830570698521,-0.0448015461228736,-0.13982381322164603,1.0322584828683812,-0.05257607735298776,-0.6258726863837697,0.028414430278341802,2.698202349978357,-0.38648994084188415,10.125659073499063,0.5137733858021644,3.11787063267711,8.676990079895358,0.354496557972892,2.566562783558473,-1.8708196804780528,62.44483495047051,0.0,20.645315445080435,38.4002037801396,-1.144369134004041,-2110.639426659469,21.258691224591907,-0.04889042572939219,-1.2640055672447235,19.245491005675945,0.757179323917774,-0.14886791531139282,0.0001505807270130436,0.054863374846455856,0.027966624582209578,4.045885029849049,-0.7162007205544136,-1.299738824812359,-19.34182802823739,-0.5401575224256845,-0.9261664783468602,88.46344142034914,0.5890467756747124,-2.9786853620675013,0.14222206732997889,-0.1230124928385959,-0.7311187597616634,679.7602231499276,10.402807992957912,-10.342693341860587,-12.011183122238137,-3.017693487863513,-2.3139338444783726,23.03268446463785,525.3717415661606,-0.5989177415761204,-1.9605475483929315,-0.38189970557449326,-0.9473077930357919,-0.0004815364748131084,0.0,67.01686303920548,0.0003667420161038253,-0.7779771074930463,-1.4533759360431528,-11.544106006888942,-17.39028082125854,3.585361257222848,-1.699058787261224,-245.4606916210856,-0.3467179079819648,-0.8199672681888189,3.436046925886949,-46.82376734313466,-1.7083922400155525,33.206085479273085,0.7048587725959339,-0.4781150810358381,-4.971016533759415,184.85996598210107,13.413118238246476,-27.218242649842686,205.9440181751097,-2.4652500725921556,1.788237809017096,-4.485649949770027,7.58666415961367,-6.9204518349173005,30.33836802274629,-0.7508661478851665,-2.6429661655014507,-0.27225802567604407,-1.6683316164813824,0.06650253558982482,2.041428649679988,-1.0585066451672949
0.14953815883184352,25.066044685147563,-0.291215578954176,-0.6358434096055255,-0.09018448309464022,1.7811280099861717,4.6966376949464035,-0.20361866869141948,-0.02940956702999334,-0.12368109718670996,7.539733848675581,-0.07457410482270814,-0.7106287016860571,0.01484626786725307,2.578156178434846,-0.3250021585773511,8.338176469903232,0.583353035676244,3.0413421757909447,8.70466779897185,0.37557722896821244,2.5759925562669284,-1.3637310501982465,62.440223249547,0.0,20.772343858194002,38.42657029604902,-1.0935703418289706,-2123.1179760438567,19.689282835544976,-0.0453580475399063,-1.3547450967074786,18.486968295160835,0.7577061539989904,1.983075556763818,0.0001505807270130436,0.05923912213346106,0.018546964617204575,3.9608783319598295,-0.7863672074256329,-0.9431965104417286,-22.12231681061277,-0.40962641596386223,-1.027992750870024,88.45860165954264,0.5890207377720931,-2.82800646743932,0.1440469841954652,-0.12373701218967474,-0.7611227190785729,680.2796020703578,10.329119832547645,-10.302825668755027,-13.586686347943711,-3.0396166403784064,-2.2946004162470772,21.683195064731013,523.7705380343896,-1.7318903374544898,-1.8280055789513432,-0.37664559394273917,4.5011965068975375,-3.6058935695450056e-05,0.0,65.92552210650987,-0.00011183987543777834,-0.8704572149780602,-1.4304758211258002,-11.511197291593053,-17.510348515604406,3.619558631452634,-1.7169124590385216,-244.1446541599813,-0.2513711343974221,-0.77064469620693,4.73354339816735,-47.46960888835671,-2.5689316464418024,33.23505503234923,0.4712153913190069,-0.43097905224184513,-2.542675241173557,184.87251310401203,13.200238114575479,-20.54760393094151,205.92592577309904,-1.9686588452752296,1.780197390659053,-5.094409416942764,5.8789114915240654,-8.029035466450308,30.577408994961754,-0.7783618220006646,-2.678438173059204,-0.12254371234746553,-1.846411855466458,0.07472057305211646,2.319298895509483,4.3294205834728965
0.4322677366744248,25.69208198586621,1.062866326942859,-0.34205087805728823,-0.0726649519067352,4.768282960413879,4.354757241720531,-0.13674424004002567,-0.05328416542780698,-0.14299152732382833,7.56180053884967,-0.033946753637079344,-0.5681013229655569,-0.025867610451039122,2.4315964718407814,-0.36731431083302424,8.41773459174339,0.545339973626195,3.0528700612082913,8.681049869726136,0.33274454241661794,2.6038862689828686,-1.3571793265656649,62.23308806175283,0.0,20.751131592488083,37.994146605246456,-1.053170067293825,-2113.3735417457765,19.281857061618666,-0.04241111646913276,-1.4274458085766915,19.37396405032052,0.7903669630398586,-0.2653403971559821,0.0001505807270130436,0.058313234794889764,0.017227504085066694,4.223563815141683,-0.7333424355827673,1.5276453657391682,-22.128512142274015,-0.5042547509911541,-0.9983551631544354,88.43146412994656,0.5841579793911508,-3.009495699916601,-0.03784414404773512,-0.09580701873171438,-0.7271027223437179,680.1402491315205,10.548063524245645,-10.249831831377923,-13.869052952594203,-3.2486014894736877,-2.2264657805757713,19.937312652045073,523.6453647590922,-1.6626063869253425,-1.9110486119233627,-0.2900779594014039,-1.2774965199434039,-0.00028140848413219194,0.0,66.96100997724946,0.03917420920994655,-0.8692669984064133,-1.436005397241019,-11.260143960993116,-17.366382402752937,3.64330875016725,-1.7042973528530723,-244.35160016403321,-0.36949410527620863,-0.7486237169273208,3.312662564918261,-47.13744199861621,-2.580126156705844,32.86388817827743,0.5822030435053988,-0.2739232173641982,-4.809786630757252,184.86865891989362,13.117187186021365,-20.989588434807825,205.8655259155891,-2.4574012784137556,1.8169225450280653,-4.544078506181154,6.952537336591932,-7.340382330122389,30.396350791997502,-0.8209461527808164,-2.7146072696148114,-0.3811717139031441,-0.38899104970580867,0.08301079961516361,2.097121052085255,-2.4731566703785877
8.390016544030306,25.335046811488056,0.0705485440550314,-0.44140354587083996,-0.11189071883072982,-0.3657486246424996,4.087458987358099,-0.19363284336479475,-0.043779369674382895,-0.13950063412864716,7.733398525742459,-0.033246784493668365,-0.6210706666782309,0.01736283666144872,2.581724372508203,-0.25285138396629625,8.550838438729606,0.20453746929056374,3.1238552569536164,8.415011393784729,0.3582764286978327,2.5340278457925285,-0.15297439629289902,62.58006567121887,0.0,20.823881478591673,37.429935868641046,-1.0887023870866541,-2117.9832044188793,19.817542457456568,-0.03155935687087762,-1.2777307884305533,18.970817608807874,0.7578981080055319,-0.7825394040638214,0.0001505807270130436,0.05841447443404121,0.023833626389526887,4.035326972116201,-0.907653170223402,-1.2833420963602282,-19.371922062100552,-0.5253679457077024,-0.9248717659896035,88.42575531868073,0.5848608471168273,-3.0212223246358136,0.16310504839205678,-0.12454879809541111,-0.8234212321438193,679.1697585218881,10.239043780232077,-10.36263859539345,-13.632651262577328,-3.1336646219134288,-2.4666634174290505,23.04260089313807,525.2052400560045,-0.5139845294623447,-1.440818962419078,-1.6436012792610397,-0.7071916593406379,-0.00028345986797124133,0.0,66.413868636943,-0.0037059635240798946,-0.7749015587832541,-1.3030617494244745,-11.194886021393444,-17.624320286432333,3.653910596639248,-1.6788902195029152,-243.54632847738296,-0.12834162525506132,-0.7753955266809003,3.3737083512317922,-45.1229943458,-2.63699241818032,32.844775707234895,0.7236972225531063,-0.3111923291933788,-4.55677130972289,184.6190719172372,13.299337545186658,-26.997702935103746,205.81432131696758,-3.3242122516531487,1.7705219163906842,-4.47596664925885,7.970712379133549,-7.036585594339028,30.310890657545787,-0.5797772059195251,-2.6438980649473964,-0.2752421561876137,-1.5866928216321012,0.09250982820579015,3.221784473252421,-1.00246391559598
