cm_angle.dist_ctr2best.mean,cm_angle.dist_ctr2worst.mean,cm_angle.angle.mean,cm_angle.costs_runtime,cm_grad.mean,cm_grad.costs_runtime,disp.ratio_mean_02,disp.ratio_mean_05,disp.ratio_mean_10,disp.ratio_mean_25,disp.ratio_median_02,disp.ratio_median_05,disp.ratio_median_10,disp.ratio_median_25,disp.diff_mean_02,disp.diff_mean_05,disp.diff_mean_10,disp.diff_mean_25,disp.diff_median_02,disp.diff_median_05,disp.diff_median_10,disp.diff_median_25,disp.costs_runtime,ela_conv.conv_prob,ela_conv.lin_prob,ela_conv.lin_dev.orig,ela_conv.lin_dev.abs,ela_conv.costs_runtime,ela_curv.grad_norm.min,ela_curv.grad_norm.lq,ela_curv.grad_norm.mean,ela_curv.grad_norm.med,ela_curv.grad_norm.uq,ela_curv.grad_norm.max,ela_curv.grad_norm.sd,ela_curv.grad_scale.nas,ela_curv.hessian_cond.nas,ela_curv.costs_fun_evals,ela_curv.costs_runtime,ela_distr.skewness,ela_distr.kurtosis,ela_distr.number_of_peaks,ela_distr.costs_runtime,ela_level.mmce_lda_10,ela_level.mmce_qda_10,ela_level.mmce_mda_10,ela_level.lda_qda_10,ela_level.lda_mda_10,ela_level.qda_mda_10,ela_level.mmce_lda_25,ela_level.mmce_qda_25,ela_level.mmce_mda_25,ela_level.lda_qda_25,ela_level.lda_mda_25,ela_level.qda_mda_25,ela_level.mmce_lda_50,ela_level.mmce_qda_50,ela_level.mmce_mda_50,ela_level.lda_qda_50,ela_level.lda_mda_50,ela_level.qda_mda_50,ela_level.costs_runtime,ela_local.n_loc_opt.abs,ela_local.n_loc_opt.rel,ela_local.best2mean_contr.orig,ela_local.basin_sizes.avg_best,ela_local.basin_sizes.avg_non_best,ela_local.basin_sizes.avg_worst,ela_local.fun_evals.min,ela_local.fun_evals.lq,ela_local.fun_evals.mean,ela_local.fun_evals.median,ela_local.fun_evals.uq,ela_local.fun_evals.max,ela_local.fun_evals.sd,ela_local.costs_fun_evals,ela_local.costs_runtime,ela_meta.lin_simple.adj_r2,ela_meta.lin_simple.intercept,ela_meta.lin_simple.coef.min,ela_meta.lin_simple.coef.max,ela_meta.lin_simple.coef.max_by_min,ela_meta.lin_w_interact.adj_r2,ela_meta.quad_simple.adj_r2,ela_meta.quad_simple.cond,ela_meta.quad_w_interact.adj_r2,ela_meta.costs_runtime,ic.h.max,ic.eps.s,ic.eps.max,ic.eps.ratio,ic.m0,ic.costs_runtime,nbc.nn_nb.sd_ratio,nbc.nn_nb.mean_ratio,nbc.nn_nb.cor,nbc.dist_ratio.coeff_var,nbc.nb_fitness.cor,nbc.costs_runtime
4.688667966139794,-0.07779642232789183,0.2712325198051085,-0.0232422370805087,0.2892422850277654,-0.18610247735061497,0.10094853171326224,0.5203922681644723,0.010145151669086045,0.2716559357550413,0.09098661700732845,-0.0999649385161214,0.10686475256656404,-0.0433173023304613,0.2798257066720624,0.04651372901013755,0.04673330452983601,-0.14524549104126058,-0.15262426792837977,-0.035171629980096306,-0.016332240254626647,-0.044478936341957424,0.1547669779613967,-0.29122147718842223,3.752261045957538e-05,-2.6450946522836887,-2.254529724649294,-0.16494190597408523,-20.369208843039264,-1.8807927777959015,-1.6084857289698893,-6.628618535903695,-1.8463209592912735,-3.5786663826732963,-4.293582115990496,-0.0008598701373491653,-0.2501264030125168,-0.06192987062429421,0.024905964834343035,-0.05890404306646067,0.19488548449573664,0.03401769183575845,-0.9980640750933987,0.25595285454119127,-0.2764447849198593,0.05324176273432561,-0.40769518114213676,-0.17940497474176448,0.06055068289688946,0.03304208740248483,0.05276717060818764,0.8214808210915742,0.019571889610174305,0.30275635203299567,-0.4271455062657277,0.4256451136276729,2.909375731806498,0.03949256239027263,-0.009656036171048777,-0.23086014646360145,-0.2038608403057504,0.07716225451537559,-0.00017385607445236093,-4.277815268825608e-06,-3.6282465496170535,-0.023433603238635962,0.05210443770839505,0.09572821092968446,-2.6413389759640316,0.10359748848251896,0.22934097552348265,0.2360986873957956,0.2781407088307431,-0.7730467709462803,-0.5746322967470286,-0.017324225260707482,0.0638298880615868,-2.630198013866677,-7.637618081895506,0.17107657362419607,-0.18534780453155117,-0.685259026878249,-0.49435234362716546,1.775446225807649,-0.6624033217011733,2.6372734705147605,-0.04135759662248965,0.07635180156009509,-7.277844250044407,-3.421363638325597,-4.259070896800592,0.41004308440857107,0.9236591918738654,-0.09281846767630986,0.3153527655523801,0.8812530433164801,-0.06793403375720057,-0.30759560199177627,-0.15349203369045067
5.669048458072017,-0.07784492197475695,0.045111596153210004,-0.04672583672364293,0.3251254938402296,-0.18209181099059904,0.10716846553515681,0.4816557267729539,0.14133888079221624,-0.055791364486056226,0.08664252382252545,-0.11878972309042808,0.10061401291175412,-0.14366084315757516,0.36419515572808464,0.0015498278443076194,0.07040889730556911,-0.21411600334782283,-0.16174231488951518,0.003153454719105858,-0.036068248251322,-0.1376956174480099,0.08904580340274933,-0.45259047606799613,3.169222386778329e-05,-2.5909031921072083,-2.3232234634798696,0.15527744800599988,-20.164370447841435,-2.419214209328739,-1.5972193077739414,-6.394931802892379,-1.8077744823738988,-3.4623121286884038,-5.257171338330452,-0.0014310284480707407,-0.2723539700854542,-0.05190279028331081,0.0010227557921214502,-0.17674988295248434,0.20615369780992807,0.0009438204132942964,-0.966825411415242,0.25256543539452625,-0.29779281325356005,0.045670017577915424,-0.3923524694333433,-0.1994900042920205,-0.1726115328961897,0.022035674199848254,0.056780781354646474,0.7996370344183538,0.08977741678397534,0.042076724279091704,-0.34634570217218086,0.48848373312057963,2.897265599191935,-0.036664320077059845,0.03624758601921363,-0.28461120794907246,-0.19987025375682677,0.21649875997380724,-0.00022233485207501206,1.4701359132193954e-06,-4.171061077554084,-0.0272680909165972,0.023087137283918903,0.07966306759716442,-2.4123087652619217,0.11784418254089693,0.21471272663871163,0.19583006824897842,0.22282846416903673,-0.699560532825144,-0.7150318564206092,-0.01208791689641047,-0.09708795165913052,-1.8859189933982585,-7.076916450669282,0.1706104696568386,-0.19481141278977449,-0.7170160197572536,-0.46480826125740554,1.6776441821526673,-0.6585475900258073,2.663994693566036,-0.05175570808847065,0.140849809244844,-7.329007025889222,-3.4733445412550634,-4.5270124314832,0.33542018717905,0.8874126386560449,-0.11268020910456711,0.29512820914932847,0.7682872439489292,-0.06054486818849786,-0.3276164451600819,-0.10247456265348766
-4.2713224185816285,-0.03201521123311179,0.3187344174810669,-0.017030473990434735,0.27838985472642097,-0.1030732659823495,0.0779208995944687,0.28922096165513683,0.012474060756171362,0.27144659808555016,0.05331713681831002,-0.09741414034895918,0.08998784925328317,-0.07937101214500407,0.6231458220620424,0.03921010787780245,-0.004340336731743508,-0.16185377642904608,-0.2341914417730674,-0.014549821458795154,-0.010282608984176036,-0.0016103806902220447,0.14452229594725574,-0.5442352579504516,3.756208381127358e-05,-2.0131117631523527,-1.6627418737065143,-0.016547303443542993,-16.993281018576237,-2.092231283337472,-1.6284959990435124,-4.473579638353129,-1.8809775192241747,-3.2049330723618272,-3.348769020490447,-0.0014361054865313265,-0.2553643487649445,-0.05562283248264273,0.19173817776068441,-0.13651736329208897,0.12837720746828926,-0.5142518098216988,-1.1850365605494797,0.0496351404223416,-0.14079462573280882,0.014633838730350568,-0.43782697322575265,-0.21757004823885373,-0.17808394335292618,0.04392375274119291,0.00792305573929089,0.9520080549811033,0.2756423975886695,0.03982961337934563,-0.3392002388004444,0.40977036581037435,3.0244242669107724,-0.04008786536023381,0.04641990756616901,-0.07278231415636432,-0.14394242019869,0.22175149735354974,-0.0001293653753904487,-4.6130280291834915e-06,-3.822506216565132,-0.023731957854027708,0.0012349341817835115,0.17709739546224615,-2.678620074185043,0.10010790614034143,0.19383072023292333,0.2012612486300502,0.15299109816868398,-0.694007611008481,-0.4884021133925082,-0.011747061915307323,0.029247148526397586,-2.8445074116449103,-6.669119104731094,0.28705715821366856,-0.08475447844995654,-0.659692443081186,-0.6406715403474349,1.7207114364380565,-0.35238948453918806,2.237996536009635,0.004568512552832159,0.16371334011543087,-7.288027607777851,-2.6407899981078216,-4.774947138583198,0.32281940536158377,0.5915497894672016,-0.08658462173408982,0.2904764088214992,0.34510946414995514,-0.030133759280531067,-0.316280913276058,-0.15559694152688466
-3.95507976900901,-0.10786322303390133,-0.29619420379186767,0.025482024417334326,0.27049554834901524,-0.011542677616257746,0.011901430417120752,0.02380544165294422,0.04214606383517702,0.38429534786458214,-0.048569930284157604,-0.07516929759345611,0.08826837654638667,-0.1355835527924123,-0.08450447306317033,-0.010408673504589334,0.026595276659017605,-0.17705866828028788,-0.09775696178428464,-0.03902089016172867,-0.06166437453897407,-0.09294913160647385,-0.07011910980439195,-0.4339887194687536,1.890864984299923e-05,-1.9286733263046774,-1.6770809540370522,0.16695954501564547,-16.39373583854089,-2.2951586572708655,-1.6373860459830303,-4.2461392820404695,-1.8775528364106466,-3.276272650990281,-3.3021891516014668,-0.004269805097858338,-0.18854671050792735,-0.1286138506475265,-0.34460756197665054,-0.055546333875674606,0.17527305942778026,0.05647103193696194,-1.2716283181032162,0.03185417569088543,-0.1501892086788286,0.023906652523389704,-0.44322193729219345,-0.17011640132122982,-0.20417895637588376,-0.013449520678533626,-0.007664104200073844,0.9307769932925231,0.05536557269217725,0.041171186025241086,-0.3537861003065973,0.784040540412433,3.0492256499980033,-0.0846789028207487,-0.03762225532699902,0.03166028351812195,0.020292593075566197,0.015866164035694113,-7.559775230576628e-05,-4.609817080173168e-06,1.5395610542533793,-0.02604062138133373,0.11970238648664898,0.14024515653328418,-2.322505415705237,0.12264030542677726,0.5278120967732572,0.2247429497555396,0.2911526130150682,-0.8606691526874009,-1.6414796730804244,0.010982490264109742,-0.910652967470078,-4.58282042566993,-7.006627046525012,0.26283344000718833,-0.0842534571782238,-0.6166195474359489,-2.722913798116529,2.00967349135908,0.11191146994683514,2.3818366401815454,-0.016466934426397992,0.12328687567117719,-7.405324089220585,-2.651060982420762,-5.102101543491868,2.7523707939492272,-0.12527352585652154,-0.271953881962604,0.3554216222497057,0.4476761613256878,-0.034707440944123716,-0.24333256395373987,-0.15931012083725254
-4.325346223750223,-0.08338856252296503,0.29254125648804996,-0.05302347355319836,0.26089419756029547,-0.06100147595704037,0.08842844800145971,0.4903525629518946,0.018238229922527542,0.2571902363932309,0.09014363503466137,-0.08851163929145389,0.08699130114439008,-0.14010033613601486,0.5953024270957499,0.038103578194703995,0.02353997924913866,-0.19281692020573224,-0.17746690365248063,-0.018562662483263874,-0.016117275708457498,-0.11035177247968155,0.1594072443192943,-0.5069441150791572,3.735801726934286e-05,-1.6698924542740312,-1.665866914623371,0.15196634359992411,-16.624046543955462,-2.15216841540091,-1.637667082182094,-4.230160872434569,-1.90080490752166,-3.2167246988644256,-3.3488475004655145,-0.001421569570867806,-0.14919592574825982,-0.06100699860279886,0.1603185284505913,-0.12578304089691394,0.16988600622261166,0.03215462729705153,-1.21295871464613,0.0636620442855221,-0.1623175549620545,0.002719832831562454,-0.46988529099597603,-0.21293311005225396,-0.21883776614291248,0.05240957988632715,-0.0036436585575791132,0.9432544564873906,0.3188379879042531,0.02338288588154894,-0.33948022415899887,0.4196355098028687,3.0168332180723807,-0.04755271355516515,0.02131569083777304,-0.25423542172301195,-0.14454666256892965,-0.06737644690650187,-0.00017553363312452656,-3.7263441531005265e-06,-3.8528793426760757,-0.024844020074214882,0.04078906648742427,-0.20677438511557214,-2.5722760035557037,0.11691297539854889,0.19877264444213985,0.21915048588606062,0.277418511907984,-0.6163237594103191,-0.5084498515915004,-0.021696255181743604,0.027758074015351082,-2.888648244382726,-7.069261288143401,0.2895045162039328,-0.09335937708396563,-0.673619731139991,-0.41137233246115346,1.6663998413467394,0.10287516520384432,2.494875411683634,-0.006808273247947902,0.19731994406759665,-7.15912368865503,-2.6383317314451644,-4.732571704948051,0.15849117355281633,-0.09665731787934094,-0.08415777201756615,0.2828903978225236,0.32997173041827416,-0.002650608458595259,-0.3166843915474296,-0.16519249904182554
3.551730654716836,-0.12076766502481609,0.24513489641439548,-0.021801792936974776,0.24835153077085179,-0.02697944194557575,0.08942615841890736,0.29673391463241827,-0.03488481379928551,0.2048688051691146,0.1244048220006501,-0.0991362139215266,0.09788099972000648,-0.013289233793052078,0.2656833705882089,0.057167319141957586,0.10222062948164466,-0.12993341203452072,-0.15005499354043816,-0.01922821843989012,-0.01033853342858745,-0.07097722238632746,-0.02311401141632943,-0.2812927087643467,3.739063826320771e-05,-2.6456748307679443,-2.262818132003226,0.16722197627391525,-18.887477338538734,-2.3860189692555154,-1.628215702633561,-5.684797791598618,-1.8322038971601091,-3.55045193066262,-4.265115117804564,-0.001426601400579334,-0.12837438338265103,-0.06334636456083367,-0.21035346331064228,-0.12764756197136665,0.050816302586197376,0.12826785088452342,-1.6101159710265909,0.2295901782877137,-0.2265047039399405,-0.0006544005231216434,-0.33441829717895494,-0.16649063947005477,-0.18001531374896257,-0.014354847312265169,-0.0368590761604328,0.8206420075775704,0.3615809656417034,0.0434570379762614,-0.4205408953750677,0.4343675350714346,2.9396627533802766,0.007988946232674784,-0.0068346684302932215,-0.15839520535790952,-0.13650451472173455,-0.09358264103145507,-7.882584714351073e-05,-4.696313058297548e-06,-2.4186769101759955,-0.023778006991982726,0.05526981430440243,0.09539126281090814,-2.653165679625514,0.17435333632432307,0.237466666190444,0.23571985240614143,0.31179470253327524,-0.7604280470306065,-0.646405877214978,-0.007497806055671423,0.008797567980366591,-2.6140487786969917,-8.657395881530224,0.18289163507841166,-0.17454475310657594,6.408171292021379,-0.6234180531909681,1.7269639997966064,-0.6378829631057154,2.7026011172391584,-0.0198314495918699,0.111115580379709,-8.500605687013277,-6.292437226549874,-6.189012389883059,0.26139415292892926,-0.12407273559557035,0.07374138164031477,0.33049177128169366,0.48747221063544877,-0.07392907200024254,-0.35547428397887804,-0.1178867597139864
5.489514942654858,0.12111639208272319,0.2661573000368264,-0.030574694222080458,0.2597202267055583,-0.014095734700388149,0.09796630300962009,0.47811915975169245,0.10821022565986631,0.20859798658557413,0.08692080093881314,-0.10401385333240841,0.13387771597033607,-0.06673502200844104,0.6075549620668804,0.04974713726379242,0.09252704586981621,-0.14943970343931978,-0.13154265044707886,-0.01700569222363938,-0.016015029848264712,-0.05674222647898991,-0.05569428374611031,-0.6712294895650253,3.7653905745031846e-05,-3.8169700242390725,-2.26763505407405,0.18481110550792568,-18.635457960586937,-2.407785439557384,-1.6381991430435816,-5.558033565906974,-1.8094115148697245,-3.4695717727584103,-5.227586461879885,-0.0014359121707092281,-0.23804359967065897,-0.06540359754853615,-0.13399414288395747,-0.039455278072117364,0.24947764202030817,0.07867928184872762,-2.2011233127707612,0.3371158093562192,-0.27408302692501396,0.3569980742017611,-0.4574542004448467,-0.13635657095253761,-0.22353343728414504,0.12692782682826675,0.03362245243538858,0.8197987145451607,0.21141968582275578,0.057072171086665874,-0.42189788343710527,0.5486146656490741,2.958739161076976,0.08585788822067807,0.04975382789807353,-0.24656843096745504,-0.18313067290088686,0.22026136661198414,-7.510960550638264e-05,1.5009740920033593e-06,-3.267332443388209,-0.027192243641835416,0.06950511432492862,0.09610587449920259,-2.7687673596316658,0.19856992522653977,0.22591790673261913,0.22936826549558628,0.26404544949736014,-0.7608968775033804,-0.4525981568505531,-0.0002104006448719503,-0.004152384695028774,-2.243798963864364,-8.150321740922301,0.169046393631195,-0.1896604566282897,-0.825670036469428,-0.34963056451255825,1.9548938600749026,0.436073420862978,2.6182556260258707,-0.05022979651408528,0.19517241899887422,-7.440023404140642,-3.452841953207177,-4.2377890791215425,0.2777649985157865,-0.10838234026498116,-0.09380640331846853,0.30699327526525966,0.6725778396673199,-0.06973320778587531,-0.48096578446247445,-0.11481144212637324
-4.233684072531054,-0.01577356573788581,0.36332974469969903,-0.024449171849070226,0.2959437137066814,-0.04931375461795143,0.06541440350876318,0.012030499173904273,0.11714672169225951,0.3860517007786077,0.003137355233827728,-0.09503640205979276,0.07489074952292786,-0.16407068511138553,1.5912565113779666,-0.02496491436130838,0.039361235844844564,-0.16985419465924081,-0.19789036236826024,-0.03647363293933582,-0.06273480397557119,-0.10505270490043445,-0.0702160925538293,-2.1367384616054634,2.315163737786601e-05,-2.007591473855771,-1.3243303996058275,0.15403297427249327,-17.259832849452973,-2.653089400504862,-1.6862588079365823,-4.312859981792683,-1.84790910613206,-3.129375752349136,-3.531120983728288,-0.0041861611277200965,-0.29631888480557633,-0.1280896685829521,-0.056521935526492706,-0.06364291688029809,0.15487784208253458,0.011433860214053345,-0.10309449760134651,-0.024271722804716303,-0.08828913139737843,0.11455008370042533,-0.47416056673842616,-0.15022841087948974,-0.18916143371122698,0.35756976213502734,-0.0548832749741011,0.9374427865993579,0.11702844293088853,0.03730795352877762,-0.36283715899609037,0.6518930006212702,2.978075459016709,0.11009295578045294,-0.006892872617539826,-0.12641416908309258,0.015171978516300956,-0.06923661652274825,-8.159995843285049e-05,1.508768203149136e-06,2.4496833630515833,-0.029033075719519547,0.15631256747225136,0.17571297137145855,-2.3520693734295244,0.038233768047053,0.531482523456801,0.22128225263894813,0.30237437916010723,-0.8568694900329773,-1.324750217830185,-0.007712567613261045,-0.8992695149771506,-6.1387309521483315,-7.165040874978748,0.2707257955404684,-0.07082618345933618,-1.041492512228719,-0.155239535483078,2.3785918836984026,-0.3307029447462882,2.151038871054146,-0.04350028282770059,0.32529943292175056,-7.353471367357717,-2.556854079521625,-5.127398763551688,0.469784646508358,-0.1147139189077104,-0.12046598004754704,0.300865282540811,0.5265476220199544,-0.0038281231185122175,-0.4177928825456101,-0.13576857591031616
4.854197073965492,-0.25889646458374094,0.06641068263859308,0.023325311211038455,0.2706561378370303,0.2378187601707571,0.0977899767478114,-0.09203562393118489,0.14875995929871566,0.3942384385015763,0.04939831121759704,-0.10288340434656128,0.13083053480280718,-0.06441997992896865,1.5211127437296375,-0.09633913195620336,0.028539010805361087,-0.22855077100547444,-0.6465043055765506,-0.09424819137052673,-0.018135383360068695,0.010845033085345086,-0.35627187171146385,-3.576245866724236,1.770110125730049e-05,-2.5896557398466964,-2.2617912011504204,0.07323366472739833,-17.877333193609882,-3.8363709200730995,-1.6416545078784217,-5.6842106731774615,-1.7836331944728459,-3.5455270678132953,-5.3070094190516315,-0.004196825089604594,-0.437286529120788,-0.1608566655330618,-0.3601816765719955,-0.030558221729020722,0.16827658672772933,-1.1176688806205166,-2.203134568812717,0.16929736461009787,-0.21256376241011035,0.020791484736792876,-0.38520881778286586,-0.137836943531814,-0.1569791906989362,0.3496798275531007,-0.02995060997058881,0.8420005079855932,0.2773105958991675,0.06580076193592584,-0.36109010360276267,0.6974618707206632,2.917627203451223,-0.024962515758622853,0.004413419648389253,-0.24617154955795625,0.8355286011722378,-0.1432483944965153,-6.202084660045999e-05,-2.441643161482459e-05,6.74506263854156,-0.05641170299434266,0.0397749808767095,0.07912750832447842,-2.301550929670138,0.03460335177363008,0.18202431671672886,0.1274796482954988,0.27765239701612704,-0.7474972591135847,-1.2820118085243681,-0.040178088613491925,-1.7682100603583906,-10.45190123314588,-8.084742774159439,0.15331615703474516,-0.19124679155500618,7.021605519510943,-0.1693622632977076,3.6409723902172786,-0.6320237597046644,2.5848930224338056,-0.004793531520840532,0.28538917182106655,-8.60717187199833,-6.582161896636189,-4.535920865877444,0.27360227112894925,-0.12598344416982077,-0.19244944655863208,0.20674454021473684,0.419276242927478,-0.04805844663692346,-0.27312376046188885,-0.26492647511173106
-3.695898290532558,0.28616246533337014,-0.26355391382898846,-0.03597053339431692,0.3073783069624145,-0.020805334335365987,0.08195837084523505,0.49839441214651714,0.12349564837329077,0.21084618768062843,0.040699303879100035,-0.12439991645390887,0.18341903260391207,-0.08796255516975056,0.3853080063661468,0.22193350353848043,0.034749331627731604,-0.1444558759068217,-0.19118328386739897,-0.005498312221845346,-0.047061113633765035,-0.029073238932893042,-0.22048960214157673,-0.6796117566060325,3.748339171895175e-05,-1.7420315006746394,-1.6826887392800496,0.1518913054894171,-17.018087365932868,-2.0487569437569904,-1.6050013133129608,-4.572483968656988,-1.9156648161979384,-3.5680850181935035,-3.3765207965915076,-0.0008643496612517864,-0.16729312380470096,-0.046882339191409717,0.3059499032867966,-0.21508901539235445,0.1346991828560182,0.04332855879589479,-0.7047013708236151,0.012458779032313794,-0.1717356197731962,-0.005769281850017466,-0.445771423473377,-0.11700583891837987,-0.18578531795698208,-0.007074854858022257,0.002249714866710411,0.8824030908792245,0.15198396376048087,0.0481455072794317,-0.4345498548699274,0.5055189328221511,2.9201413301576657,0.014392778630469864,0.02602486727140639,-0.13032941974968357,-0.14620356645778193,-0.076306888696176,-0.00018630770097807374,1.8942435334701177e-06,-4.855927341235209,-0.02561081374435778,0.06643047333509554,0.13697657309817085,-2.5219212095548276,0.15802985338296788,0.21423349803882163,0.2101187340563099,0.3599210092915792,-0.8909694477881578,-0.6714517934954746,-0.00035311623564367373,0.01936847330423793,-2.158852386705545,-6.22464601767016,0.29189072869198696,-0.09635583808907419,-0.8908938625244961,-0.48485618240015016,2.0064475044407217,-0.32431149590480335,2.499778276683798,-0.007260484989495365,0.18360650252153043,-7.324677816532352,-2.588149889825762,-4.986784299903884,0.23702009590962256,-0.07483220942584283,-0.16615122141067298,0.3175721385086451,0.10156139492850873,-0.00831761539703652,-0.3013343806820811,0.7308401164837014
3.514217069300454,-0.13056667996239518,0.03591814276347479,0.02037920730580061,0.31483842289367175,-0.005044290544174579,0.18043857569946148,0.05355139829382238,0.03883595994974791,0.43947915676463667,0.3925511885722297,-0.09312611249010204,0.07684396256332669,-0.054210697711603396,0.8702262622680329,-0.17971276431164446,0.06796893351772525,-0.21716399772329867,-0.47136445676004185,-0.03494847326259522,0.005247690553417583,0.027786243789871014,0.09737582109169222,-2.2514773251009927,2.3176163064312385e-05,-2.6139718068569766,-2.2616817599852066,0.12822115576449586,-18.213684063595164,-2.547219959233721,-1.6349713154857062,-5.691917421499386,-1.8288154898612912,-3.5494742728634376,-4.360445222795709,-0.00418906788124479,-1.4215470481859913,-0.16501383432169725,-0.2280264378034272,0.0013051231462268427,0.30862225794433096,0.052248347748519004,-1.6623572061840999,0.166675561705935,-0.27721792174860294,0.014629684797044736,-0.479755700589352,-0.1707575708729987,-0.16542111471949744,0.13304084068630248,0.008306992306297709,0.8518582051467383,0.4971522864124272,0.07106272503595984,-0.380022790114542,0.5016066561423491,2.9736774749692367,-0.020390795060714364,0.011926563586877785,-0.28823299845784556,-0.018282684345038647,0.5472748799448841,-6.672903519441188e-05,-0.0005553640811454774,6.480449285441354,-0.05152913261849432,0.040645814235023385,0.08351709993704472,-2.5777556832446047,-0.04800884971365219,0.499713366476451,0.207439444424932,0.30150625878447607,-0.7343280840311831,-1.41336165581722,-0.20558751385276994,-0.7262377897401464,-9.187721557187873,-7.997469021267978,0.12070322704207001,-0.16439974694675524,-0.7467933248401905,-0.33655337099892046,3.6101263156633165,-0.6346423714076177,2.523135536252986,-0.024156003425715913,-0.35696922288136806,-7.487824040388447,-2.9579525052513382,-4.848368163769863,0.8640904409643685,-0.13089144289230326,-0.06460369197715977,0.2553882827780265,0.3197535630114344,-0.09510551927941242,-0.28411784498766757,-0.2760077841040848
-0.874377418192264,-0.08279147399047987,0.3117230762147879,-0.0077735380158804055,0.2927091771631844,1.4993287828459096,0.08109222128740959,0.2668282577355001,-0.002298596606678454,0.1982523918149291,0.11942622499660373,-0.09650041896604757,0.0682391371377361,-0.023824018971323642,0.6099553695235305,0.0563582171901161,0.0788516381840159,-0.002858818091591447,-0.1349370610597898,-0.02000560848067362,0.0015658212829151412,0.0015426877014807717,-0.13567305620286838,-0.5618877781447872,3.7663777963390704e-05,-1.9848153711478715,-1.721300081983661,0.18847637117607532,-17.64864144850501,-2.398147184511564,-1.619102920463054,-5.01473063386012,-1.8682498521181676,-3.4014392652641363,-3.2945711311488073,-0.0014330676619532623,-0.25518945005665233,-0.06008612385425058,-0.2826653228773673,-0.1206004172664221,0.10802520865660586,0.03948211391537574,-1.1465152426855263,0.047828364800618035,-0.1954732617557205,0.02410376364788984,-0.4681265056381034,-0.2029422371146258,-0.18180176909780577,0.061670264855838465,-7.063517541148773e-05,0.8240614890834358,0.32526493244841126,0.0433553048091787,-0.38984287906514414,0.4269253017734391,2.952238533332738,-0.009422371859024677,0.07871309627972249,-0.1076502332058534,-0.18632459379437494,0.32772063497546255,-8.356102847173908e-05,-1.5554581934068767e-05,-2.4062245864816436,-0.02328351348585684,0.11575779134010714,0.1770056180751973,-2.709720853513301,0.08753053856500242,0.14470516520410068,0.2200494370563191,0.24253980424235086,-0.8451168659254549,-0.5144646946557953,-0.30439015045321505,0.07415565916498594,-2.901331624458467,-7.785138015957241,0.2887893404259124,-0.09203482623833187,-0.626299721548721,-0.35845020066475863,1.7316377541327166,-0.3650205417546056,2.5710541413088728,-0.03061571292118448,0.24453912851200763,-7.398548636220783,-2.932292372774582,-5.32387263187321,0.17066940236146674,-0.12123982214832321,0.020485245146195378,0.2814380394544548,0.3250071019566646,-0.009640471188122569,-0.24872757126095085,-0.14830867129082814
4.85936424804008,0.5752346036527737,0.2800669550364755,-0.014904180382461113,0.5667721307222515,-0.015540100187090296,0.1015303099134647,0.06541973563323909,0.15037587395741714,0.43715617570863163,0.11051981305590955,-0.08651821547380012,0.12719901803236813,-0.06361990655073123,1.5537136547715842,-0.16604999524300496,0.06347322597435075,-0.19446183735197375,-0.15619370168527097,-0.05428007831024806,-0.027773487600114173,-0.0869685480992215,-0.2936801121319708,-2.720567702182025,2.317068157822871e-05,-2.6410248356054766,-2.2588479051756667,0.16389347971689358,-17.976182243856716,-2.5413388324932566,-1.616733747944152,-5.556209481732411,-2.077079664468773,-3.596662497427112,-5.315526935475117,-0.004172946264130488,-0.24860389933297772,-0.1480318224917391,-0.20609788581845354,-0.045744622809338796,0.27411298848659094,0.04344186480244448,-2.2198237629488626,0.22971397538929794,-0.29748576824771067,0.021606565681526923,-0.45684575154374346,-0.1782332960716532,-0.18975123266848973,0.36624256100496577,0.10322692167705072,0.8136142488305041,0.4072205293240415,0.05996345131702008,-0.35291959390570027,0.73825219465446,2.9295106435769878,0.014577302423279613,0.03923682493428386,-0.22458339984823944,-0.19098220816081604,0.2145496615258255,-8.568970893189343e-05,-1.439772961137056e-05,5.432249918450334,-0.05574554992740372,0.11131917914432948,0.09529780771047057,-2.5365890412660375,-0.028660540893122144,0.5232561725882674,0.23383676956470426,0.25168830538423753,-0.7936688001858329,-1.3462155390055257,-0.3640373569224085,-1.1340823675629454,-8.11005179215829,-7.480919120378978,0.15230464956295167,-0.19693699195256864,-0.9243731235961641,-0.12152281772226013,2.8999549811254424,-0.549575060414814,2.60430647720494,-0.03919543715197881,0.24957570199521117,-7.616620226414458,-3.6148063859932202,-4.629877173748504,0.19890792291330484,-0.12079741545662989,-0.11345765900357088,0.30762187529971363,0.6689084520866532,-0.11251780491802586,-0.2985434965773513,0.030439096087877197
4.734258486275608,0.1419522110665154,0.24750316788182977,-0.016369570603781212,0.20885350203069264,-0.014630572972253418,0.09559197393410812,-0.09988466248651831,0.1421519601404272,0.40040556268707056,0.08561333204328278,-0.08487002247075748,0.14374807998959677,-0.04403627209748464,0.6811900496492667,-0.11493887137898502,0.004690418036141834,-0.18836514680980476,-0.14213274814289725,-0.06238882624813874,-0.018523185865233927,-0.07734087733781109,-0.09580167992795706,-1.5965815746937293,2.302782005490248e-05,-2.643028205810289,-2.2590202235065826,0.13313031383792903,-18.282422955353784,-3.6308962664415465,-1.646320327074514,-5.668797183495581,-1.7850412992504305,-3.560535955969553,-5.306397903632143,-0.001735778795291475,-0.19271487902936807,-0.16037097322462332,-0.26425799726823884,-0.11654012716605183,0.0665895226498014,0.1036109592827873,-2.1670651889400134,0.22561191229740535,-0.2178554926560736,0.010195374330944747,-0.27426068276458576,-0.15584861390672528,-0.16409398512165127,0.0976066274296511,-0.015245994175682176,0.8066743661117698,0.07371293959240184,0.043908167005723094,-0.3561108700552779,0.46539174032673164,2.9137915592782044,-0.18339885009724152,0.00630471192424107,-0.17293539352012957,0.006350100885210278,-0.07996789632199666,-8.132904809079943e-05,-1.565878609050981e-05,4.314097321100588,-0.028154554525547947,0.08610596828171907,0.09107367235914707,-2.5602280384738605,-0.028406352658550193,0.2104994019102086,0.21669770144777334,0.23575424304744644,-0.7267493226495845,-2.089212804640234,-0.8541523456075044,-1.095652394956716,-6.873970859244724,-8.613229856113197,0.15446771762721972,-0.19491346376197144,8.0178027811191,-0.24714181293308793,2.876149752480026,-0.618968716447271,2.5456395219707533,-0.00958778513042061,0.22038707357399695,-9.07249093842358,-6.4106586216127885,-6.437580036967089,0.4294610414171935,-0.11890120665080686,-0.06656129247201639,0.31454251783459886,0.5180943580646714,-0.07258280413099209,-0.28732900574290265,-0.27250022735210283
3.8345851007510774,-0.07359965899532481,-0.21422826507059128,0.007901281707530202,0.2712579002230357,0.15768468873447242,0.1847905131718926,0.2997868389069828,0.02106610319186362,0.21828801119473465,0.42143329126088575,-0.09746833847459245,0.058170720923913295,-0.03167621297285054,0.7084351561964647,0.04286194515977191,0.059811777552850665,-0.19574494923471428,-0.1415845240873178,-0.030604328906692235,-0.016233266184806357,-0.02080827109667244,0.15309243450841115,-0.7625616774854026,3.756265503305807e-05,-2.612960007181343,-2.31793055772365,-0.16726877620841676,-19.08112066273872,-1.8681096535901591,-1.6232118474176913,-6.801985970206273,-1.8511525584867705,-3.485872101448098,-5.005301330437661,-0.0014352335800756275,-0.3186340173549358,-0.050714018712122784,-0.0013001336761515308,-0.12191833892507288,0.22156514548206688,-0.4902468914403778,-1.712781039288259,0.18190796730462472,-0.2314912954873009,0.11276043539629986,-0.39776215396022246,-0.22470719154647453,-0.17630337556306758,0.049056877136076975,0.015659684158421505,0.933168062649527,0.24651296224350241,0.04060342026601434,0.7254356577368125,0.5263023005588395,2.9703204235606084,-0.047499858436344196,-0.0010022983747443896,-0.09781554342998118,-0.15932263968551708,0.1660733834821233,-8.760078729737802e-05,-4.792083607240479e-07,-5.4372644290110905,-0.019468662673693824,0.06826733402874878,0.08114384652331098,-2.8194682483082976,-0.09427674411241374,0.043146626873885555,0.2986611472224562,0.376892572450488,-0.733241442857162,-0.4901130534644858,-0.0013210063770279314,-0.09597090829041749,0.2823841432134115,-7.145259645615468,0.13921902957846685,-0.17491287894846141,-0.7056726396592883,-0.21443901584640143,1.8118438795637881,-0.6559406460273295,2.6359402745549607,-0.045440614417613705,-0.21256759408786996,-7.601849620021826,-3.494185246885863,-3.6364246219857983,0.3195614061479256,1.065958374684197,0.06757953810505155,0.34993231904898103,0.19489285750388385,-0.056441652353878366,-0.3710793309411584,-0.12414915979290785
-2.738672102207859,0.10656599651399203,-0.2467187360461823,-0.028783168269132256,0.2233977801732656,-0.07039923742749885,0.05794821807487141,0.2557723698290624,0.0035515712920332516,0.1346363762464935,0.32859226519532425,-0.08931723485112754,0.06949502769547332,-0.023201970477942733,-0.10790729433235849,0.019984615633952072,-0.04480355355199248,-0.24653201692453663,-0.16061983127470103,-0.04342109289895378,-0.021147697658290547,0.016162925314379458,0.07408414708149826,-0.4739778873407944,2.2648492110590895e-05,-1.910540859699808,-1.6940181870963966,0.006141329884535373,-17.238400964297128,-3.4298157509491096,-1.5554476040250051,-4.503156183891646,-1.8859678234290562,-3.4408856241043737,-3.3453677377922446,-0.0014225053201380707,-0.2484107262643823,-0.059338721987584796,0.20359715080452587,-0.12585292824232502,0.025066930223273554,-0.9376716435758868,-1.071583641615047,0.03634351139776076,-0.12892427803305226,0.013181581002608692,-0.39781747184061245,0.0016823663185895153,-0.19294643002356657,-0.0930912002879286,-0.044299799242913065,0.9131722919553417,-0.029659748239237227,0.039432591583995806,-0.3235451855519564,0.5088171921651661,2.9790724564183546,-0.006815511801732222,0.142086260912803,-0.17312200480593684,-0.15120445599424792,-0.005812191164844502,-0.00018437581005647196,1.4982988976869239e-06,-3.808410439949386,-0.02468843746511441,0.03085727565202108,0.1371061175832937,-2.624087614553536,0.11286900492529206,-0.12505855535837818,0.22300320543522845,0.32656721428848945,-0.8454986293980719,-0.5923108785144019,-0.01651375757406077,-0.0468734299891944,-1.8359656767944155,-8.149377764109156,0.2786140468170299,-0.09235855966709947,7.858980844008079,-0.4152316552560085,1.9263064205077318,0.15061793302414267,2.560901897034748,0.033937892673016536,0.16005884064002612,-9.070366956192867,-6.17738503849907,-4.886543523080336,0.24044232252221612,-0.1396017632542586,-0.023872790895302393,0.3401236542967212,0.46305383963536384,0.0005607931767817199,-0.361726982834456,-0.13666754203912318
4.1005787841352666,0.034157161232882496,0.2787977428355428,-0.022968089148387175,0.2803812437144259,-0.15980541894579448,0.10109652128467275,0.5020358173345901,-0.002940425059393374,0.20832710556216336,0.05663113632832558,-0.10544298460477416,0.0653584559458815,0.027538196406111187,0.6489734203227215,0.009505761448989312,0.10102985514885231,-0.12326109806279303,-0.14451347875674442,-0.01823142602056589,0.009227834543840473,-0.0562155143197077,0.15239043171056083,-0.7035587341264096,3.326064051515836e-05,-3.8152749980687126,-2.2606389501629294,0.1816490660413245,-18.63299916417419,-2.3494829937291866,-1.6467455138462568,-6.478824849290523,-1.8532329447878841,-3.494074392365599,-4.917830988458902,-0.0014449753182498703,-0.16382671060263918,-0.06321887304171893,-0.02321799331322645,-0.08684605070078871,0.22467558679478036,0.06500925314269072,-1.6138811812391791,0.2777268938963908,-0.2981822424888677,0.44781956107068754,-0.4046865822763676,-0.1297646222885171,-0.1965640638672999,0.08026621315054398,0.06816336926432011,1.0048559566856257,0.1746036151884363,0.12807489469506914,0.035622305044227316,0.63810456226095,2.943357508301207,0.09786763006137493,0.07353212818722364,-0.27412347399145753,-0.15078179895626348,-0.12622475475178552,-7.64711493573552e-05,-4.1192669411868703e-07,-2.8945378856066135,-0.026537509916198323,0.08893205745192392,0.0965872500149064,-2.6740594365594346,0.18739283629502568,0.2111581395333162,0.2484594002502764,0.2743717984066462,-0.7415527701261653,-0.5354110680141645,0.0010922937600729718,-0.09751141536497149,-2.2087398718446756,-8.230899758457605,0.1683183283868359,-0.18333991404095992,-0.9375166705748681,-3.474919470595004,1.964736424271973,0.14144445868367445,2.5570893575720515,-0.01224222372685775,0.14757403825380455,-7.184268789819534,-2.9751880305848784,-4.433641878159294,3.3088069213714806,0.9657488170369926,-0.146349758880771,0.34938837054451033,0.4083658239287725,-0.06587962427410994,-0.48490449535406666,-0.05046342147710109
-0.008217839044370645,-0.17390064016793808,0.37601441875876623,0.00895335444313751,0.28262688850166834,-0.03420492842915708,0.05898117333296693,0.18265806102996987,0.03940417825120464,0.41865526954348903,0.007099150541152746,-0.08863485526379665,0.0589660639603978,-0.033775461825000415,1.517171311574441,-0.08273025034772537,0.06203874501490616,-0.19343340479918697,-0.6422859511225776,-0.028269641372353566,-0.020659667741460185,0.07739877655511257,0.05248970037263343,-3.51707934009983,1.8837986222674228e-05,-1.9973722896943338,-1.7191805398512046,0.13907623141304515,-18.13206978374269,-2.560046254147793,-1.6767277021416613,-5.171857047582649,-1.8216254333421071,-3.3947502697098866,-3.7720921185785206,-0.0041892074455143445,-1.1751229289114833,-0.19959200861971715,-0.217892275694871,0.011561622306101697,0.27047674762007234,-0.014461257083681204,-1.2289690162809843,0.16950274279791566,-0.27236892716897343,0.007906684899737502,-0.5183407585403,-0.17796843230775924,-0.15835673622606236,0.37542983621867376,-0.002977994811802027,0.8335848174569793,0.3617535534527776,0.06559397075086007,-0.31226561637472977,0.4722914582329808,3.0073381866554305,0.029014364504274536,-0.0555345219161121,-0.2315499384495601,-0.01579456204950393,-0.14843728038929216,-6.68900735895398e-05,-2.4405054127395214e-05,7.994143381728196,-0.05539182982417474,0.045625347729654576,0.17752164207403248,-2.386176086792542,0.01952120825861743,0.4421655899571549,0.18498224648990155,0.2960507200643935,-0.6941600545457773,-1.2796966580784028,-0.8598688449356189,-1.3592731027332827,-10.531929621340396,-7.827116916391074,0.15390572787841725,-0.08031962009013623,-0.5268577231718568,-0.9769354982533778,3.605712699313924,-0.4190946866890713,2.44075374821483,-0.013931000033182938,0.38143053576819735,-7.489322476113622,-2.8791779517118403,-4.745909582505031,2.005322243113189,-0.09157403785653812,-0.10464820852884878,0.24629787071579765,0.37859000984425567,-0.10394455787180137,-0.26934537237259537,-0.2983323993652071
3.970361992612624,-0.037326542655698895,0.2718441302625245,-0.023074892727448303,0.2512521375756483,-0.1712570370872154,0.09827720596014664,0.48193811543362924,0.02414926425923476,0.4550672716096943,0.10162932976115929,-0.050551782275550065,0.046604234526309296,-0.05224116744863909,0.6455095278003766,0.04954878739694287,0.142758309146331,-0.16030470895846505,-0.1468434427256617,-0.03420683603132697,-0.024453175223509004,0.011027905446728149,-0.13898351024356603,-1.041572973976447,3.7466838906893405e-05,-2.670336594875169,-2.2529254952775344,0.15781673731142834,-18.533707238869592,-3.057746315373194,-1.6544991990859406,-6.467049719036041,-1.8227831145269098,-3.4617378700492787,-4.394375319296732,-0.004210074536957522,-0.14641539172012125,-0.06358703767254327,-0.047984591680342706,-0.05734081107718132,0.22356301265281855,0.05793681073253856,-1.6619126683054524,0.20749356579188052,-0.28277103838117273,0.021190833324290663,-0.4246158544769136,-0.20678423229692855,-0.1714942431315141,0.051721502138597115,0.0377275372432499,0.8488414450338896,0.464043424627501,0.029193170148882487,-0.43023496749164697,0.4431798777139836,2.9661672804624053,0.10187249472617567,0.005511352071978453,-0.25994549465404393,0.7061034772900852,0.0022410705816333556,-6.99070612779266e-05,-4.316955357555318e-06,-0.9553688242365039,-0.02357541484253047,0.07102219408885863,0.09534516051665352,-2.7388676994896697,0.007747284082106367,0.7075567706052217,0.24803313431882004,0.25416988499940163,-0.7739128710633603,-1.5254213382373147,-0.008394856965636532,-0.12772780674250522,-4.071855033718915,-8.040503084189416,0.13453217896079486,-0.17916565809977864,-0.9270621433990744,-0.33855691477868155,2.1550882207116433,-0.6762635550699883,2.319499041848647,-0.03755191165513166,0.22282880030649438,-7.373061650549604,-2.9150783213160656,-4.309855320014345,0.22193158625072334,0.8723159333415987,-0.21412538711474258,0.31637249618146324,0.46100744981872843,-0.09646369249786954,-0.3376711569596248,-0.11901519021956322
-1.207734544163155,-0.02302378275212503,0.050216582054959435,0.022736857196097176,0.32494452590934453,-0.03338369772483452,0.07796681726999904,0.4831144686434247,0.0013841882479384733,0.16665339378863808,0.14242149708956098,-0.09603351786690277,0.05727521820424443,-0.10788743676985586,0.3552033821022934,0.036827777456734344,-0.0006192785128214803,-0.21072772219394853,-0.25032960733661813,-0.04745590558468734,-0.01576306567421037,-0.10679935809048245,-0.2216171145352015,-0.7229898157183237,3.749836327998631e-05,-1.7472943184984078,-1.7167594478038417,0.12578375231673958,-17.452457633202894,-2.0909965225094176,-1.6661716033595946,-4.997342661914857,-1.8703288001599174,-3.0233996580278433,-3.3476158503364877,-0.0014396155290038203,-0.2732950976588763,-0.0454786120001048,0.24011971564756004,-0.08980204942699482,0.13479055236239534,-0.0083240079796692,-1.214593199663046,0.049827286088156085,-0.23357107014561346,0.01911812088994946,-0.5048784696928554,-0.1739270516543052,-0.16964546845395956,0.015008566945698127,-0.008105025931802363,0.8343599284071284,0.3925856856183191,0.04973112679445698,-0.34505345022209816,0.7279692968560045,3.000339155910711,0.006561715215986747,0.10564227905914127,-0.14351962662741954,-0.16156634021767047,0.2282083013856733,-7.716154684572787e-05,1.7995688748898958e-06,-4.099171587811299,-0.02391559374687978,0.03510651852256098,0.1388907582712013,-2.3571412534176654,0.1322047117235462,0.19061656479000416,0.22863764011986973,0.24892197603978458,-0.9685664437139239,-0.687987248224675,-0.001706239941824243,0.06218653005009918,-2.208122097727273,-6.792807434502762,0.2842483219687535,-0.10067057500013096,-1.0445702693654413,-0.3142268527385099,1.9759146146549922,-0.32832378414271546,2.362885964728218,-0.00918910676424525,0.18147940746699612,-7.39338707468809,-2.9980538632651252,-5.161703031038786,0.2499094547124256,-0.11993528862082813,-0.14104766839021093,0.2777223388219592,0.44670538462472065,-0.011612696272451333,-0.3336134534337911,-0.11326229656448583
-1.1370591246665023,-0.08654134348166781,0.3237038155164823,-0.02094804418234646,0.2809867462722559,-0.06308041149353914,0.08153630578054319,0.43211880321110074,-0.022081794924576452,0.19908512232753456,0.016755542613999874,-0.1039366350770324,0.05354222416020844,-0.05043332366586457,0.3511659088172261,0.04354372513345567,0.06974788607331231,-0.1437294566238869,-0.13001057296033203,-0.042205984826425985,-0.03329900452067263,0.004737291999736738,0.16074815759307787,-0.3246899887339781,3.7538775529461185e-05,-2.0005989573191147,-1.7236642707421022,0.16255560331423727,-17.50307695665881,-2.0093251639683323,-1.6245750978422548,-5.210321823499099,-1.8582680743277744,-3.5905980498923333,-3.589277932658243,-0.0014376765406214492,-0.1404896834774339,-0.05705974264677831,0.23989534424295292,-0.11690541855632502,0.11414465011587399,0.030957563184153228,-1.287853464396078,0.05770457639977452,-0.19212051059359853,0.04850205881054232,-0.3867280759662505,-0.16158959456656907,-0.20684778229218687,-0.010995545196238316,-0.0014185361978496314,0.8179140344379725,0.13882153568892094,0.047943416445313476,-0.41064365039803746,0.41718665576390623,2.9814387622290637,0.04222439755666466,-0.026686563700677506,-0.10070196127469566,-0.0020206890201955813,-0.01894623397004208,-7.713977459182072e-05,-4.765599621203958e-06,-2.593546906712679,-0.026744284581822583,0.02859079313131484,0.17088941521238532,-2.706510608738932,0.13323481193142994,0.19625448877671348,0.26323347415891385,0.26221229424422976,-0.8447944046022429,-0.8036258643507171,-0.0057202004867843385,-0.031063173216769845,-2.5671704810963614,-7.806557615138899,0.27963367335502204,-0.08797236954095618,-0.8067014067227792,-0.6832679481635456,1.7700420258526794,-0.3426169740964173,2.5564470767553304,-0.002214944466729261,0.1363771109917882,-7.3939130961765995,-2.9816366891174315,-4.945479615103616,0.17358246346930115,-0.1361739376948323,-0.13926287915594668,0.20373257503783052,0.3252346821764305,-0.024563081893424578,-0.402894152090272,-0.03271215854967581
-3.9108629821102334,0.1227253436135048,0.4041064157859778,0.02559504525741759,0.25748836114356166,-0.07263012980925952,0.07750376330494052,-0.1130740875120647,0.009604966566417064,0.3698753046668303,0.009850775978639023,-0.10606234904580127,0.11376642443233265,-0.09249368252633124,0.6826281399099463,-0.07960113815640629,-0.00712680548849757,-0.1871614107556322,-0.6318450014718346,-0.06782621564737777,-0.017701155573786674,0.0851128825257027,0.0196874072574699,-2.3484107376057892,1.7698082025150126e-05,-2.008525980054559,-1.6701886065462586,-0.016822636108178857,-16.41946077966423,-3.5027113367326104,-1.6361915479536988,-4.289986771887061,-1.8613811023825062,-3.204161835401191,-3.5093087009260326,-0.0017139172935238924,-1.2245907637573135,-0.21385901033124946,-0.2343140421266297,-0.045502360834801255,0.1170317535086724,-1.1290245000663064,-1.0164360659301281,-0.014178051501384605,-0.12197021479049093,0.006859398572408794,-0.4191104919932432,-0.1603600433551934,-0.16570429718064242,0.11121336135530653,-0.028591213420176655,0.9427605356470251,0.09995788625485769,0.05533082224654545,-0.31286939869002656,0.4477426573777819,3.0140182506697846,-0.028128438500046857,-0.026276652466154814,-0.3468192596953563,-0.13056158233708565,-0.07348277130788072,-6.211491819388014e-05,-2.4409690729054594e-05,8.408676083798541,-0.055842363213209546,0.04049975620274139,0.1748436870896127,-2.293677653885733,0.04529327535267199,0.1902757449399235,0.14554170176470743,0.3009965921852078,-0.4609883771645523,-2.0024292484001274,-0.8572230435275431,-1.9502637677850245,-9.455494189003014,-7.719919936048624,0.26858274646455144,-0.09397629562256034,7.742712479086431,-0.1951514790940539,3.552103152419234,-0.29252910379468794,2.4579368391645495,-0.14287247057492272,0.23307112060589852,-8.795110172496262,-5.973174969106622,-4.977140378856661,0.3036582849097842,-0.13712082853227858,-0.13202244462051,0.17301944969538585,0.2778097349398865,0.03806470156612285,-0.27511149694135867,-0.4768413924410804
-3.7903952801673286,-0.08269831236277611,0.3428003641871572,-0.022593843267939746,0.25274779811642617,-0.05115810886197396,0.17153812960811227,0.28656996535122986,0.01768914303908004,0.20956919901875148,0.2207722651738723,-0.10113403038151972,0.10189810760146938,-0.0706798982474224,0.4159870326405959,0.011093629117476682,0.03669541920732101,-0.14698071242372887,-0.13559621641770248,-0.021447171732963212,-0.013959116648552207,0.01628594868838773,-0.2117701838464237,-0.32906704718751667,3.331521701802041e-05,-2.015293016779333,-1.6747751780467584,0.1465847631564293,-17.111547668684647,-1.9745571821566623,-1.6697588705016773,-4.215434890591089,-1.8785319499540916,-2.979391861118347,-3.3517506684448266,-0.0014299366210204687,-0.25256769759111597,-0.06176173785209785,0.15007590720832517,-0.23363156052025894,0.1370796058452055,-0.5170638631364073,-1.1928031223759052,-0.004249656052574861,-0.1433846760321693,-0.008714382855929455,-0.47899667587207356,-0.23837105312779167,-0.19180090031801963,-0.019222524713684422,-0.019444070293848224,0.9184774913254433,0.3407948437935141,0.02678851229267877,-0.4296142974029169,0.410971440505023,3.0247688089680937,0.013489912582134677,0.009258611384885797,-0.3059388073099543,-0.1471669507798061,0.23485992898210398,-0.00021831976722051904,-1.5522837446354882e-05,-3.092790954164586,-0.019362332143643426,0.03037813998526504,0.17628422781778283,-2.8319199052807313,-0.12411513209632183,-0.04543025610328214,0.25176442112917485,0.22663543550965698,-0.8591291963564751,-0.7753106779237982,0.005062827489914145,0.05708787249798608,-2.961360389096027,-6.21651005874079,0.2568207612399427,-0.08688815665463644,-1.0736169573346293,-3.7483014667293224,1.741185975749644,-0.357636365620528,2.364983027388349,-0.0024197730449188482,0.09878485826216066,-7.202043968621255,-2.644039257954478,-4.33162920815468,3.023325341781942,-0.12246835813056797,0.06209376950943721,0.2951944595792707,0.4121545567327693,-0.013308104443639062,-0.3105380550285236,-0.09633791028614742
5.184159394743609,0.346027998808341,0.10521141704921479,-0.012713627504383457,0.2822543531906477,-0.06306327133031749,0.09466647764891545,0.48257326883435114,0.08280998325264032,0.20976479299977852,0.12620541385120443,-0.09711962917977306,0.12422632957572584,-0.04195222439916901,0.41497930202404887,0.05703180366112033,0.05724872613540833,-0.15495217140790388,-0.15494589801270614,-0.015439351337575347,-0.006685998272419272,-0.07571336531821261,-0.05964843866605509,-0.3589566803095281,3.74951687877809e-05,-2.5094562800554496,-2.264551273094486,0.15371803812392193,-18.171164032366036,-2.409570582889401,-1.6215689107789077,-5.517887553021048,-1.840511506735552,-3.5553132074300704,-5.302923405685396,-0.0014448978184435895,-0.1303877476465174,-0.04786267291527856,0.10769719681966429,-0.09313200543401091,0.20504825589015882,0.06681817076221205,-2.1492957893132196,0.2572935733278024,-0.2831447474336836,0.03197600615422151,-0.4402325964679799,-0.20166388609451394,-0.17796394601930496,0.026952582763389243,0.04481565621264795,0.8205372569017949,0.3970800572642854,0.03046068211798242,-0.3485988571737809,0.4689169527536933,2.910770659663466,0.05932282177087596,0.0870433030575539,-0.26669895023098145,-0.17995654829644098,-0.05175906277085784,-7.691614129280796e-05,-1.744677967943452e-05,-2.609878239015977,-0.02391171274135035,0.0843320912102914,0.13745439542341012,-2.662153384416983,0.07442252512607855,0.21762898944432985,0.23852811221988332,0.2841416108304904,-0.7625775958614402,-0.5103710838184634,-0.002103449945644007,0.050979170383598046,-2.7127799007229814,-8.006001134005865,0.17518070194929114,-0.18779757988506965,-0.7750985140304034,-0.3960160013773155,1.725560152063716,-0.6526705672519698,2.6707004246858386,-0.03591420431440079,-0.015339823916735065,-7.497059705015266,-3.52659107319677,-4.3879090831192835,0.33128121086622364,-0.12766249073578054,0.06029287222571242,0.3199093692573509,0.5716433641615625,-0.0695273975801587,-0.3715278650492132,-0.126589879953803
-3.9656100926453903,-0.03283314755014223,-0.3748888573589424,-0.08712649289319449,0.30947129119888206,-0.10936022073379628,0.07613586991615384,0.11736269419292572,0.019939977149727967,0.3983881281215182,-0.023373032921310453,-0.08827798662061936,0.10094569678278961,-0.07518277595402531,1.458061934551048,-0.19485080566442944,0.013900528149796355,-0.21302449132052975,-0.11586539652854252,-0.06483487280136034,-0.04245310946938559,0.2927984289566257,-0.016340548374006048,-3.3438795852517336,1.8880234214726913e-05,-1.7282715959642385,-1.6685684994785077,0.1308412246985118,-16.21397546439106,-2.3351124266643057,-1.6788362127743905,-4.474849131927518,-1.8640715405917296,-3.5802403085626473,-3.4694090397891055,-0.004142608310931812,-1.1391362004177694,-0.15693691886901015,-0.19138282877114313,-0.02497275510066836,0.32664908805826043,0.00791581484932832,-1.1626448708130817,-0.014335735778568443,-0.15222676958219603,0.012024248372214432,-0.49931080097368113,-0.16870478869828567,-0.1650162401443082,0.3589352951495562,0.007402791939458811,0.9649090787570842,0.29165615729605343,0.054093856886299425,-0.35055233896861476,0.44717708225927055,3.047048889850829,-0.025014469340451706,-0.03442321765852311,-0.28746636117213153,-0.12329126413591958,-0.08562761781646806,-0.00010498973840603821,-2.4321861868224348e-05,8.329923363201258,-0.055958482077969725,0.04183279703704404,0.13380668400577395,-2.144122453656435,0.046657775524501045,0.4909451922989931,0.12806078435558843,0.25324246069194845,-0.8758351711919312,-1.2145756232748541,-0.8574957984463041,-1.7655884934734414,-10.280292139410294,-7.041181743774743,0.26314763737846364,-0.08239637113276128,-0.47907425624823086,-0.9516492547216453,3.6508450731874724,-0.3294389998213893,2.3616520857449403,-0.04028482522188799,0.3353424330520247,-7.439558930057811,-2.674588923383596,-5.3176150909292,1.9743765445197117,0.5786800397975969,-0.2678248631441213,0.18960835357155661,0.3216031255120504,-0.08013576661116273,-0.29134920388165597,-0.1939938207448401
3.5904157427736565,-0.052687536856666745,0.2604550125555032,-0.014741837754612295,0.2771834961135565,-0.06458739532635896,0.10219782711194544,0.5257103690642602,0.017160387800976843,0.11611405210753468,0.07409724226271827,-0.10303815422599799,0.03846886282752246,-0.14594803757494182,0.6033377461004115,0.03527958762565526,0.05867618014306695,-0.2144225741380484,-0.12938620417004332,-0.04312716449783471,-0.017820316887518284,-0.1392974361865823,0.07946472677516883,-0.7784617828805599,3.759802448577193e-05,-2.6496910503211333,-2.3238193518590333,-0.15631088100387058,-18.36350041116023,-1.9314490498886385,-1.6279741503234335,-5.531469772778649,-1.8578939180386034,-3.5979853393842807,-4.906797856401098,-0.001432893077008353,-0.16365546028318267,-0.0635387454664778,0.0516298091582578,-0.11606997642571729,0.18184376130146235,-0.02676500731843452,-1.6415038623370657,0.18928488965034795,-0.2856292681833019,0.10927540284906329,-0.4187824247505358,-0.2456154179375508,-0.16713838525409316,0.07171873249925162,-0.007487037796263744,0.8196572276609119,0.250522007517356,0.04083716055302247,0.07048462193057775,0.5819069424875825,2.9636028688571914,-0.0093062328936566,0.021328608353602924,-0.13926825217415062,-0.18591984780643192,-0.04446888316450696,-7.688137118357986e-05,1.5293260291754165e-06,-4.372101705571285,-0.024588103604562647,0.03805973965665651,0.09564723327411793,-2.377665157891799,0.13366970263750919,0.28782163996693216,0.2391908992267357,0.25386593087875814,-0.8091481381827521,-0.5770846017774908,0.007278847794622622,-0.06392732442534874,-2.1854350188096374,-7.167612784466499,0.17208282553740373,-0.18382095665245438,-0.7096622997716304,-0.39716840902808687,1.9735972775441613,-0.6567820089705195,2.6403491719874568,-0.05180963173370309,0.22364116574124782,-7.423271486781804,-2.949324049930575,-4.591576611060093,0.3122959490724626,-0.11564893991685081,-0.10697181756805313,0.3245508495845071,0.2584549464323937,-0.05251387603565234,-0.33218727243907603,-0.07785117764792485
4.794908175763844,-0.11762029841285704,0.08960060214784496,0.38637211140832717,0.23608743401841628,-0.06394815736604124,0.09501071157546681,0.1966351053007951,0.08868384031659403,0.21445676683832074,0.05379727314975683,-0.09880381904517935,0.12218491511198713,-0.010962851810604543,0.6025712437179103,0.0590185598297442,-0.0003949691786645727,-0.16148347860758272,-0.13729811309168122,-0.04406345976279621,-0.023118990418934036,-0.04483468612407094,-0.059260993040919065,-0.5731431709814762,3.739057300112406e-05,-2.5869626869399687,-2.248290615642035,-0.07223445219431113,-19.10981250553463,-3.3832749592641016,-1.630686929420038,-5.5733056121727556,-1.7978078788890879,-3.5940879019685936,-5.257817835744721,-0.0014252860913601915,-0.1251716680107746,-0.0405929310791138,0.018102430048701677,-0.15728284793610656,0.049138442756549654,0.13056982332802974,-2.1311821614588333,0.23712938821943735,-0.2103288708567908,0.021940434113128363,-0.3368220957670993,-0.18619486167485055,-0.19119739795283125,0.04339070723159027,0.015398922242349584,0.7949043442533124,0.2444635481905946,0.02369964206415943,-0.40927680062752664,0.35010150849720034,2.9016301766246997,-0.002044772109229308,0.020146665511539492,-0.29355356597955834,-0.2057416992551241,-0.014130477885341303,-0.00017851215045659453,-4.669355687730549e-06,-3.8354803934033312,-0.023734181370099423,0.00555454584675194,0.07966054414761889,-2.770631198006902,0.09171079354861733,0.22220700709725177,0.1945955849700839,0.1255296673247801,-0.8010068193173634,-0.5353197721171362,-0.010231845478716084,-0.06621940617493718,-2.8258126581543412,-8.382567984359273,0.17481346955227,-0.19660504822419084,7.663960190947763,-0.6274632236684325,1.7620272143686628,-0.629798193460805,2.765737957876452,0.33647471863819617,0.08896680024975026,-8.407140077195226,-6.358386322128651,-6.162587932058334,0.24705527817933048,-0.07006116466921372,-0.026960558507082184,0.3323472207721007,0.6451110094936042,-0.06946116618338835,-0.3570881251740728,-0.04208697293641404
-4.02365095842059,-0.18625392291435838,0.40256997924362975,-0.09101595669590068,0.30998211046047447,-0.07054289642626088,0.07778673991424159,0.09207972191462083,0.06148536491285787,0.4259336109356216,0.00041936965894435194,-0.0953635628237641,0.09055079590407375,-0.08260567063618658,0.6502644821180122,-0.1158381299515474,0.08669123682547454,-0.20564770760653867,-0.6670270327571703,-0.03222960953368298,-0.028299065305602927,0.0919103869427255,0.09734600392248173,-2.2874693101117964,2.3014978256519692e-05,-2.008618499389815,-1.670874475264874,0.13439389375940106,-16.01434590988784,-2.131240731639496,-1.6423566556569422,-4.2749791280723946,-1.8644753314117455,-3.3859446095603962,-3.5956893144572097,-0.004144207351933847,-1.1760733991050978,-0.209147981337358,-0.04973678915973725,-0.010916597737545806,0.2666854580445509,-0.006517585696579174,-1.1743880709619063,-0.02417070055565372,-0.15737103401899394,0.005509453592502221,-0.5357742912491259,-0.18995780916236443,-0.18617948671976287,0.12423633956740433,-0.03515355370824762,0.9380190558409127,0.1323246555284756,0.03890931458444003,-0.4119200017094591,0.47422471989172815,3.029289579355332,-0.006625144730523693,-0.011673215165190204,-0.4169141850755353,-0.14980447687985105,-0.10263079439830002,-6.682782454771154e-05,-9.156316104815934e-05,8.139160713425348,-0.05601586374349757,0.04317194993741776,0.17551810764570164,-2.295303259657505,0.03084594453662974,0.4692307084417198,0.16334968719782017,0.2787106687157601,-0.47838924317667975,-2.0357725611860245,-0.38748301418517855,-1.394845783502021,-9.190021636317454,-7.195703698118328,0.26418276143134256,-0.08729310127414654,-0.9224554752334999,-0.1546244504951781,3.5823027120240045,-0.337297536743557,2.351794541362652,-0.033087118579039676,0.23463970460541642,-7.240470118032051,-2.656185564701603,-5.209423383302517,0.29120841576466105,-0.09279976647519944,-0.22329014623905097,0.12082592994884703,0.25577643004954054,0.053402197209847915,-0.22362551753877563,-0.3378817457395284
5.092719406040232,-0.08504015151138569,0.22185226138979783,-0.023960162588909185,0.25400822082863705,-0.021286775334808307,0.09968454504583332,0.47522724547814604,0.10391658945269198,0.22200906306702287,0.1020910357860482,-0.09754913284995333,0.11847474151377672,-0.06076678611175871,0.6072954079365526,0.057400116959759585,0.09613785347357326,-0.15016483950618845,-0.19879341847665732,-0.013602462152378453,-0.008946901718644741,-0.08040492374009725,-0.3503723215431403,-0.5795441349875612,3.745979933506704e-05,-2.5284828795970355,-2.268066087717527,0.16915939563900642,-18.366078673355883,-2.399498244976461,-1.6196526983505892,-5.531962453796855,-1.8040859948915422,-3.5774141587161297,-5.306475312196634,-0.001444800733304961,-0.14860497497635403,-0.06007722669180471,-0.010247482083990206,-0.11570778769341952,0.23314648878935007,0.058193452059155576,-2.2553849386186187,0.24952871831518011,-0.28856410556037765,0.03380676237570416,-0.4417492339279369,-0.1615570387493725,-0.17499386093230745,0.04511103895660507,0.02886201443269233,0.7927165351622427,0.3031692955271248,0.023524149534686536,-0.41351894543226,0.43603118977427935,2.925182226863443,0.0030243081626495642,-0.009360785523592902,-0.2488788934136474,-0.1891876915226547,0.005511634823439464,-0.00017104691238253202,-4.699650973310116e-06,-2.8417594420357015,-0.023609370194509656,0.03581635958897934,-0.07808254112497037,-2.636123703887427,0.1080719808169949,0.2073114312245815,0.2135167057193091,0.25486492888471984,-0.8010389760349774,-0.5542333964077863,-0.020726693824202003,0.05391107497087423,-2.9613853560586008,-7.592635370165487,0.16938987438000114,-0.1882665262605514,-0.7091339086413494,-0.6731077733900418,1.727220702672639,-0.6611071843878199,2.6486338603823723,-0.04776746741099792,0.1945292871165585,-7.296552282747624,-3.502021818967332,-4.501891757400087,0.388825684247407,-0.09593131352279204,-0.08086359969892667,0.31475191993270596,0.6048199372478272,-0.06943617647925888,-0.3322683677612608,-0.1371869138236289
4.508512023991974,-0.18044230937133807,0.3338024978389935,-0.0012498181216075695,0.2851089080034035,-0.19358499414740557,0.09453773090964676,0.20234663093995073,0.14732194713855978,-0.12218598211954931,0.043152514392164935,-0.08599599599617189,0.09939782424959481,-0.17259472241368468,0.442926258036352,-0.12236350646669013,0.09126323999818832,-0.1360392770174431,-0.7344027608002835,-0.07817873769404822,-0.021967092808007887,-0.09143621188196184,-0.004003267838144893,-1.4326130660496428,1.6864649794226737e-05,-3.8123973916679508,-2.323156456468328,-0.18453962017113687,-18.43136591490114,-2.0336438206449694,-1.6426272922511225,-6.480217201757449,-1.8727206145122806,-3.462092278755397,-4.953537938278015,-0.004188375218622167,-1.2750060053106274,-0.21339323216837972,-0.2758594370847162,-0.032882051346526275,0.2741887691955912,-0.0036359225256795023,-2.3461545914942135,0.2516914905074666,-0.27384375519292786,0.12730945534671517,-0.46485712922402433,-0.15669308223997302,-0.20898386488507867,0.07052851233487177,0.006136874016778912,0.8383498923382949,0.16500042929471884,0.04289672414406608,0.06562931324364106,0.4310556076911371,2.9211187196360355,-0.015697301535774512,-0.002907182715796982,-0.2966924165356941,0.38295026639272034,-0.07701962838165843,-6.140479759142927e-05,-2.4455075881514196e-05,8.123271597402047,-0.05630215101246961,0.039290739376464746,0.0942200192921539,-2.3098693979857265,0.14299671798224065,0.4820177020280327,0.14850566076599264,0.2930299473517712,-0.6106874600820845,-1.781832273760978,-0.8535947611616382,-2.0849468422772572,-8.527299626235443,-8.013809077429531,0.15264289093790845,-0.18146135286873225,-0.46600113806805904,-0.1333508911075531,3.0090328778556152,0.502036666291667,2.476685407048435,-0.012012727025308478,-0.047508485065029665,-7.516717185013038,-3.3734013886505414,-5.086546702242386,0.41856645887929145,0.8464988110629916,-0.1704696369666344,0.2376925072237412,0.7633584456489225,-0.07658508412750166,-0.2838614421880181,-0.2664176943453158
4.837520571502809,-0.14450837720468757,-0.18448587888512977,-0.0016362799984601325,0.30131435740031337,0.0243809831790052,0.09253877630884175,0.0017636316266106667,0.11623694991665226,0.40058791388843207,0.10069890163091452,-0.07543622726266773,0.11316106843937233,-0.06302303274671042,0.7381851284202495,-0.16296384612945747,0.0057613339841372496,-0.20130650351158919,-0.12705304444126264,-0.06667592233948882,-0.05639287434409448,-0.08026246588073684,-0.15258761935747758,-1.5007606643971239,2.3285440301515108e-05,-2.588396175797789,-2.2747300873217258,-0.16027708787999342,-17.898399838892946,-2.0981670778829704,-1.6188721070039678,-5.657727263379098,-1.7705667059235115,-3.556038842856557,-5.3165396797972,-0.013941963775765003,-0.3008663660704461,-0.16640514935872075,-0.3074776207559395,-0.062170241894494535,0.2468499173592426,0.020538591556232083,-2.2288878083428956,0.22392817153635697,-0.27205589351383264,0.0112530986325769,-0.45356232804295243,-0.16751917664378857,-0.1664791111197177,0.11442365452088263,0.028345821801738513,0.8226387123829925,0.3491700724374911,0.05121815918978557,-0.35295902229652476,0.47175686940677103,2.9463037630659272,-0.06796930736630595,0.03868846122670472,-0.19917151326441443,-0.1708559016265787,0.2216393865564335,-8.090258258868131e-05,-1.739392955737427e-05,5.160483135721815,-0.05580670892187361,0.07887919242607323,0.07203703014619754,-2.4297928224738023,-0.12338424204864087,0.5320850929856553,0.21562644995812486,0.25691902493908136,-0.7544191956436147,-2.1520845017477543,-0.8572412689291824,-1.1060670480897703,-7.3329399743733745,-7.887751455977224,0.15296856402623388,-0.19276267147606227,-0.5169177766322934,-0.14556201683873177,2.9128886351181893,-0.6088846299379497,2.541997512931884,-0.0529861558018994,0.22990295902104727,-7.367280781488869,-3.5174859663639917,-4.721963919542879,0.2615677071291581,-0.18432023443108822,0.007960700378601152,0.2997632357569494,0.6103897271585731,-0.1125377287943183,-0.3249780534589162,-0.25831332827921105
5.910969509980273,-0.16831884400823227,0.0707695780000868,-0.010933985433095207,0.31178624168873315,0.04060828742312302,0.1008269635158213,0.1655316891703494,0.14915214315143724,0.4418786098469838,0.02320105702141402,-0.09524129538380363,0.11704570875985425,-0.0565074064279701,0.7152950351067258,-0.17428000315837527,0.021792566088042482,-0.19525689806215393,-0.6373545963430948,-0.06813768232310108,-0.022350720196640705,0.021615349169692388,0.03648419365414633,-5.613427117735951,2.3176960011979532e-05,-2.6144558598659176,-2.3210754408775855,-0.19751841540400414,-20.18153948750929,-2.4805585052925028,-1.641402126484849,-6.840711980657788,-1.7658702932010912,-4.9372879306801485,-5.296989340321751,-0.0017677198309602126,-0.4733242902445837,-0.17814167944470755,-0.32992585662406815,-0.04163479507562284,0.33860252940732416,0.02611133396337472,0.071611142677549,0.1821980479069218,-0.2528519303914078,0.012688521031555372,-0.6077255427322263,-0.18233350913424728,-0.16476356248026927,0.13032812827999748,0.053237703968477657,0.8328611781602134,0.26587754684012943,0.21562195133180576,-0.34694156533804116,0.8164635042774939,2.8939029938454484,-0.04248456742592796,-0.0230273960809228,-0.09190176345688954,-0.1977716362490267,-0.0788837312148288,-6.685480971423558e-05,-9.374944664843492e-06,6.680198229514745,-0.0564028158455838,0.036798871572014016,0.05304771150858426,-2.361356514863783,0.003257261678385831,0.5112752271585475,0.1617440246244258,0.2543490172525738,-0.6977043211021549,-1.4491134537691712,-0.059059721988120276,-0.8050943555256577,-7.197053293519055,-8.026799635988649,0.15084971804379524,-0.09263964236560442,-0.6586097354128215,-0.5144189773767253,4.747186824315395,-0.6305166810455572,2.5334141284423333,-0.04796785635849606,0.24962182669593852,-8.021715527052855,-3.462237949898732,-4.6846166912459,2.1978586842137204,1.073926809318343,-0.074473858847573,0.22005808726523177,0.9346948909762076,-0.06781265793829393,-0.303816547027781,-0.2766065296330478
5.1352597496848436,-0.022373138151871724,0.23221784017608585,0.03778709034307916,0.27477435888034235,-0.18053196578457492,0.1000646039867136,0.31633704477118285,0.11350766637968744,0.20101305035841757,0.07289495935700663,-0.09366453985661881,0.10945728040994317,-0.06430972687896358,-0.09841494565751667,0.05539927259305745,0.04791194869489923,-0.18276127858488414,-0.15169397921422917,-0.014748915133467697,-0.0031657562813168123,-0.045864548811909545,-0.054071209187094016,-0.2040779479912411,3.3329102148310656e-05,-2.529152608644756,-2.258694827968747,0.1886499259924682,-18.14668880544745,-2.3818744588565246,-1.5960475464706128,-6.473261196486981,-1.7948384813404645,-3.6153922688426485,-5.276791947208536,-0.0014378193543164506,-0.25572451104361205,-0.06413992388360554,-0.03944813471695427,-0.106968506673892,0.22876998534868168,-0.6193901038519405,-2.2847769253369217,0.25232929542694077,-0.21791689702978626,0.03487966095024181,-0.3897062831952197,-0.20815476971441535,-0.19129376784761293,-0.07397626217943087,0.052342636012417704,0.8163299037626129,0.21921158025869183,0.06341505738029478,-0.34542302706092687,0.4465979539938092,2.9486116760541754,-0.1533732036379196,0.017268938963607067,-0.15483366584633967,-0.03379270506738629,0.1992705842299812,-7.724145624169357e-05,-4.727298981948597e-06,-2.2718060616924607,-0.023255576848900995,0.0418026294111231,-0.033665995932921224,-2.741838749743599,0.07834582914560359,0.23035217534835206,0.2058835023644345,0.18863378430285116,-0.7852317947871195,-0.5700618527409739,-0.010471105656685683,0.022945454796383206,-2.531825689379967,-7.925804945621586,0.1714239374965009,-0.18032357270271454,-0.645809430433213,-3.8477219985381494,1.7293703213934237,-0.6497696026393223,2.318987246325702,-0.06775831730073618,0.1865828859672625,-7.425562334250237,-3.4797716215876036,-4.030915008746899,3.069587730571977,0.9168976866400419,-0.0848698228836806,0.32614711263080853,0.5464733064787695,-0.09304890384651282,-0.3546934685083183,-0.04566149549783318
-4.139170935252259,-0.088566842631185,0.3459716401665326,-0.025397647450248032,0.4227934604112155,-0.02397311271580685,0.057768878345039354,0.5123479282263113,0.07293801360449423,0.16602151907743865,0.009737049464776576,-0.09881079997471194,0.03363352100221981,-0.2680193766986699,-0.04699216304534148,-0.05523262480718718,-0.030768367605566695,-0.16400887703566816,-0.1370386159991261,-0.039176225137161035,-0.004802025789011643,-0.0961552699020419,0.1280761107408324,-0.2621608118467786,3.7479899012363114e-05,-2.01916273212847,-1.6775016028718124,0.040356980060255926,-16.98967784734833,-3.2083645278798847,-2.1952009739318097,-4.239310296590011,-1.8808795260883022,-3.4155288506523696,-3.337824392079675,-0.0014323855707156124,-0.14652892241368543,-0.06481936118851761,0.050842245218570704,-0.1834348913769589,0.14281480754369333,-0.042705278935930076,2.2954951994547543,0.05211005834375345,-0.13801022951040612,0.025941818322304102,-0.4554342686266847,-0.1636769071383548,-0.17852712045148028,-0.060684487118963175,-0.02145958899415297,0.9176384569672988,0.28128086834927046,0.017947497500770036,-0.3524040276533532,0.4099109394071548,3.027067561828159,-0.05481991030868686,-0.08086906136508398,-0.0718182302286005,0.18199668885694317,-0.02599445235040359,-7.675563306773291e-05,-1.7418450624583958e-05,-3.562253373947387,-0.024088419733807754,0.005407994172197316,0.17545496359545568,-2.177008394411299,0.12177740197386422,0.1892368549787259,0.21940866172858425,0.2602146200276315,-0.8147764823127231,-0.5892872650795734,-0.006687256014272957,0.04523751293493086,-2.4227766578509256,-7.042067202958189,0.31318673612342546,-0.07977954244628269,-0.6415472505667817,-0.47080103888648484,1.5205342274557494,-0.3844288451444264,2.480086438038417,0.007771168961887809,0.13573403688675026,-7.296635716412288,-2.7499865087143185,-5.559818928398369,0.2062225247781876,-0.1387218465988015,-0.14573338949489115,0.16169165690439685,0.3931528161415647,-0.04131501211083141,-0.3236471044633908,-0.1503431805039713
5.251237220022685,-0.16609972086797845,-0.186276492765379,-0.007599648274946251,0.22988460156879167,-0.07826028200808,0.09949870798069721,-0.05657373753250257,0.14645370504872265,0.41674208312423056,0.04461294606825265,-0.09589274275202672,0.12900090293621794,-0.07123449258705608,0.42347223634598985,-0.22372322038336742,0.1029378791697118,-0.23933758161841992,-0.4543441165310064,-0.04238455668421296,-0.06841289509386572,-0.005222195550546207,-0.02107547452312728,-5.166112883548302,1.8981458768162063e-05,-3.758250668106766,-2.3304518513173518,0.1387152715301048,-17.734839619392886,-2.807673396528907,-1.6412345820578602,-5.674488551701759,-1.7817164830211465,-3.4369927876136406,-5.313414376173787,-0.0017704864220660622,-1.2704120397546863,-0.18037473561179926,-0.2989784748356936,-0.017964574129240813,0.3053661648754436,0.014016439579064616,-2.302272694868181,0.17466742864987023,-0.27507745401232153,0.028567667578751288,-0.6250688621992202,-0.13503381123005703,-0.18036195618955556,0.051161214798214484,0.006130989426726349,0.8036343365560633,0.1308463221138592,0.03249280106011139,-0.24768476257719546,0.2756776412196598,2.961395246462469,0.033761698313495805,0.025953251766489882,-0.2939769151269208,-0.020990637320252463,-0.05185821214666968,-6.20544269744015e-05,-1.0596372179900617e-05,7.815283740207816,-0.06059898461830796,0.05802604334693951,0.08031939647741516,-2.205018002897369,0.030949649512638087,0.5757986351495273,0.17134738204078287,0.25174857939410894,-0.5588985144887555,-1.7546007992969395,-0.207122174450459,-1.6170013097353,-6.891320846561435,-8.018010643548182,0.1511512712483081,-0.18179743980945123,-0.836259957546793,-0.9829273007114542,4.556992996164098,0.08483248487314911,2.504049735698449,-0.02035006322447872,0.010302124392273182,-7.5020015448586586,-3.4931239896119513,-4.87199115760152,2.456172840186322,-0.1660477019753059,0.0021132188373277905,0.24367463210289383,0.6439033114825469,-0.1021199070036919,-0.306146327915288,-0.26755231303094035
-4.385345448651911,-0.115227586118516,0.3259218706919201,0.000711784299446335,0.31268264468885965,-0.11091474154967948,0.06907859588586465,-0.1283943861354829,0.026671060287118298,0.3958062429521408,0.008413336402010379,-0.09373991935829483,0.11346675385919155,-0.1836766352093131,0.7579046272030069,-0.061193864297612956,0.04104029541936165,-0.17686720105414,-0.23344780324938857,-0.043382126874533876,-0.015107084384172853,-0.11538123569997291,0.0625715022816852,-1.6941278685254013,1.8831062719072198e-05,-2.0082642368957164,-1.666741425996051,0.14586210581286327,-16.54868152096032,-2.229782750376105,-1.6664347346502346,-4.4920993378313145,-1.8510718841702638,-3.2047080156370287,-3.5103506917025293,-0.0021658796813368167,-0.20333225713053624,-0.1335455313064763,-0.12190014551653507,-0.07762420778236707,0.1911134682554573,-0.6722705772268466,-1.2384172840866858,0.03697295539989769,-0.10871159698051873,-0.0027692217780275995,-0.4458446700000072,-0.19659388000910188,-0.17299667881207728,0.13739208667377478,0.010990899484301181,0.9387805271134192,0.16600033494461275,0.041669945916424,-0.4336375086309598,0.4026502153447847,3.029386252818824,-0.30326462273497196,-0.01184643502540863,-0.14526090441996167,-0.010632758583940683,-0.06784360706467406,-8.584929320067913e-05,-4.689863838778269e-06,3.9207477505477546,-0.02546450090935751,0.1144384037659018,0.17231447544577935,-2.4235042282604997,-0.035664729065329866,0.5117210780405723,0.21475895569571282,0.27733009462139,-0.6022102357094601,-1.439929638496407,-0.874937598056168,-0.989766149938685,-6.920638052019567,-7.11559971140893,0.29369942426459633,-0.08596587617436469,-0.4821117568957457,-2.1955451297717956,2.8585526239916987,-0.3475448594028451,2.3454924001862754,0.4688933963550207,-0.5087913309852906,-7.503354683093159,-2.6409788321894845,-4.613990119721476,2.4674595456636834,0.5526588583476522,-0.03371218129053033,0.2648645440502964,0.33351008256854725,-0.04202347438779726,-0.25311775847683043,-0.4812375525271172
-4.01595597286578,-0.10095371438339354,0.2578831598019815,-0.01141895227721752,0.33591240908037473,-0.0133599793181411,0.08568619605633888,-0.11845183478659702,-0.005266836155006927,0.41686526563853865,0.05183634512493311,-0.11057612212671367,0.12080406223065818,-0.07026293201378705,0.8298059303143888,0.06526869553548109,0.05946619584312778,-0.12132714492992806,-0.16397329038553043,-0.015061055898978586,-0.029773508420565014,-0.017972620050107132,0.06457057791888317,-0.8583444157054924,1.8762575757993844e-05,-1.4938364863734332,-1.6695870948904732,-0.0010985667313581238,-16.230451148964008,-2.058311950510068,-1.6441170414031863,-4.431351457255197,-1.854988878392241,-3.193183381435084,-3.615862264906239,-0.004186521335973589,-0.20233190417364566,-0.1365116843300178,-0.024259393977914906,0.0875908859728709,0.22396506345144868,-0.6425493036031503,-1.3029836987441472,0.031054129864144818,-0.1315725379135035,-0.008408887629173665,-0.4474885935053749,-0.19948068738331637,-0.1799785551218999,0.09676268073197551,0.01708338405079445,0.9311612505381162,0.2674900061173291,0.03596623153580901,-0.3937290314528611,0.43810241228903246,3.072156576660111,-0.02339642781843903,0.017303509773673346,-0.22761998641699543,0.0446038528437545,-0.007895713107391036,-8.152811389025612e-05,-1.5625615886491712e-05,2.1431567977760086,-0.025288046010324642,0.12165514633050162,-0.027589311313367563,-2.458341514015271,0.03679211357310584,0.5138115383271576,0.22286703046373132,0.3260195001701373,-0.4754065716025905,-2.0566706150970995,-0.0467263050546847,-0.8885979165240024,-5.596178870479823,-7.412928266179187,0.2671052631733374,-0.08730210139569367,-0.7661339174673354,-2.773990853139842,2.1397553986554954,-0.33763772395102615,2.4440397794721624,0.011552303010917118,0.21540475308049561,-7.307294358900715,-2.725025333806273,-4.041017557142839,2.695287717715005,-0.03850719737625983,-0.16330000876400672,0.2919188020640886,0.28991376876762104,-0.005854701994369491,-0.24899232128048843,-0.1863212958533879
5.2580153929769,0.12480515416836192,-0.03927910878850936,-0.042835076900975634,0.232851482783767,0.08920028927072567,0.1985088518571339,0.5164277691681314,0.10620103881058335,0.22310819933366355,0.4324770220532209,-0.09358827024864586,0.1237066592947317,-0.00789436351494516,0.6943351883523761,0.058263835321152965,0.04393666831207629,-0.17222047215455577,-0.1602442046679875,-0.014029452947479079,-0.02460673658369521,-0.06088294821125772,0.08269615157553642,-0.5472970163995639,3.7453197127779664e-05,-2.5872033213192176,-2.247471378669973,0.1546031145880782,-19.21198913517168,-2.3907769211351644,-1.6207070156369596,-6.82971227253593,-1.8031402349924905,-3.591392148206013,-5.265346993544167,-0.0014241025877640785,-0.15019408892270117,-0.046688970991171336,0.006264259288505729,-0.19819034973820462,0.19833658497235543,0.03977079998451404,-2.2062635148327923,0.2549946255145215,-0.30147459062481735,0.024304082155939377,-0.3849393569747366,-0.20895182341772195,-0.17024899074849337,0.05570624233755788,0.05601138975991593,0.7956598182693454,0.3348757223251785,0.033988260322039755,-0.35604950001438923,0.4803355126091621,2.9098947338484145,0.0030038380303392463,0.02385830276367107,-0.2614117627130413,-0.14760249268643985,-0.0016949929137351277,-0.00017663137770633375,-1.5372138302451476e-05,-3.895850659754662,-0.01941034054822157,0.011763589448582069,0.08019597440630018,-3.0241362051398557,0.04689547155977521,0.16973675560735219,0.20215197369161403,0.19465357227497143,-0.8494313656573885,-0.5433161953228702,-0.01374889307647411,-0.08589707343483736,-2.8833176678606596,-7.080162034261938,0.13754567694134417,-0.19631664830615542,-0.7430605646057745,-0.4782488691166972,1.740772788129758,-0.6487737361044716,2.6428595568600155,-0.03700630429464565,0.18430689869828357,-7.497837118449578,-3.4299673816583547,-4.595019048890142,0.2454323039707881,1.0623833069711952,-0.017134914787969614,0.32063381767022153,0.6228747695979233,-0.06591152052064726,-0.3111368030367035,-0.108430647921924
-4.300716676622101,-0.05627400429787813,-0.2573890380096092,-0.03369067039687364,0.27243905416342484,0.14336773663786334,0.07794120543225985,0.27052997534495266,-0.010598085987827993,0.19238544875950883,-0.02164723103412301,-0.10749570448028208,0.09525159219049927,-0.08646384610542723,0.6207565575876245,0.007409282147578376,0.01298583417440567,-0.13930183147925063,-0.1630938630776952,-0.02476017095613668,-0.02148403613978364,0.07616918949279544,0.14958726540297793,-0.5010541477622243,3.316846180293034e-05,-1.9166224704121928,-1.672835245859897,0.17652994901413552,-17.115043669871085,-2.005243939147402,-1.6997263943435605,-4.555443378412115,-1.8745429110169896,-3.006685186554196,-3.601020927484674,-0.0014219227957612533,-0.16627277458118184,-0.045764631231562734,0.21194856304222184,-0.08105410333561267,0.16760355359861764,-0.6089122316492065,-1.27851595113765,0.065614737479046,-0.12539591368037217,0.03815252790349422,-0.42225719674498763,-0.14814016972031455,-0.1764274702447093,0.05594300995457852,0.01779144510437803,0.9576129715682001,0.3172593561168676,0.03779040601521132,-0.37281181949800063,0.45100135562698485,3.041229093452064,-0.024602435097849432,0.013685410592003623,-0.0769778893399653,0.0098418860323225,0.0011273187947959508,-7.185995300841257e-05,-1.7403801625674724e-05,-2.9237449429423594,-0.023508806488490606,0.030472965391230847,0.13605012076163106,-2.6854178478814053,0.18786919728895066,0.20436939233485124,0.21264724841551594,0.2179922069252535,-1.0246468979483012,-0.4966086476014335,0.006877568500113095,-0.07146021858041847,-2.8745931524345214,-7.066840437099566,0.2411644472591583,-0.08987255149850944,-1.015872212299674,-0.5899128759094806,1.7441469388689577,0.04124600373139927,2.4714782724026256,-0.004003512802704572,0.2015664677406856,-7.270106835767313,-2.800277239633694,-4.57225140708067,0.18987701021229178,0.7263452454729611,-0.11907358847663808,0.31707259478498395,0.37787726047038706,-0.006778668531027349,-0.34814693323863405,-0.11865490948924119
-3.8898976161897196,-0.07663231821662098,0.3258038491395689,-0.01079398147633247,0.30690660209187026,-0.0676455414503162,0.0708614665688663,0.4106652166344619,0.11425941856805473,0.11226772038992047,-0.025850261756084306,1.1230948883455656,0.0269640057414061,-0.14653681306956678,-0.06731503649132754,-0.013113109453628263,0.034433999467127774,-0.21188051841692493,-0.11760100670259924,0.032861495240994215,-0.03290893105832399,-0.11936239469325373,-0.37805644574565805,-0.4929640982591142,3.7444801754532206e-05,-1.9934535717660413,-1.3346097521144706,0.005244851644715382,-18.064491939625924,-2.1278223211419864,-1.5993845906873823,-4.7253945705358955,-1.848424718327011,-3.156953521544307,-3.59252777573456,-0.0006626536594057768,-0.16886385565342152,-0.06876017487138342,0.249076184565099,-0.08321178960170576,0.19312336302568697,-0.6796734486230345,-1.3062507054339736,-0.007492218342206673,-0.13726994896869354,0.5175896811363847,-0.5257093792757994,-0.15248393041958963,0.17122628089089578,-0.15556782843162334,-0.005139847220855252,0.9431351315067991,-0.216136051708188,0.20219049772466696,-0.3740405199312728,0.5667642925416588,2.9732813056433343,0.055708559698961234,0.007449407875609492,-0.17740281929565418,-0.002300329482264486,-0.01909932833701226,-7.336202375746067e-05,1.8260657303202985e-06,-6.353194136740872,-0.028267124047151176,0.02846958135554604,0.17692710148252752,-2.460064847686278,0.2109324856994741,-0.05464102554845444,0.20350815827301388,0.25991941652049655,-0.634808026669414,-0.3879644441123323,0.0029497786930776744,-0.04649979615683464,0.9171975770402117,-6.980361621711132,0.27891940553572747,-0.09571184011501188,-0.6092398501282612,-0.5672289586402443,1.8277989574051663,-0.3253781141186497,2.500022057642659,-3.128601214865724e-05,0.16309069297292994,-7.286614789122965,-2.599196007620571,-4.2629784481393305,0.24522025500229946,0.005334842903485162,-0.06420686712203615,0.33331504223167663,0.21851952311565664,0.013538371110990205,-0.470089924222911,-0.17942094109344764
5.107761786591731,0.1286524157526392,0.26379326419448307,-0.018590830120122328,0.2706120872001171,-0.1779387898394076,0.09637279661636411,0.5103693873452727,0.10807614352432594,0.2022924876450426,0.05215847574464465,-0.0987214604960676,0.12268424647702537,-0.06954062975115594,-0.09742401328117081,0.06676301131975057,0.09102658422991776,-0.151428255199056,-0.09488663911770735,-0.01670819919291498,-0.012373874731857932,-0.04879467465334718,0.15617876732697797,-0.1927750626061148,3.74988129446601e-05,-2.6475579206589948,-2.2587762058373952,0.17728673584932472,-18.90957437723541,-2.33773560558919,-1.6134858681519886,-6.424714828601703,-1.782494880556457,-3.5883527475189307,-5.304900444964856,-0.001443849484374993,-0.12833274296571565,-0.06481290846221294,-0.0349945673970659,-0.1233494977392286,0.20777045245802306,0.06357446369887539,-2.2259389798064273,0.26287404728994923,-0.2751184804425691,0.02404586926230627,-0.3760561452588957,-0.20678426410506692,-0.1716640362034679,-0.07004621949537905,0.06377334765650403,0.8079259503730143,0.3776792766544861,0.005018295051340858,-0.23152593054067483,0.47521678120820654,2.933688808567646,-0.019289445220519796,-0.0012522461466552325,-0.2885462074160843,-0.14522577754126317,-0.08813573613037459,-7.702875577892562e-05,-4.670540889224367e-06,-2.5414154319025637,-0.02393224537873387,0.04001796093142108,0.09512409068947629,-2.804856068961735,0.059417668357110244,0.3211748706013486,0.20744211941999424,0.14511132726105774,-0.8153661023777898,-0.7032627511345774,-0.014794845006609493,-0.06856449836999838,-2.4676084341400477,-8.135200649318243,0.17217855005885715,-0.196988680790924,-0.6561393966305887,-0.5525948308353898,1.716755490902741,-0.6676514627005845,2.613022715550541,-0.034497357847249964,0.13514024879785966,-7.522969235899365,-3.548325960419698,-4.442305405392187,0.1813237637775294,0.9542442986793451,0.023801425703805144,0.33830260046618277,0.6502867456872938,-0.08445815204867443,-0.3484115690870121,-0.12731717749309324
-4.263954089366186,0.10479793598050531,-0.03326529532085952,-0.014804029669111804,0.3289926092385222,-0.05893572591556478,0.0721499078676204,-0.1295811279735677,0.009903459850048415,0.35533764117086925,0.3156378128634401,-0.09778167576436056,0.12917109300213866,-0.07353123103379748,0.6612296755392634,-0.08347063501456833,0.03869427515846694,-0.1778945868781715,-0.15299117256087635,-0.06266319965349125,-0.06304824171968848,-0.009313002262753646,0.1325717059239601,-1.4901097029506527,1.765846479405491e-05,-1.9102222552164692,-1.6666791047812914,-0.009203647600642798,-16.634904087533258,-2.0629025762529825,-1.6530787963628177,-4.274620312006027,-1.8795521844052592,-3.237314341675268,-3.668271864615596,-0.0017321220369912263,-0.19263670564107221,-0.1523500735159999,-0.025779597407926,-0.10684761167162571,0.1786090141493672,-0.6539406856351675,-1.305548313033023,0.042042478011557895,-0.12073894445572791,0.03127966974624667,-0.4573375637952023,-0.20265492413704156,-0.21189373036336648,0.14805858178996267,-0.026069153345504872,1.0408397146404298,-0.024904583959973962,0.022847282273498814,0.580774903413483,0.42460345821146955,3.0724287139373856,-0.164035406860668,-0.0023444510267529722,-0.11923963800662433,0.43657511225415324,-0.07442958307357961,-8.419656778119018e-05,-5.026242271414178e-06,4.225089422559088,-0.02453432569503003,0.09037396416837383,0.13426444884516012,-2.6534128307079112,-0.0016395027441890794,0.5039558522750425,0.1681126680477537,0.3067886078150276,-0.6052880667736643,-2.1012611816733777,-0.1994194300393066,-1.632745359669208,-6.674233392369058,-7.107804552215062,0.26180443224278066,-0.09583631880861465,-0.9623454535487711,-0.2223350336802599,2.8864504761957486,0.11547627391538988,2.378640840960751,-0.051356500285041615,0.21272727970339217,-7.847749479331296,-3.463887142586431,-4.521802284940233,0.1874205061245268,-0.14921156562581012,-0.08602419117604643,0.2551708950225839,0.29501991376835546,-0.014545175965705866,-0.24796910933374733,-0.49431046664746636
4.873650735589875,-0.10881235373902365,-0.20168580181853013,-0.022583854131419438,0.29222556801707894,-0.07400406086404948,0.10142565180542444,-0.13653652406158068,0.11263437266059592,0.3988890854623003,0.03839990249398481,-0.09154328924512227,0.1260073782391071,-0.07197326065995013,0.6622983792202304,-0.16896933059925504,0.0236729217272987,-0.20685955604753992,-0.1847286634028441,-0.06598876833976502,-0.03927954740499618,-0.08426107453379787,-0.15244764605988118,-1.5920175749731038,2.32043189992348e-05,-2.5844487796553577,-2.2579180730569623,-0.16459700316948345,-17.50052617313053,-2.0911676582513152,-1.629105322515757,-5.573885285942991,-1.789724850122474,-3.5568717859643737,-5.323422931387001,-0.004163732981940334,-0.1948528079453562,-0.149950348664061,-0.4335426296598788,-0.10264423556285758,0.27683773450153926,-0.6157647365454667,-2.2336841763365074,0.2286406792544974,-0.21017858595653766,-0.005251499820684224,-0.4732036439077199,-0.17344099736768698,-0.17995127723891377,0.10411461780833697,0.043689426213046945,0.7840100301732094,0.29757982173059305,0.048700090644079534,-0.35847455424758556,0.4542284311814803,2.9502015671103967,-0.17184064949690564,-0.0054725400802800896,-0.19151454718496017,-0.22291452784889193,0.013714077284949378,-0.0001786741898618934,-6.472530374877739e-05,4.806947928379708,-0.05617103517689512,0.07592822219761089,0.06989000493426058,-2.311972639181356,0.00554491297465768,0.5158642497378507,0.20586842106821382,0.24745131334659703,-0.7635459398489336,-2.081923382396656,-0.8575064564679786,-1.0818026257600777,-7.090989286574784,-7.898485849525156,0.15037949954904184,-0.19675404302714544,-0.5161064004827959,-0.23165832394103597,2.9248671748328494,-0.6207399753910773,2.519850244650523,-0.06546979097668264,0.2188309759621305,-7.586300743298376,-3.5579377926264715,-4.023683917424639,0.24512685374943474,-0.09661810613211558,-0.2010044449907059,0.29790437034736744,0.5200654283178666,-0.12544133857714793,-0.3444226961227826,-0.2678174382146607
-4.053236528957621,0.0600861664913931,0.3240079682752842,-0.019177934047281315,0.21044331737573035,-0.11028504221226455,0.07465960717256664,-0.09812736958483918,0.06016199932143583,0.37609535202090466,0.05457082512809593,-0.0897183274086191,0.11539197727941271,-0.19094985146030233,0.7077163121740488,-0.19065993645637208,0.007438545766512995,-0.1973950636802964,-0.18609830778441738,-0.07355720297026629,-0.06420076056339016,-0.08968530766267593,0.12242648013390132,-1.7222319698819502,2.3166983580022836e-05,-2.0048178856094423,-1.6607734797165559,-0.015587630184690756,-17.306151753044205,-3.7869336778288,-1.6192919884637158,-4.436246339928361,-1.855211918564866,-3.582805011748215,-3.599581889640188,-0.0040849066925550915,-0.3993480849013082,-0.15832092408879048,-0.06040998933840869,-0.07763451869076714,0.02353490541789664,0.08480110276551804,-0.5633037636335412,0.02591152267007154,-0.06914236917663451,0.010911929682897517,-0.3676334042993857,-0.1614028729658315,-0.16776262802737413,0.12388509016223162,-0.035216538104424135,0.963565003725294,-0.20965361551739414,0.24388084563850473,-0.38631098379456774,0.6347092463982367,2.9976441156343197,0.10499196712391147,0.01147677791122115,-0.24449283973966035,-0.14049974889116293,0.09796455669584217,-8.089955046035053e-05,-6.220031716921206e-06,4.366699019706411,-0.028505321652026062,0.13302299909666174,0.17518803446850656,-2.4281148308726053,0.045195541638007285,0.20341278562161402,0.16633352178088026,0.2814247044659636,-0.7541079588454163,-1.9677582179931203,-0.841281278226655,-1.2218072286607242,-6.016912737771398,-7.730538239598992,0.2695436108257289,-0.09761984071188613,8.442569602084397,-0.12446103260800594,3.1681329590175418,-0.3629035812778091,2.4434297466643757,0.021993464919450693,0.15229769068890686,-8.747636927483855,-6.233455995247717,-6.647020458060911,0.2697459732743439,0.5760847292889744,-0.10594779154597836,0.3121850077017262,0.37647541984886534,0.004221349556058027,-0.27076175807261055,-0.18407289198547158
-1.0629115976548464,0.08481926060049834,0.35899251413702155,-0.01397320296843079,0.24296653273545116,-0.15391265326184853,0.08717331357977881,0.5267202648416084,0.1060586187703122,-0.08782522817013025,0.11150407868075526,-0.12987418140747278,0.1389037798765884,-0.16002458185324142,0.6013273442300885,-0.0072816322142761234,0.051396998912662056,-0.19294215138201792,-0.2913617364897891,-0.007768016265758751,-0.04763546328528927,-0.09997341642103937,0.0578097110184133,-0.2282487514690969,3.7629493363651035e-05,-1.9862223761966713,-1.6981977057052646,0.1405566330152806,-17.851504218495638,-2.0551646023924013,-1.5743440009574399,-5.87691454998066,-1.8544377237367047,-3.5260764578810275,-3.422333152457032,-0.0008608807175854362,-0.17002518134857605,-0.06466882666391915,0.20921180019680277,-0.14501227605424252,0.13922115059580675,-0.5816936595442892,-1.1847214506809012,-0.04117448774179193,-0.2049709394341411,0.045808619812744554,-0.4383677477613862,-0.25245898000938743,-0.164258030441885,0.09017582051873543,0.03321180728354526,0.8197374129351822,0.07205361200487954,0.019841907208584815,-0.08035510463206226,0.6769813117739498,3.0023550069785694,0.042950527418930455,0.032008004868062996,-0.05898652411862264,-0.14705641760602195,0.010376249214964864,-0.00018367176543974674,1.9523142705794546e-06,-4.74448749029332,-0.02505535165468273,0.15157438389121036,0.17153585852963552,-2.38276113216089,0.02527529510140268,0.1821415075483116,0.40508454828138013,0.2667063589458375,-0.9760925506135851,-0.9878742637297756,0.0011881403824790312,-0.13037849840888244,1.0008544276156877,-6.936169771536206,0.29141730642915287,-0.08658542064060218,-0.6363164218905407,0.1397333896104385,1.7916901254197861,-0.31675913350941143,2.582244859256255,0.007813178716822586,0.24379112125077462,-7.403281647750463,-2.8677173938235243,-4.0838735408712346,0.23493189448044993,0.8712050273665948,0.11175562541276632,0.3219028595844082,0.33196228838580844,0.31018738729907464,-0.30050844218278244,-0.056497437399978034
5.082232064970652,-0.12342027765574706,0.24358627718260775,-0.01202166040898093,0.2741330880077061,-0.07559015340631974,0.10088277110180288,0.07115935670961572,0.03292020359393906,0.40457167316553905,0.20373595372550252,-0.07120470336140207,0.12159576777279006,-0.055155812104363086,1.4981380554722101,-0.06760014860524244,0.057496446199023096,-0.16979588234407728,-0.1395969801086856,-0.04129634277000876,-0.036224422456831475,-0.07215635937897849,-0.14929058034422032,-2.814976423433134,2.303514545030122e-05,-2.523230311701948,-2.2588717500634066,0.09456313220212045,-20.053189201920606,-2.787885570343873,-1.6297271236956772,-5.541892659689578,-1.8284367155590717,-4.928770664523102,-4.348378420847615,-0.004172946264130488,-0.19254393576436996,-0.15366137811340094,-0.31478193255383896,-0.06590078211011248,0.25684077216492684,0.024825155981327868,0.24791940144596172,0.23461020614304198,-0.2683015438766315,0.012914689826021272,-0.48850890661296587,-0.19171804847355675,-0.16322164767258995,0.375161777756512,0.028131236016624525,0.7898729956752963,0.42357682204488245,0.02860302553812971,-0.37700588785870404,0.4606032517799943,2.9241841062140357,-0.08969276188015561,0.016066259976427258,-0.3034435730035934,-0.22947240458556095,-0.08004433760068924,-8.578823395732763e-05,-1.2947696355243347e-05,5.598809486921894,-0.05158699898765245,0.06992025976344454,-0.05796892318473051,-2.653038932926087,-0.10199740436567464,0.5182870055459203,0.2195787507767239,0.31349540482069815,-0.7326307850900193,-1.3343117561419173,-0.8586795267875802,-1.1039757499662037,-8.58090953113691,-7.959040799139341,0.1555790996667703,-0.10429300792786543,-0.5222685355228751,-0.17005246074455985,2.897053066021016,-0.6385443088912055,2.528038289761212,-0.033428279312252,0.3159084070061949,-7.413153340407805,-3.5134424782941336,-4.551349904351942,0.40128323724968906,-0.11292123082250317,-0.063702203158975,0.31397081871551624,0.8410265473660854,-0.08532701166089471,-0.3085631433585976,-0.25562073222189535
4.976239173817703,-0.09004180921057398,0.2686863190079719,-0.04506149722146748,0.30696937580035033,-0.19250143564509148,0.17693482950127315,0.13180336425036132,0.12284407211482237,0.40957099965632643,0.10931958479522708,-0.07984090797952735,0.12828495286124628,-0.03621648400865122,0.7668368667944677,0.05331355986167874,0.04986256281346029,-0.1554673105919856,-0.15215695542332466,-0.041427766454117484,-0.02199593837138611,-0.07795053167246944,-0.07021555525359388,-1.043790081513097,2.317379638057297e-05,-2.6493631720278885,-2.260334192731383,-0.14067377253916702,-18.310978010567283,-2.0210957795320366,-1.6264375355906342,-6.416923143851893,-1.779096211384186,-3.576788501957134,-5.336380711996194,-0.001758753944690061,-0.25391376154668766,-0.1293859300205028,-0.21048965054556087,-0.09706078902579685,0.20359386601664653,0.029563409951775328,-2.244151027559338,0.22538524457351944,-0.2774186946790401,0.03748542761031365,-0.4128648002760167,-0.18144379104508948,-0.18449570543410115,0.0749156786209511,0.0563854245675343,0.8137177919837458,0.37550658825181693,0.03959995665089613,-0.41792589914969314,0.450978319056547,2.936949306601328,-0.06781954695478673,0.04440213030396592,-0.1516018496300289,-0.19272121254680824,0.10820774230167007,-8.038092497983024e-05,-1.5476414681312142e-05,0.883025785536389,-0.023564331735962545,-0.00387393606189965,0.09225775963700637,-2.667260411284987,-0.07894883297515382,0.6077175622427788,0.22058278746809776,0.25420563195324736,-0.8112274587226608,-2.083056942126504,-0.026950857762365853,-0.7840884969539834,-4.498659424301026,-7.927551439425356,0.16931078781978365,-0.19691334651676493,-0.6478076563185954,-0.44312633957966935,2.150375398927878,-0.6356850645466395,2.5792765447302752,-0.04252638598186283,0.16176709860273414,-7.644424046146069,-3.493971125724438,-4.493600965322965,0.3553521606506153,0.9318208924339257,-0.01852598320657066,0.3116449832757828,0.5352095948818766,-0.0853972373275282,-0.3487871805566978,-0.14173428522587364
-0.30586470342289657,-0.08055334585239898,-0.22996322481235953,-0.07925920563492993,0.21040690528285735,-0.019357306398445604,0.06212472475827005,0.520605624575277,-0.01739666011639531,0.2054229817316699,0.04898091875715305,-0.08818986208374285,0.05073354347466093,-0.054484849666262374,0.6050784611581844,0.026012231600675326,0.021709893364019045,-0.14709403899063564,-0.18304316002995447,-0.030295694741428063,-0.0140345647590945,-0.008471194076683102,0.09307506102292683,-0.763356646512342,3.762328024179058e-05,-1.748275206757091,-1.7036401032670545,-0.16854109880371534,-18.62216318186809,-1.9889273715821976,-1.6463077973356701,-5.042974880470249,-1.8390661674395188,-3.5956650041549003,-3.7603894342741615,-0.0014393828059996294,-0.1706754143066714,-0.04935183249237308,0.17310358041329424,-0.14016848405267976,0.10384419421463209,0.0445308660968181,-0.7269550563877727,0.18056643998212218,-0.2871972285540737,0.020198267818083482,-0.4421178259010357,-0.17420725966620107,-0.19705701085867122,0.047645138456005855,-0.0052530419944161605,0.8385465365821301,0.13918348570913416,0.03695932717427067,-0.3275157232895507,0.6681096881102544,2.9982021363249305,0.015570563617306526,-0.012511084887434938,-0.15635154463278356,-0.21350481664622453,-0.008027233351319947,-7.813228252394488e-05,1.5254975379925787e-06,-3.9761884130003184,-0.024861925206646315,0.0372489336256494,0.1379255055589644,-2.6036042480165,-0.001176750742096836,-0.08212099054041988,0.30536019263287334,0.38461482802145547,-0.8004056839035362,-0.5142861358743837,0.01612520203011969,-0.06508757787512744,-2.5660929375271255,-6.807219943698697,0.16083671203824831,-0.08424504052509553,-0.6987523312516343,-0.6312067985745323,1.9718646629008747,-0.38035222626262444,2.6182059008223595,-0.02845890765634372,0.2567577008423632,-7.432749586069338,-3.0006430671104227,-4.168957347574386,0.43454458617879704,-0.1143817254665006,-0.009566051918878202,0.2951876371501555,0.4553598490533059,-0.05571576434173542,-0.3812953202462258,-0.021923335873405808
5.0444152128253945,-0.005784637281364746,0.28238934901177576,-0.05515884060857755,0.21060244848425594,-0.02257393075033267,0.1022867316798389,0.5445735750940742,0.11472519607060316,0.2152011368102847,0.05032349351273787,-0.10267402528807222,0.10774045927214511,-0.05785283901454541,0.3875121780672732,0.04831135933496854,0.07431753367736985,-0.16969759716697988,-0.19196383134517292,-0.018122809831877286,-0.007394614290958898,-0.059183974516799354,-0.19995600740614639,-0.3841137867781981,3.7575514486981886e-05,-2.6749930239154645,-2.2609932825798857,0.1310274176602833,-18.138703899166543,-2.375431970950437,-1.6347709107253547,-5.6376006128319,-1.8024905768778778,-3.54024726046544,-5.27668171295212,-0.002541002262420652,-0.14186357853881806,-0.059305057097208375,0.023346472050396937,-0.12911886506960746,0.1839686297261459,0.061204875216378116,-2.3021302161420745,0.18990492704509523,-0.2815979115737992,0.011922533974678733,-0.4028810456472289,-0.22208150283002331,-0.1818590044131033,-0.012480179951510698,0.029290968280246823,0.8008660971211824,0.12664054040016479,0.0583945124078463,-0.4167387929288408,0.7044222306210013,2.942319549152857,-0.033596223642390385,0.030459376333546156,-0.09099051013640247,-0.008333970432885734,-0.009159932779058926,-0.00012915737065043024,-4.6149348565306796e-06,-3.393243734249881,-0.023445522391347617,0.0409104373216935,0.10062339378608677,-2.7172780346481216,-0.024417083898104135,-0.04365050548070931,0.27415087623869555,0.28383066410261515,-0.8964911394370797,-0.7075020088379154,0.005964636894401341,0.02024250981029569,-2.6688913947386705,-7.030339694791118,0.16502021740905082,-0.1881673410935799,-0.7365889075412273,-0.38312998398430076,1.7306442442416206,-0.6376305600646207,2.64298201020771,-0.04169755736732563,0.07695791463608416,-7.383402843287262,-3.4228108327138567,-4.325083057214344,0.23694023506185952,-0.15488975862057908,-0.12579412945555937,0.34222546084180927,0.6291592974720891,-0.10007065672632005,-0.358098875255558,-0.1027738017109944
