cm_angle.dist_ctr2best.mean,cm_angle.dist_ctr2worst.mean,cm_angle.angle.mean,cm_angle.costs_runtime,cm_grad.mean,cm_grad.costs_runtime,disp.ratio_mean_02,disp.ratio_mean_05,disp.ratio_mean_10,disp.ratio_mean_25,disp.ratio_median_02,disp.ratio_median_05,disp.ratio_median_10,disp.ratio_median_25,disp.diff_mean_02,disp.diff_mean_05,disp.diff_mean_10,disp.diff_mean_25,disp.diff_median_02,disp.diff_median_05,disp.diff_median_10,disp.diff_median_25,disp.costs_runtime,ela_conv.conv_prob,ela_conv.lin_prob,ela_conv.lin_dev.orig,ela_conv.lin_dev.abs,ela_conv.costs_runtime,ela_curv.grad_norm.min,ela_curv.grad_norm.lq,ela_curv.grad_norm.mean,ela_curv.grad_norm.med,ela_curv.grad_norm.uq,ela_curv.grad_norm.max,ela_curv.grad_norm.sd,ela_curv.grad_scale.nas,ela_curv.hessian_cond.nas,ela_curv.costs_fun_evals,ela_curv.costs_runtime,ela_distr.skewness,ela_distr.kurtosis,ela_distr.number_of_peaks,ela_distr.costs_runtime,ela_level.mmce_lda_10,ela_level.mmce_qda_10,ela_level.mmce_mda_10,ela_level.lda_qda_10,ela_level.lda_mda_10,ela_level.qda_mda_10,ela_level.mmce_lda_25,ela_level.mmce_qda_25,ela_level.mmce_mda_25,ela_level.lda_qda_25,ela_level.lda_mda_25,ela_level.qda_mda_25,ela_level.mmce_lda_50,ela_level.mmce_qda_50,ela_level.mmce_mda_50,ela_level.lda_qda_50,ela_level.lda_mda_50,ela_level.qda_mda_50,ela_level.costs_runtime,ela_local.n_loc_opt.abs,ela_local.n_loc_opt.rel,ela_local.best2mean_contr.orig,ela_local.basin_sizes.avg_best,ela_local.basin_sizes.avg_non_best,ela_local.basin_sizes.avg_worst,ela_local.fun_evals.min,ela_local.fun_evals.lq,ela_local.fun_evals.mean,ela_local.fun_evals.median,ela_local.fun_evals.uq,ela_local.fun_evals.max,ela_local.fun_evals.sd,ela_local.costs_fun_evals,ela_local.costs_runtime,ela_meta.lin_simple.adj_r2,ela_meta.lin_simple.intercept,ela_meta.lin_simple.coef.min,ela_meta.lin_simple.coef.max,ela_meta.lin_simple.coef.max_by_min,ela_meta.lin_w_interact.adj_r2,ela_meta.quad_simple.adj_r2,ela_meta.quad_simple.cond,ela_meta.quad_w_interact.adj_r2,ela_meta.costs_runtime,ic.h.max,ic.eps.s,ic.eps.max,ic.eps.ratio,ic.m0,ic.costs_runtime,nbc.nn_nb.sd_ratio,nbc.nn_nb.mean_ratio,nbc.nn_nb.cor,nbc.dist_ratio.coeff_var,nbc.nb_fitness.cor,nbc.costs_runtime
-0.008119839352470017,-0.05672936299013111,-0.05869358303351689,-0.0036710785644823705,-0.0033196323103661766,0.002610064744182729,-0.06383918950071783,0.012259217918420363,0.05973942841168837,-0.16513481316872844,-0.012555914118176862,0.04187733022251711,-0.04494864020899496,-0.009366117404712502,-0.0398434762545397,0.029399659590020773,-0.0014664753306017362,-0.08246521087035058,0.011702008669026986,-0.008737572130943987,0.001682582242843756,0.3394936952225201,-0.019079887771881833,-0.8952100806001677,0.0,1.1788726929309786e-05,-7.038713142268349e-05,0.10534541392465839,0.07257522292936866,0.31715666822590943,0.008841035467000385,-0.02400723970624276,0.003536336967109808,0.002939061020794005,0.011028117762956877,-0.0003443446655491648,-0.03654503503989462,-0.8155076302623021,-0.3623072102601534,-0.05355706962440905,0.006494812607015956,-0.0038993543069703912,-0.01438451659725565,-0.12772572071335409,0.0017815262499801421,-0.004411877954506143,0.004452476043466649,0.012788533335616772,0.018473228472952147,-0.019520494735330615,0.004406425241458982,-0.018263027729104826,-0.03524822616095278,0.00585810505384958,0.0003615579391551245,0.010884282209659082,-0.10280136224584839,-0.022620597460437666,-0.05186586847034592,-0.08467981176531593,-0.02390124464900933,1.3037638462620038,-0.0019371031294453036,1.0530718911748622e-07,-0.149062239495733,0.14097118366263323,-0.002516970557779361,-0.0017157181800421643,0.011600189019798875,0.07645328943103295,-1.2245961059865367,-0.6857057532150911,-1.4007859212310474,0.5282352831018097,0.0569620722593467,-1.3601685445896738,-2.069424253674379,0.004403928013391319,2.3147797376133888e-05,-0.0007242263321886531,2.0723534049756808e-05,0.009480469152503203,0.019163255467432534,0.00976506843425084,-0.019671206561526284,-0.01612673890128999,-0.01641123621459592,-0.003325114672730201,0.486886775913878,0.04248396050697564,0.24117168645635442,-0.04958448467371129,0.004866448613672727,0.08756855006140334,-0.05174109548052214,0.064365178885528,0.026797912230431205,0.028249142895593802,0.1835278520992095
-0.00492469420984259,-0.04732513647261291,-0.04558347768910426,-0.004029352480198323,0.019407304160456218,-0.002576095240180027,-0.08100348845944808,0.01027300929348701,0.05393738987265616,-0.11519865212586493,-0.014560492560764774,0.05656679499991681,-0.03521077463989115,-0.006360287675362244,-0.03657515585336852,0.04538211141110619,0.0007947859928694892,-0.06697480847216503,-0.005796204853841715,-0.003561035844945076,-0.018948962887096747,0.3421508215767218,0.005722508538811619,-0.8884377688575791,0.0,1.1782070622844212e-05,-7.050369200279807e-05,0.05058973602669069,0.0722498420557906,0.3019184709140087,0.008818650126329677,-0.024424009865868866,0.003535786190894918,0.0028663101199495,0.011026205266350904,-0.0006024299603540425,-0.023860596136601617,-0.1816065224826393,-0.43598329319361157,-0.03121572632898634,-0.019968624451452772,-0.004489587269134474,0.01461491702236671,-0.13257310004097664,0.005056882768668136,-0.00802799450232657,0.008197740873200349,-0.007629287254709615,-0.00016903584666811558,-0.013654196245485783,0.0005426386846296412,-0.01969843782382988,-0.021339450360046554,-0.023512229772834098,0.003270822682786133,0.007271062236854022,-0.10364202503356292,-0.021324766759028432,-0.052775996301470306,-0.0704862515068778,-0.01604418396800314,-0.09922900810488157,-0.001918908257328933,1.1722898644211163e-07,-0.14762677948003214,0.1414604358094522,-0.002497275934981181,-0.0017093456106658078,0.009483445253714782,0.08921717379421222,-1.11569095566179,-0.66241442066717,-1.110903767378172,0.5082467431622085,0.022279388051236037,-1.280779697581125,-1.2376371036222082,0.023723877508829882,2.3899401916869834e-05,-0.0007362513582277188,2.5096291581808088e-05,0.0107323352364992,0.012398247462520766,-0.06238886266336785,-0.01531973856879056,-0.01732947471075659,-0.006419945152298331,-0.02409203620686224,0.37191915078109844,0.04167485315201403,0.22483564634686243,-0.056035987189111035,0.007909567507257182,0.06894317286100692,-0.05735907235284697,0.060376010828063306,-0.018597940463529316,0.01275840421236421,-0.027523684518682534
-0.005777078475944952,-0.041894597144269574,0.04959646404415867,-0.002257568965709325,-0.012860074183719768,-0.005363456267366277,0.5008635435315383,0.005219033234089673,0.05692759932723071,-0.07887765464147263,-0.019411378237268007,0.034799046772905476,-0.008494263084562447,0.005188765335747529,0.30334484546293355,0.006845648782169332,-0.00853884355754691,0.017440134777043086,-0.005603266006555888,-0.0033676785284333685,0.03740607683538738,0.32876764925853313,-0.060870266324425465,-0.8936610180428847,0.0,1.1622663032596449e-05,-7.297227382071551e-05,0.009459982418386517,0.0820312302256354,0.12132943960569693,0.008919504444817887,-0.002133186563605309,0.004195152069940796,0.0026855140314358734,0.00974413089406942,-0.0003443446655491648,-0.03802599067768437,-0.8209870532490988,-0.4156844767592532,-0.06049728173239932,-0.009797436503866804,-0.0015031588672541909,0.0007294912625422431,-0.19255260595023008,0.008534172558481734,-0.0049626088368369785,0.014232110717573318,-0.008906664335241822,-0.0022091266704507718,-0.010899083353293358,0.005186700777651914,-0.00940170501295921,-0.029456081954870886,0.004941037049731827,0.008672646702143476,0.0031634272960663103,-0.06923912485212047,-0.02162873670085297,-0.05193225362231638,-0.11082051374957042,-0.026824182026293893,1.2810311634926965,-0.0019177040511721356,1.5986510571577915e-07,-0.15981754801734566,0.21906093496481513,-0.0026033194837686894,-0.0018684512289381904,-5.248511717951727e-05,0.14823340730798776,-1.8085013657248656,-0.35693173504281017,-0.6514036600497033,-0.16957178296740433,-0.2898526468838155,-1.6226703006632919,-2.101781988378902,0.03384638560703971,2.3185539659886425e-05,-0.0007351411126339431,2.5096291581808088e-05,0.0038569081562649654,0.016855770946205866,-0.03818616567130468,-0.032441139703441924,-0.012443522585111952,-0.010445023686329503,-0.006777827117904224,0.40951117545722665,0.061645159404718944,0.24207791245880753,-0.025855584065070162,0.007482177759929673,0.10963691320936512,-0.028854986997415955,0.05186065450940126,0.06251404596355853,0.006288589941484506,0.15750354173077166
-0.007800101905393482,0.08068752876901107,-0.05773443999038492,0.0037828733512821483,0.018179445031554376,-0.0057629245591871,0.26721244440844455,0.011538564909920158,0.06371874482263044,-0.1078700847444243,-0.014634064238166041,0.06968800284063416,-0.050911710830320686,0.0027632277820557353,-0.04361666127015402,0.009483727588784522,-0.0024670963039921984,-0.035180824837724854,0.003320483723468054,-0.018856509036879503,-0.02772966575862556,0.342996115538813,0.10030262916100435,-0.9261399748993698,0.0,1.1787585487941231e-05,-7.164121572494956e-05,0.05988929030664097,0.08267102990853631,0.3336431878166672,0.008837033240135598,-0.023768824919111847,0.004022821879699298,0.0049293972208549934,0.018017982912938026,-0.0006024299603540425,-0.03443604633212144,-0.21812928946799476,-0.417717328667687,-0.05900978038796706,-0.01796473864281035,-0.002961775558098149,0.004062658004642707,-0.12127793674768585,0.005532127332057428,-0.005412187417820232,0.010003787298521,-0.0070065294316591295,-0.0004593642198582536,-0.017063164101724954,-0.03176495483744179,0.02887134906281658,-0.015093884244172852,0.018179226624452205,0.002601931084516779,0.003184990239601698,-0.07016148073515001,-0.022132423163581556,-0.047300055190645986,-0.09928300369076973,-0.011155700715846505,-0.09415958233385528,-0.0019169400226397865,9.752329845969573e-08,-0.1567478447139779,0.10830460485580143,-0.0025073608155194525,-0.0017154832543168493,0.004158948678733027,0.09315538027386668,-1.6307880322643218,-0.6945047500379877,-1.315043219497419,0.6364304103661719,-0.017953537819212002,-2.0832345062764466,-1.3286104161392138,0.02014578935880317,2.3810074099469237e-05,-0.0007341068228864945,2.480518169907058e-05,0.01416441082334939,0.010820630788716,-0.07573125935932536,0.4118513348194176,-0.017888146581773946,-0.01378907831345568,0.3391095459224722,0.4351174470750629,0.04088125090392019,0.22177105412481785,-0.05490194968169957,0.054191088895556024,0.10799633838697545,-0.05671753019038593,0.06568658193754344,0.04885450559245038,0.0062824771511152105,-0.024562516712292874
-0.0013619317508971034,0.08618826444419252,0.05216206760424892,0.003430264773499497,0.0036041049765374285,-0.005375396963271559,0.16121462485617638,0.005821843736125341,0.06503324217995682,-0.12058361355070155,-0.0034642366513119847,0.0685837062597977,-0.06909369591654273,-0.003787681650143579,-0.02949432046054315,0.003725960865757614,-0.002754248080320139,-0.08082616582759013,0.003798926865957686,-0.016483740177093396,0.0027253291679654817,0.3503297836417334,-0.06870674874294337,-0.9925517784433707,0.0,1.1788381915265387e-05,-7.463828122092792e-05,0.005183768411283243,0.09526640709917616,0.3145689565783748,0.008760036377834615,-0.010388333964772428,0.003799996990509579,0.0036385175164113763,0.01716664116570331,-0.0005923089684009102,-0.036317437647056215,-0.14533703674745457,-0.3270946587811724,-0.06332842089273646,-0.015659579802430927,-0.003196922709587442,0.013057207310994186,-0.1300765699370685,-0.007937618431091906,-0.0029912942484585266,-0.0004768279987763335,-0.006813595399336034,-0.007837716405055692,-0.07038047882004421,-0.013800350627957281,0.02132425792036535,-0.04130583620531818,-0.01499434318490227,0.002658153128197666,0.004417734510302334,-0.06330278371310061,0.006996482094530629,-0.031455008068587455,-0.06896593099456545,-4.435053960639167e-05,-0.10412858953447446,-0.001917812429645867,1.1722898644211163e-07,-0.15228997690266938,0.10879227826895962,-0.0025086409915503526,-0.0013380484295464055,0.0033425678210129085,0.08906072497473885,-1.4821592615384263,-0.7058641625792474,-1.0620266701678103,0.47092104892847453,-0.014728932836961302,-1.6506619928859791,-1.2949916004284314,0.0177345030549051,2.37888072270174e-05,-0.0002787763116937127,8.655144138308555e-05,0.035559074573950494,0.011052172144542963,-0.026464419075229294,-0.01900822187921532,-0.02479878480556596,-0.026149449128523475,0.3469216629418339,0.40097991549052797,0.04127318187435764,0.22729135585329852,-0.0565695614454864,0.008367342115536575,-0.016912133114045567,-0.06032900646817805,0.029144954877458478,-0.04209213154678635,-0.004872919811114358,0.20553731597419192
-0.004469898958730784,-0.06337732140105062,0.054442494198169086,-0.003632240502263923,0.01171875286978139,-0.0024660066014048714,0.15668212185538438,0.011568142981802362,0.05977019502588878,-0.1519405540581834,-0.01849168280372919,0.0409981004014531,-0.04503684765952502,0.00392683129880373,-0.05103374517557568,0.02938273840743438,-0.00281534776400509,-0.06691311657654059,0.0033009029154757747,-0.009932503105328061,-0.001974238759595165,0.34443768730149893,-0.06879747858090407,-0.8806187403178947,0.0,1.1863637322485515e-05,-7.398473367822565e-05,0.05298621683576902,0.07500062449767601,0.30237953049288563,0.008849209818970631,-0.010721965602336824,0.003785451169041189,0.003716801762843782,0.01716801557882835,-0.0003443446655491648,-0.03655842709114271,-0.8202882075101483,-0.3905040427880598,-0.05822921370759126,-0.0205513861569976,-0.0032819864701028683,0.011630174954994367,-0.12783532804671685,0.005340350548848656,-0.00017854169572237505,0.009183227502600005,-0.006836682167063767,-0.0011225928287674975,-0.017162045205505985,-0.031569118288900744,0.02202430572009829,-0.020195526648553782,0.004713153812739622,-0.004131739866429077,0.00853529101582964,-0.10386531012992521,-0.021622098381443404,-0.04454571041391431,-0.08220482277890793,-0.021713404534510615,1.2846075174937992,-0.0019250375177061521,1.4794330839115375e-07,-0.15823899891043147,0.10832696388005218,-0.0025057441256402793,-0.0017298702563748349,0.003901966858776042,0.08500102609496686,-1.2871961722543799,-0.6978277249336066,-1.1322006967668763,0.41609907302716276,0.05974348413330993,-1.718835069018551,-2.0859650859276475,0.018584127132858563,2.361516092481947e-05,-0.0007337783843791055,2.5096291581808088e-05,-0.004915227773113671,0.013589910772919739,-0.07342152535016024,-0.014393337845064254,-0.018109006176712808,-0.012419065241589788,0.3420907788060886,0.4023161477427193,0.0405167937205061,0.23122643535027101,-0.05420235657892664,0.008397346940421428,0.08119929774341934,-0.05360852510526769,0.06675899627830614,0.025685968119244076,0.014907847200446977,0.15282874116734976
-9.46530637965167e-05,0.06421237625213057,0.24240707078529206,-0.004169111887617007,0.02162888687174045,-0.008705189462944287,0.25118754151113176,0.008244489762831026,0.056607465003612294,-0.1420386342314309,-0.02144330957680477,0.06598171563657775,-0.043685163748278424,-0.008674804501657448,-0.05239471819681947,0.010726402098039888,-0.0046434906796912435,-0.07904138669377148,-0.0033755043937180994,-0.021451095211886918,-0.002773843553382405,0.4697188100041298,0.03136769545463297,-1.093724194388774,0.0,1.1754116720088133e-05,-7.023164085364545e-05,0.06857596638072769,0.0731182016481893,0.33782599003941394,0.008700840205726661,-0.02359318633655194,0.0034344851200372797,0.0033541212513592965,0.011850714438794556,-0.0003443446655491648,-0.022987797618888917,-0.193631771975437,-0.42175559749765407,0.09436931512974545,-0.005915444250902721,-0.0037319228732965114,0.0034987798814467143,-0.13138119389079692,0.00452384894366942,-0.0017226794863401582,0.014228000814723854,-0.006517387687103244,-0.010326985801840941,-0.013898591836339517,0.0007382755637133428,-0.008575651567053238,-0.023917040930324727,0.04096279053294187,0.0035662298149367073,0.005912083206340758,-0.11424313997328445,-0.021255625477730515,-0.07249219743461281,-0.07303855837428735,-0.018091992597890343,-0.10222521629543364,-0.0019234858068201842,2.0089247796722584e-07,-0.14736559773426977,0.14094770077117447,-0.0024032717321875972,-0.0016690810498256573,0.009526103209632304,0.04425986547674136,-1.5598938326657272,-0.6822172013625492,-1.2321206002843224,0.49661736154514885,-0.05661678802016806,-1.734960239364887,-1.3947728513826683,0.01888950841072971,2.3899401916869834e-05,-0.0007337283108350185,2.5096291581808088e-05,0.022053488233040944,0.01866198490961077,-0.04601658648749044,-0.024930867580553403,-0.018472391730161308,0.22817047490773396,0.03896001957952389,0.40817983805581454,0.04125338976526396,0.10985518395352772,-0.02776592995641761,0.004149923198468342,0.07815340081651978,-0.05425699728498729,0.06754464744142899,0.030918848515644845,0.010628847103938657,0.1626589999392139
-0.008464516444087857,-0.04959174833702459,-0.06480142705081855,0.0044834093397320045,0.005101642664364797,-0.0036162007852930324,0.5990920719679079,0.010262312177716611,0.06170022343336638,-0.15437596156639014,-0.02055265813485333,0.04621279733623077,-0.04743601855819542,0.015128299587973973,0.28381346629446624,0.0088119236680742,-0.0028831321205926427,-0.05338100376565706,0.000500702067525018,-0.006121432332797245,-0.017709506825664644,0.3621975217730979,0.07301369092975046,-0.8936763291074038,0.0,1.1782070622844212e-05,-7.353512409245615e-05,0.061219508235067,0.07385041071155969,0.2310418018897573,0.008838704380831383,-0.0006773298306392692,0.003539925200091635,0.0025306980955184404,0.01600503990879824,-0.0013222727751351813,-0.03580075052489754,-0.14565241442502483,-0.32391418420692136,-0.05701132063977624,-0.03516433409202035,-0.0028975990461156845,0.0027772621164095152,-0.1724740554071732,-0.007405317718276044,-0.005894994231118296,0.011114380400080118,-0.003953438622499297,-0.0023854557135126546,-0.06464730298088255,-0.014978844104410754,0.02585706170513087,-0.04333024016855773,0.03690709774587034,0.0027103872460220203,0.0036616216120857266,-0.06959820689854782,-0.023519420367680965,-0.04764589343574411,-0.07219195600801823,-0.028183184856399063,-0.09663256019283166,-0.001924978712158974,8.186868908774609e-08,-0.16261692153237067,0.10872124830689919,-0.002669598948425344,-0.0031807617641844534,0.004234935781230112,0.10186848863347804,-1.7863873415903144,-0.703366126753588,-0.8453565579870589,0.45536936321847127,-0.25299629872819535,-1.6903312890020536,-1.2972452104178809,0.02587050935954658,2.3858820533974118e-05,-0.0007385029288321864,2.480518169907058e-05,0.002620181811205899,0.013316825525050969,-0.07692072923556274,-0.026236172742479795,-0.02469276952283005,-0.026006580416054952,0.36004714293768625,0.4040815142209176,0.04040038737469856,0.24332445736152764,-0.05195301408477606,0.009317167604186069,-0.01973283007270279,-0.05829646969655106,0.029042769451611467,-0.040498994813222604,0.012703630105944259,-0.028115372453651734
0.0006020139484926201,-0.05219345309744964,0.05083160192970861,-0.002343028373068158,0.008312728810856342,-0.0030059229274737777,0.16867734445758173,0.008878898250083554,0.0567966506536572,-0.07413459509664616,-0.027276875460088917,0.04191485934338809,-0.008692190534987838,0.007189642424612619,-0.0436535114787024,0.006377672647013097,-0.00868732112438127,0.009171396640698267,0.00016122614283859403,-0.0066066969975464435,0.013949769770211479,0.3519693102602059,-0.06417073820805384,-0.8369048967487583,0.0,1.5694110891104166e-05,-0.0001262270061796094,0.038646098366051436,0.06537151604733214,0.12156127092058547,0.008649547276571122,0.0009744266623931758,0.004047111248286968,0.0027790015127509443,0.017140892833170017,-0.0006024299603540425,-0.03822008967348566,-0.19303731920850759,-0.4446514031766214,-0.06045445892017599,-0.04639229916184175,-0.002863764348620088,0.015378384667053543,-0.18510961189033417,-0.011803816216508601,0.002519152040559839,0.018215333564228563,-0.008851410752935874,-0.0007762591068710944,-0.014538069307468144,8.961985192097785e-05,-0.009696332434350592,0.04961525472543833,-0.014295274540492803,0.0028513203457722312,0.0009275552829359441,-0.07205444331456347,-0.024291128208907917,-0.053632458569831745,-0.10918230887466557,-0.020724460907831924,-0.09890177266007087,-0.0019187381886134616,1.1722898644211163e-07,-0.16981512666132537,0.2190386619837558,-0.0026810884219136155,-0.003225109770968279,-0.00045455690002574675,0.15204211011492602,-0.9937750137124317,-0.3577162894196292,-0.6877312777675343,-0.22111106564187594,-0.28770646891419166,-1.5252050799574364,-1.247071364378536,0.03690120028716876,2.3692879939881688e-05,-0.0002463135645651741,2.5927352429020376e-05,0.01423219645763639,0.015392828121110484,-0.08030513201856616,-0.028438626592287873,-0.028452267146060535,0.029669802695092246,-0.018281778415127452,0.4271893179790009,0.06298217701714921,0.23796548312224838,-0.04930886386496186,-0.0011407100023635886,0.06654920443159627,-0.028272791289599874,0.036686511534446666,0.036032687040817274,-0.00886539009508942,-0.025105550522883106
0.0006885526152467609,-0.06298467737556647,-0.060292875119587426,0.005219349647243901,0.012562191216461498,-0.008267031178967921,-0.07065680022543891,0.010663980220002667,0.058213034186399545,-0.1289111444186713,-0.012800491115501338,0.04004831127115254,-0.05039514002834252,-0.0027789136230209,-0.04267240502432772,0.012782285020001253,-0.0024710951102652995,-0.07584864987568904,-0.0043914091028574,-0.007483134279216927,0.0028777563257427695,0.34132727612015035,-0.0047485752518032255,-0.8587156581939703,0.0,1.1768952844951053e-05,-7.489664068954593e-05,0.06886515847534708,0.07170996608194366,0.3289370711289332,0.00946002327843866,-0.010731683811214024,0.003546012408617499,0.004079949263778187,0.017167514241170353,-0.0003443446655491648,-0.036773223169772155,-0.2142855741191994,-0.32930283086771817,-0.06229832879889836,-0.018957871547007888,-0.0026142820561268006,0.016598651362969966,-0.13295651617814497,-0.003916765416385143,-0.005216498204143895,0.010176579485930115,-0.005029787563048803,0.00027223527214796547,-0.06833427730255909,-0.03175153353191593,0.018499501344490844,-0.04160679482513971,-0.02139586329417695,0.00036277097624756727,0.004094577287766161,-0.06802894688477273,-0.022497661256054447,-0.05802295238789165,-0.08013956292028826,-0.020282035517866705,-0.09081936467451417,-0.0019254402361237378,1.2715531104677275e-07,-0.1622241411783389,0.14087843270280404,-0.0025088921396957727,-0.0017674371886542257,0.004206295647019133,0.09549244257293622,-1.3341884276312164,-0.6651041741881552,-1.1177892214450156,0.5396975379158169,0.0364171406373283,-1.2713486742192435,-1.3181090581161776,0.021553588910189644,2.3858928138839125e-05,-0.0007366914624556234,2.605522587653822e-05,-0.0027121191441439453,0.01184901766586309,-0.0734219401907559,-0.01819675084450061,-0.011808370828675484,-0.014779592192633124,-0.009190107020186793,0.41314174274188625,0.04234991389201927,0.21644978386064168,-0.051658713662068326,-0.016103584524569736,0.10246206100510537,-0.05407281728841468,0.065459986773037,0.0352221630178127,-0.0018107625215285196,0.1689818890634953
-0.0066874833992871825,-0.05770146986009547,-0.04971969715685275,-0.004605790021641622,-0.0022854434754057576,-0.002526500002024142,-0.06756718258947529,0.006503620091787156,0.0579004796310604,-0.16216056122290615,-0.008935639347486592,0.040770534854124296,-0.04490233471927639,-0.009153080267937153,-0.05958923105574456,0.00962446182579148,-0.004656525608699949,-0.08685896036456263,0.010815510483016114,-0.005358914598599578,0.011595618335530574,0.3514725090102783,0.04685205917855745,-0.8971173877438174,0.0,1.1861541818598024e-05,-5.465197101393887e-05,0.0652055542398031,0.07877376915584794,0.3450049878160048,0.008863414932472368,-0.02385734412300988,0.003980522192192665,0.002701233130451823,0.01185026209333783,-0.0005923089684009102,-0.022903332098668582,-0.15405090044455197,-0.4408929591338414,-0.05173969290314453,0.001296697312975195,-0.0038011973827381004,0.005293772224648406,-0.13298272239888995,0.0018148887310286599,-0.008520564585645497,0.011783383130471597,-0.008115796273048304,-0.0015627972526087303,-0.016826020594618938,0.005526871434114924,-0.007969060907595919,-0.02516662409103291,0.017589949531447647,0.002218461244293096,0.002461620910372315,-0.06997967388741673,-0.02233753315496179,-0.07185284277078245,-0.07260918080476372,-0.021419686818247102,-0.10617260035533733,-0.001924135207052643,2.3625277532159138e-07,-0.14775416982561373,0.14135526404490797,-0.0025155114054025967,-0.0017763164951586003,0.009763874587367192,0.07425274814002013,-1.3257396200841727,-0.5837425888033245,-1.2146967606465215,0.5437074275414684,0.1790825514684942,-1.3424881933981758,-1.2360267347956562,0.010186045900138439,2.379186314782192e-05,-0.0007352490026037102,2.480518169907058e-05,-0.021511558126372704,0.017580710852482875,-0.03677219671940027,-0.01912268280726303,-0.014903898635250643,-0.024257050591782583,-0.010569622469104171,0.4051564507534861,0.04404077897580118,0.23851849927491497,-0.027796231110746097,0.010422832674043305,-0.014798684811897632,-0.05824384615607184,-0.008007678525101447,-0.07318490031570675,0.016545760567958794,0.1981209471083609
0.0013030472415626034,-0.050032225847837175,-0.05280916694465584,0.0035674124211226934,-0.0002643694319286386,-0.009059141352196775,-0.06533699090856827,0.011044669227320222,0.06380030851034268,-0.12230422696524124,0.01721712317866695,0.04931322872497747,-0.05709193852115209,-0.0036547146203780266,-0.05099607627119476,0.040166771322349415,-0.002849894746661493,-0.07992542084541124,0.012310311302595198,-0.010733374274459908,0.03352929427788261,0.3484430656212238,-0.033743862665513664,-0.9574587757343246,0.0,1.1772637532804294e-05,-7.314786284338223e-05,-0.006058377002035406,0.0684839345349603,0.31344353836976674,0.008820585906508475,-0.009822571691602186,0.0032819508289903855,0.004632656485885289,0.018037996046769905,-0.0013222727751351813,-0.03703919035128797,-0.7950497582069879,-0.4015981260453007,-0.039509799693354754,-0.01585088026277165,-0.0029177340759875227,-0.01442994399952591,-0.12446209187706363,-0.005308625367088838,-0.008620508636713178,-0.002487317385719622,-0.008297135480515118,-0.005404708628220208,-0.018908961227195285,-0.014493002031019261,0.01769317097497107,-0.019258773568912993,-0.021022860945307663,0.011374426191335912,0.0018579352243383485,-0.06330676477472097,-0.02123488437759412,-0.03719176079184788,-0.08261360630564979,-0.0013055755697387627,1.326176938374683,-0.001932638515190549,1.0530718911748622e-07,-0.166292169624023,0.21967445260220703,-0.0025158013189763226,-0.001452561253872303,-0.0037052267469939904,0.12738446115920196,-0.963957178353944,-0.7391194116671592,-1.0780266795039417,0.41658177725789886,-0.08595393405388095,-1.2254583648934445,-2.0344832171778275,0.016690063822499962,2.3307748333156512e-05,-0.0007337793117323151,2.605522587653822e-05,0.023924250992678267,0.01244053029090348,-0.028955123904867357,-0.021471821366717655,-0.023561393448516984,-0.027543629025257834,-0.011369173621803284,0.39360621974944954,0.04752371242791171,0.24049175180442073,-0.05101848800420601,0.010692644275890163,-0.0033969910925361105,-0.058996619357216305,0.02915832429881922,0.019159466477974344,-0.01288015067677064,-0.031094307543039927
-0.0054176646356539114,-0.04636605373508092,0.0517964651848588,0.005911995080964704,0.003996250783639229,-0.006442534339656443,0.16549247625225416,0.00797404243008834,0.058463622016980576,-0.1503348443204847,-0.0243064297351269,0.04353973730069889,-0.05352324194447191,0.007713756109890576,-0.03821261385654023,0.007049314222479803,-0.0024827985518917177,-0.07338850706889868,-0.009075612567277593,-0.005775457640972935,-0.018590480176189562,0.3411401399605518,-0.0662995459651177,-0.8966810736276802,0.0,1.1850519544592349e-05,-7.401208435829796e-05,0.049368773158684036,0.0753562378318306,0.297400583196637,0.008912751003321097,-0.010717928037342579,0.0038245063506760994,0.0040317010171845875,0.017164314116568994,-0.0006024299603540425,-0.03669421298802595,-0.19437707548749267,-0.3489205164516812,-0.05566312162809009,-0.023337867790013463,-0.003634581842664565,0.01632926603530869,-0.13271811596224364,-0.006652492251571564,-0.0013577596408297435,0.014628123310780264,-0.006761959319957381,-0.00695076373897699,-0.0674956214544727,-0.014133827743887016,0.021132140375584203,-0.024270894662805065,0.019136767864350146,0.002631191084965097,0.008570948871476329,-0.10407368311729581,-0.02176313127027696,-0.04710201925050391,-0.09457163065888924,-0.011881786924311343,-0.10220931333870552,-0.0019254269356029435,1.0530718911748622e-07,-0.16193595466692084,0.1408707055402256,-0.0025072597794259903,-0.001709938763064523,0.005214315577260318,0.08441819121919805,-1.1134380356493523,-0.6639934898591704,-1.1201239337552105,0.5062167737108398,0.08405728128857322,-1.6222052413541324,-1.2896165535738178,0.025665141849799494,2.3845369317906595e-05,-0.0007346555204256743,2.5096291581808088e-05,0.04228542265057215,0.011218418018589913,-0.07779407661172327,-0.015509044785668339,-0.021286796171032515,-0.01754463255372686,-0.006301797178716137,0.3976975789916443,0.04417897625409619,0.2242423935320811,-0.057887578299898115,0.054093937288191576,0.09183741107798286,-0.055833919781666234,0.06616956510658874,0.040736330896747955,0.0012738331591895455,-0.02321008725340691
-0.001167814285104416,-0.045561700883809925,0.242196912109615,0.004780672256299704,0.005970190812443773,-0.006399212395285467,0.5470457090331473,0.005454459655707562,0.05703038148108082,-0.12043983820799674,-0.041036239820796384,0.04264605389481631,-0.04563952765532019,-0.011820591720271943,0.2878358272363429,0.007960400976850019,-0.005619288310877025,-0.07825349070804132,-0.007117552748543204,-0.00437456983327033,-0.026184900925669437,0.4672695714968064,-0.05755412923775131,-0.8982429320210685,0.0,1.1783275974764531e-05,-7.048442276325437e-05,0.053172037029091485,0.06959010376413044,0.34675629007814857,0.008803918331269929,-0.023868087302923262,0.0039488319617232885,0.003349904765395933,0.009864870481007402,-0.0006024299603540425,-0.023375481055894275,-0.8132158141592309,-0.3871629702644439,-0.05086646069548872,-0.010017795025390923,-0.004612935026176706,0.020436845403847072,-0.13014504802311877,0.004232831824872839,-0.005957676932523534,0.010697577030701174,-0.007151991973608821,-0.005452192500974491,-0.011407962523543532,0.0010374503077774614,-0.018845349754250618,-0.0276425758813469,-0.023572643177176042,0.0025828247201890578,0.0009139098824517092,-0.0677916172760513,-0.022264003089665436,-0.054017677178324536,-0.07831756245099088,-0.024969031324942877,1.3116845695726194,-0.0019153834851952526,2.788888945952589e-07,-0.15494206756081008,0.14097370601780299,-0.0025045110766114195,-0.0016644276469332231,0.008409778892077,0.06949343151884307,-2.0392734132974133,-0.6724811374155049,-1.174876614744217,0.5348358759978696,-0.02421142234405505,-1.5110903477741315,-2.1127068508165765,0.010615529470155625,2.30981648475099e-05,-0.0007343804957147435,2.5096291581808088e-05,0.015808634501876733,0.020828583336739495,-0.0331265025263952,-0.016226396247902813,-0.01636389708836633,0.046891639554737394,0.027157884956795057,0.42141420993601675,0.04085918369478085,0.12151953224406237,-0.05217884359778518,0.008194472403961492,0.06856412199841556,-0.058633320688108746,0.06618112118889749,-0.010103020226263214,0.017332445055069184,-0.02651039339130867
-0.0003260437628100893,-0.038286153175029376,-0.03557964731736658,0.0022859173127636823,0.011780503620653205,0.0035473314558554666,0.26212922488903184,0.014237112634817504,-0.017777017295724576,-0.054591472932579974,-0.026111044481309926,-0.005183530299735021,-0.014716848712970854,-0.0014697012856336536,-0.030970934931285807,0.01713481962720836,-0.014741180926690035,0.007089603501724356,0.007087006908949479,0.00989502864829443,-0.028613613019389986,0.36335255787697945,0.022836721617466887,-0.7278551797672592,0.0,1.5694110891104166e-05,-8.465202567173587e-05,0.06885040620127239,0.056316010524036425,0.15015714426586682,0.00859524218024638,-0.011527948647934987,0.0042165309034591075,0.0009404038893182375,0.01804049662961532,-0.0005923089684009102,-0.038075001089551856,-0.17098632721226323,-0.4402992526629103,-0.04285218228356354,-0.04229424647941035,-0.002132844926170717,-0.018726414719196102,-0.12940465402996323,0.00320940041012305,-0.002724117416328517,-0.0018648619626009497,-0.00859067683448032,-0.004376557138860544,-0.015342618793360173,0.00536856439915324,-0.017546252896470247,-0.004889357238351557,-0.01739919348156171,2.4695166417191584e-05,0.0031436672681106623,-0.07048258540735908,-0.023143367049078732,-0.07782008853022412,-0.11693606586001595,-0.02543863955996304,-0.09915686668187522,-0.0019249348313897382,1.144896459604318e-06,-0.15172459859304546,0.09456907612587366,-0.0024371832938124304,-0.00325726961198973,0.002014451835573391,0.11947926021988443,-1.1991565006587503,-0.42971327021621,-0.7802606763263373,-0.19335426283255402,-0.3123996903027537,-1.5819834798131618,-1.2924818874072546,0.03507172895069465,2.367451637528043e-05,-0.00024681203140864387,2.5927352429020376e-05,0.09586652699737287,0.05265250133950676,-0.08668670927815066,-0.024958291778595567,-0.02330123905873485,-0.019710212336806393,0.5303774499653263,0.40212070503629904,0.05586799433167576,0.2055669472905821,-0.04794961938431664,0.005027635220538904,-0.014093351684323121,-0.017009168080844034,-0.011967439550359026,-0.024270624647904412,-0.029406141084107187,0.11558860796062907
-0.004064305601810999,-0.04890658145633919,-0.04277156086960729,0.00020453385444365937,0.47743153892595197,0.0053755662014935025,0.26039256991053245,0.011083492276968032,0.059702069690423826,-0.13653772748863732,-0.027753391514310145,0.0544975236010263,-0.04296969043817522,-0.004707352800238643,-0.0390690758467266,0.025790786869498115,0.003851773622587696,-0.03876221639235398,-0.0066954691131244975,-0.011142939384198546,-0.023039281450309285,0.35307765003435365,0.09817262998495173,-0.9416576069161697,0.0,1.1849201360873198e-05,-8.074191823907805e-05,0.11958928512660084,0.07123325231475042,0.21684539230399533,0.008530059731038136,-0.024856236997660024,0.0035129232685499065,0.002945465558865411,0.011053101124743744,-0.0006024299603540425,-0.03610728065369251,-0.1893323647087841,-0.43594028813944186,-0.05995331529649208,-0.014773563090522367,-0.0029517266004800385,0.01921099249022836,-0.13141854313321838,0.005535136460588375,-0.006861364942555605,0.00980908829411357,-0.005451805510211972,0.019935183019910162,-0.015663399387117007,0.002063888346562635,-0.02774437670475508,-0.015904423962717754,0.0205093709795983,0.004069686204476856,0.025570929525656216,-0.03523483675313337,-0.020770223255029266,-0.06992392382297934,-0.08772175892404269,-0.03116724281663266,-0.09911541320990178,-0.0019241008841637676,8.140607989659825e-08,-0.16151023541265566,0.14138924135434358,-0.0025095944902487127,-0.002492238358558446,0.010077000530041031,-0.04347137834917159,-1.3976767009736955,-0.6503213333344307,-1.3407551545673142,0.5623839343248899,-0.03448828777518441,-1.68230742346241,-1.441530085625597,0.012399039616150999,2.383922943780708e-05,-0.000437644852302647,2.186013067914742e-05,-0.018980739278853975,0.015569733107167577,0.012778288974540834,-0.017784642478800253,-0.014394025558049669,0.3059662741267257,0.023399517660565618,0.5076757970304492,0.04133231787188744,0.08056788503950611,-0.025235766408239955,0.0013079314651467167,0.09416939906119588,-0.062295928831963526,-0.01774960706462658,0.003905042433440278,0.014380240592697126,-0.025608976086905953
-0.007924356806017947,-0.07375919659287208,0.05533357109878657,-0.003912294691339428,0.0028240133704187337,-0.004472013845801466,0.1617015480682813,0.010667833181088712,0.06494424177343773,-0.1165672481942033,-0.021485426520535412,0.045916182119816816,-0.04417331808558614,-0.0010452779328172979,-0.042286555001327296,0.0068013803650274676,-0.0022387667222678754,-0.07096735023720273,-0.009874737665486289,-0.010454408021185016,-0.017086160977554957,0.35095269720390765,-0.07325942957875989,-0.8987385771477034,0.0,1.1788726929309786e-05,-0.0002205574792020324,0.10781696168658593,0.06134342375732203,0.31524509416160434,0.008663630845739304,-0.023855041011020598,0.003748598335620481,0.004031135298159843,0.017168221229057833,-0.0006024299603540425,-0.03668701921778292,-0.14873532905966488,-0.38279708668031276,-0.06094367611173943,-0.02431829413127494,-0.0030763312900459017,0.012650688364026077,-0.1300226169122026,-0.005035473361234586,-0.005080527078533215,0.010608079565566775,-0.004437644883675917,-0.007911528077888412,-0.07137531967769879,-0.012256175896115568,0.02105817359781875,-0.006641054557886622,-0.021347459611883036,0.012394181095714905,0.0037251405728617876,-0.0670994299198326,-0.021340910090672027,-0.051864632167530136,-0.09068326650047846,-0.02842400334375684,-0.10425749399069376,-0.001928883551088987,1.4794330839115375e-07,-0.16357199741897882,0.14134286040293695,-0.0025131891061635943,-0.003230913812281997,0.0022897651889418717,0.08049288970093262,-1.1058650364320899,-0.6829786076299107,-1.1777275137998453,0.535638204564041,-0.06975258237276065,-1.5232733688298254,-1.2265939871804095,0.028116163295192596,2.380691113620961e-05,-0.0004294176081640225,2.535283011264824e-05,0.02114654200272589,0.013709300600492424,0.012032924243698178,-0.02047796552868704,-0.011617218647149076,-0.023207755438278056,0.00034270984173581686,0.48356996136695873,0.04369540356636072,0.2263455317974196,-0.05501114243331945,0.0009222034419375596,0.04784382263795718,-0.05526872479678685,0.030329044465247885,0.004664621599347625,0.002820013156752434,-0.025261480649467954
-0.0055967703272378835,-0.04111185133092354,0.04409321136345398,0.006141564532782729,0.009902906436293444,-0.006622724012481121,0.218369727671478,0.005581130224374551,0.05989427865980064,-0.0719413445071266,-0.024682341088639412,0.036488215544159874,-0.009472155103688816,0.007935248227742907,-0.0337139547809088,0.01309393463653972,-0.008258714898252898,0.024061033273026732,-0.005595391905563456,-0.003600548901612693,0.03735156875097631,0.34888093909051165,0.07240815480870255,-0.8111165160295272,0.0,1.1622663032596449e-05,-2.208677444268675e-05,0.06447016182748713,0.06150032877702495,0.12329053077986958,0.008645246985861185,-0.0022783665394769162,0.00413433907178239,0.002701695541413862,0.011729155104427662,-0.0003443446655491648,-0.03609443416664724,-0.8198692331650317,-0.4291863773405535,-0.05112681540654708,-0.03349655232418114,-0.0015457391549896005,0.00045335431175054996,-0.19075499089398754,0.007347839283098656,-0.006331535369957928,0.010458060675023442,-0.008678662776153919,-0.0032360351980328383,-0.01845606626735842,0.01145343129101412,-0.013006669333073241,-0.009201730931824184,0.005668521623463475,-0.0003057488018917689,0.008892747382073667,-0.07312124167184282,-0.024837371383385466,-0.06658075478073415,-0.10989154364995894,-0.02764364916330752,1.2985038587477093,-0.0019168545807526061,2.788888945952589e-07,-0.15954587577629964,0.21906885564122214,-0.0026874159430886105,-0.003313086120071326,0.0004820481329970918,0.13397446075625746,-1.1783023893413356,-0.3617982667423928,-0.7136521185974037,-0.16325829327462937,-0.2802432704264659,-1.7019652354730035,-2.1000762832474287,0.03813640660039144,2.347524469931549e-05,-5.9042710212617566e-05,2.5061720229910735e-05,-0.031955248442962894,0.025745421685388747,-0.07851370870766297,-0.03751218618174716,-0.013365422924572011,-0.013853585886048903,-0.020064639096373238,0.41175443937151474,0.061134964637714506,0.24141429236830403,-0.04178132200070358,0.006583430597179044,0.10131819309178451,-0.028693622501848128,0.03733481882359511,0.04048601402855275,0.005248202745293928,0.15442308628523027
0.00016830255254020755,0.06939239899350422,-0.017346199636820665,0.006764050283750394,0.015956979878577263,-0.013266652977696249,0.45916713038023926,0.013562976021962953,0.05817599593007661,-0.15070117415530965,-0.014985204537633759,0.05200503856899293,-0.20082751173167077,0.062239673517184166,0.2904713605156709,0.0026557882595692655,-0.0042137320229065954,-0.2269502420394421,-0.01858526767773691,-0.006378069816323382,0.0015725217513840302,0.34381061774339844,-0.046846502583585956,-0.9633358893422148,0.0,1.517693003773917e-05,-3.0333386445959145e-05,0.07771618970077673,0.07298409122003133,0.3409216249512112,0.00872000245914434,-0.013339044843722028,0.0018644208833120525,0.003085404766530306,0.01495299553104107,-0.0003443446655491648,-0.035878200040871,-0.1806934651015724,-0.4813012025907179,-0.06512380003987446,-0.06276529052813247,-0.002160700648792896,0.0014675485096540923,-0.47598721095112195,0.009442438711278622,0.0007302030544559339,0.010110180891326205,0.0062540636966269,-0.00682331058623237,-0.019965094318834416,0.0006106322486171506,0.02039809422223852,-0.07014886532670801,0.022162393983886343,0.011730148218862108,0.0036718450111440223,-0.07024242597272452,-0.037823574408981694,-0.07131213091972856,-0.12658768484738364,-0.058996376679621584,-0.10098373843771,-0.0005918586229908467,1.9121773733789016e-07,-0.1871433156001351,0.14061488288443255,-0.0033481499821878197,-0.017984888980746436,0.006797956054646186,0.09866713030937369,-1.7532964803967126,-0.6756388599058509,0.8956169496795282,0.5914899975230293,-0.5641483006314032,-1.46438173621576,-1.3881966572065838,0.04455077771527527,1.3270181080678869e-05,-9.626478439252572e-05,2.5352038476843765e-05,0.05406568793585952,0.02444696556217877,-0.39405546713590156,-0.06082450164239127,-0.02626151217219827,-0.00630743251107829,-0.0016537594235556804,0.47293051008458936,0.054920464211194425,0.2936020025385883,-0.05502954204668765,0.037313241552550266,0.0892655420642516,-0.047498953979408134,0.06444879114412987,0.0038442652425514316,-0.02048632235069532,0.1666327463688908
0.006482618891604173,-0.043841535658715305,0.2534999242497296,0.002005187138014024,0.00396713487031223,-0.006374682225965707,0.5513418450014302,0.009846000901431878,0.06500032616738291,-0.12463888370313203,-0.019181644126499465,0.04375560812974902,-0.04438576823518703,0.003010547866173766,0.28518514666880407,0.004314864364096883,-0.0006150654484308617,-0.08385348019554288,-0.006765578464825975,-0.009898807252811104,-0.02334686601999483,0.4738008973935632,-0.06483444687701102,-0.8878448863904153,0.0,1.1768952844951053e-05,-7.43381908279391e-05,0.06341308830799276,0.06825718822445728,0.3184469763736237,0.008758825734802281,-0.011137910113428375,0.0035581599752981365,0.004416695514321625,0.01600561296799644,-0.0006024299603540425,-0.03615933118515792,-0.1742386207713976,-0.3068240074998534,-0.05866419773185045,-0.008383007375058931,-0.003999787035921635,-0.01569885774755411,-0.13339726179138267,-0.005929134408023705,0.0003803432526822688,0.012586497836034747,-0.006123713810451806,-0.00892996754364915,-0.05846333259828917,-0.014759083822234004,0.01870756856627531,-0.03801762833200151,-0.008856041080885267,0.012215634260046158,0.0006871196200842315,-0.06719751006896148,-0.022427945682929912,-0.051495672326924764,-0.09931161749560154,-0.022574370201978344,-0.10027181917487955,-0.001925429057692024,2.4026385105250874e-07,-0.1618966953227415,0.14088347056791134,-0.0025150186761978754,-0.0017568589258188682,0.003964886513484867,0.10013575942116495,-1.9667251711604208,-0.6796993436981936,-1.1619753427988544,0.5268782653430509,-0.08285526525448539,-1.4662677764605818,-1.3903576557091448,0.021834883561095204,2.3754118959089005e-05,-0.0007379580927265975,2.605522587653822e-05,0.025844256820244015,0.01985458539775517,-0.07446847370158044,-0.01840935854013445,-0.029063226378808975,-0.003154804863200298,-0.012980667809775644,0.40054452727393103,0.04253538948366901,0.11466720939637587,-0.05863952355767055,0.04393787289440212,0.07057388749356122,-0.05648315492169276,0.06555600144629738,0.043116154872634205,-0.0014784935125822431,-0.025403290013132424
0.005796320374912312,0.0902955914469204,-0.059553519830162355,-0.003765418392862538,0.005309550057276622,-0.0021354486786663088,-0.06158013454909261,0.012192705423876732,0.05716498064714664,-0.16160498858877786,-0.011898867527970036,0.06606223249771202,-0.04337809819218006,0.002011855964942641,-0.05189257708890502,0.023705958392750096,-0.002130114502765277,-0.08697053231510347,0.011689519730993948,-0.017553911583848048,-0.00969244050577675,0.35143352866436794,-0.036827706446885294,-0.8875338400859016,0.0,1.1768952844951053e-05,-7.33607874400475e-05,0.0697987194890546,0.0695317952531687,0.2909118792214692,0.008642243049927629,-0.010942245449649198,0.003549870181564405,0.0038924412339223884,0.017164765406204485,-0.0013222727751351813,-0.03605077670558468,-0.15009146206561058,-0.34591501852890066,-0.06434449275699407,-0.01563389741801381,-0.0024259072370920796,0.0036794614791411232,-0.13067448790328468,-0.0041860834782255114,-0.005392826391904995,0.01377775675161616,0.017358412551657296,-0.001090551408770347,-0.06927504873429553,-0.029425768066940198,0.021650058382823644,-0.01928606214067906,0.04262469228827881,0.0016303210882310046,0.0026786068836940095,-0.0664135740204253,-0.01951301873601355,-0.0516214167406335,-0.08634977620303698,-0.024220685176700913,-0.10045953608390776,-0.0019294832558855873,1.2450480836141361e-07,-0.16487170907446408,0.14132330498805737,-0.0023986890332332866,-0.001732607416589439,0.005171569902497458,0.0903004359491301,-1.327862307998211,-0.591633341016668,-1.114758424585462,0.5498455092507782,0.03956646647715451,-1.2454888041975347,-1.2172847555083313,0.023292355269400836,2.389831279727444e-05,-0.00025201408962059404,2.2767345932983858e-05,0.017436993048929646,0.011500840414189332,-0.07285624440064027,-0.018762342181322784,-0.023751404565391286,-0.024201380320900117,-0.006802869518620809,0.40070520252055175,0.0444307348620407,0.21389892085831347,-0.050323637370648766,0.01067675605721277,0.0015804757370209664,-0.05534197580500775,-0.021471998092831908,0.0007288242273246468,0.015361482979335244,-0.030071661351834998
0.013212153344372007,-0.04638192795950153,0.41915354890458445,0.0039646712947058555,0.01918197614865137,-0.0063869447425936665,-0.06940782675422179,0.009170268836156037,0.05597253532193264,-0.1376489526130928,-0.008852549954042969,0.04603158212516901,-0.042794222728879366,-0.011200123546666413,-0.0279036051662956,0.009782021617641516,-0.002073971310311476,-0.07617418479574363,-0.0013236493018088347,-0.010545501285672465,-0.0006631928121130169,0.47290990030869895,0.05655845063418912,-0.8953249834962841,0.0,1.1791147098263877e-05,-6.975039855717435e-05,0.11661979816623319,0.06703374600131295,0.32872696970711224,0.008823027753099193,-0.023815252257510307,0.003521694921022395,0.0034704625227529175,0.01185210550004074,-0.0013222727751351813,-0.03457195091708518,-0.1889684669532848,-0.38337646113784285,-0.048302548233357306,-0.014820024365784642,-0.0029901247522558737,0.01464381538665307,-0.13680668720166633,-0.00020018430452009057,-0.0022985720725909203,0.009346562317308769,-0.004706383517102417,-0.004234673686065985,-0.01984370864982352,0.00011083222286349023,-0.02709088120789864,-0.03996532540318368,-0.022309568531609567,0.001362819629740105,0.00791027798111987,-0.06763987871275907,-0.022758358974420842,-0.06743469491127242,-0.06925796901107459,-0.022530881509372453,-0.10337708045899728,-0.0019172560909407395,2.1654708733917548e-07,-0.14189536891014154,0.14089229706137052,-0.002504533706709562,-0.0018149626229714566,0.011208480371030364,0.08106812466094114,-1.2883549517521062,-0.7323122730705006,-1.4521206288339492,0.5360585171896548,-0.19841044696966742,-1.2308947941369432,-1.3232882567929973,-0.0002328676044948037,2.389865955261206e-05,-0.000728462134105492,2.480518169907058e-05,0.15890017990810495,0.019000577567094945,0.006659868620967117,-0.031837806988581095,-0.01522167621145221,-0.00824096383347565,-0.023194232910366198,0.48883660694408004,0.040504459962401054,0.10162825527247132,-0.023197995797578058,0.004228492191555591,-0.016559487996680906,-0.05932980686113165,0.06488282760133908,-0.040262175000527076,0.017870243841467286,-0.029346536418114525
-0.005496888171585644,-0.045568166816704746,-0.03363359324160814,-0.0037751870783705073,0.011717938235071817,-0.006101451712265737,-0.06308984601486461,0.011756314314160406,0.05978291414234772,-0.13364094722300576,-0.020972746825904845,0.040730035514983685,-0.04501623940760861,0.0013652025025004053,-0.032669104247974784,0.030116104907610814,-0.0026176021553497154,-0.0798767425095969,-0.0037571632297140824,-0.012021939558878108,-0.003009977674024834,0.3344114072097247,-0.020858919745624017,-0.8880740982277359,0.0,1.1782070622844212e-05,-7.379833166432482e-05,0.004299721289077479,0.0660009002638891,0.33356711708035053,0.008832827006143913,-0.010812084431455364,0.003536072983916825,0.0039658441128584705,0.01714839790751647,-0.0003443446655491648,-0.036976548738096054,-0.17676655935838223,-0.32399614084771255,-0.059022377250055796,-0.016898814353240515,-0.0036576571022595406,0.01565247362501387,-0.12762162441483094,-0.002432613629399604,-0.003144873178596016,0.015397229307839757,-0.007011484346313764,-0.007776170384380726,-0.061983721487866864,-0.01635401114476537,0.018821370052946356,-0.0395090617561495,-0.01649825810373031,0.0032373204262541623,0.0005893376746574983,-0.06597292197123117,-0.0203223409063174,-0.04478599398450193,-0.07935241134330784,-0.015043836286091277,0.6766812278321007,-0.0019234218130648089,1.0530718911748622e-07,-0.1605935398736417,0.1414412703596474,-0.0025201034832387026,-0.0017447837197339178,0.004748651641051034,0.04454811827809351,-1.4224599381485752,-0.68979144109913,-1.1688810224954072,0.5347014320068424,0.012023827098543941,-1.3054598667936486,-2.047502342671886,0.02164389080400908,2.350871429320772e-05,-0.0007337304671917748,2.605522587653822e-05,0.004783463445229149,0.009590382093366592,-0.07244353857144767,-0.01444536456601151,-0.024776507193785054,0.2453723588939301,-0.010098899292224845,0.3756671362311887,0.04162966808448195,0.22885540111455907,-0.03897592858199414,0.00942063241337963,0.0522267749144646,-0.05673142019983558,0.05922144715823403,0.0031764172603526634,0.022371835678267064,0.17064623796441739
-0.0056347194442431135,-0.04585146539935018,0.056668024562679845,0.0031768933324271323,-0.003960724004705783,-0.006521535489163158,0.5019150918469718,0.007467539506918314,0.0558514923732744,-0.11312957116200541,-0.0029737109248153992,0.04373384321896419,-0.04536971930999786,-0.012382620383480637,0.3107334993531612,0.004343823891042577,-0.003484891562469019,-0.0970798593792521,0.012229095385749051,-0.004711368733561865,-0.01583148179516749,0.3205679307036099,-0.06334016008710651,-1.017847744581584,0.0,1.3913740363345823e-05,-7.049045936442864e-05,1.2016233192417526e-06,0.09215666221358505,0.3241247156489617,0.008696275976677478,-0.02312013620575951,0.003283720814303156,0.0029367353133659614,0.010691993584330225,-0.00016672662154986194,-0.03481640426881752,-0.20849066486387455,-0.45138933791043323,-0.03854859072078127,0.012237867706286197,0.0009547223349326969,-0.01839931906259167,-0.11842823446686647,0.0022721730025265464,-0.007058011921078529,0.004458565456979743,-0.006502520713958064,-0.0018521858368306817,-0.014022719564021801,0.00031980213028736146,-0.02174076625811495,-0.039583425046208084,-0.021435610997251546,0.000773710301093143,0.0014835506916249087,-0.06387158426984986,-0.02179426512652406,-0.04342000674283452,-0.09623958368956981,-0.02300596789103673,-0.09816302800438353,-0.001911130728260551,2.3696996796307521e-07,-0.15064172231829998,0.1408194666931601,-0.002490674078237308,-0.0018413464945976476,0.011123754069003476,0.0875346057336574,-1.8320682004690982,-0.7003105998486168,-0.8104437524661084,0.47752198365217186,-0.09582224114425524,-1.5328725947046842,-1.2763407759984906,0.011623410810824032,2.3792498806382817e-05,-0.00023898199970316355,2.5421799766655868e-05,0.07613604652780206,0.020732028867440976,-0.020997766581587585,-0.027569258020698213,-0.017098074454480618,-0.012733333186824508,-0.01652504591318951,0.43245552273247617,0.044926910637821484,0.22341719713671238,-0.03630825648827802,0.007590098988278674,0.10909823681492896,-0.05637751214721037,0.07734781575706871,0.06210797547876181,-0.0004286731392961544,-0.02219397110635728
-0.0021235055986185553,-0.050029040603936065,-0.03957547238182002,0.0018982721494034095,0.4653824008411333,-0.0068360653812530705,-0.08273050058300685,0.011215381398198674,0.060954415492785734,-0.10647574166944392,0.05186595512980598,0.035108624692842476,-0.00907400595082359,0.002689652910343348,-0.041468784448180064,0.04372073707648255,-0.008830931111899603,0.012967003820409145,0.0031454328429011778,-0.023017590398254312,0.03808679725279012,0.35668001266577803,0.21122838456672421,-0.9353082574139323,0.0,1.4208839824839739e-05,-7.240680615762389e-05,0.12019860608101934,0.05037838398544031,0.12321576355630699,0.008549117216799608,-0.002331608164924335,0.004210630383791171,0.003744187702231673,0.03469795631060593,-0.0003443446655491648,-0.037593391144628306,-0.17820161200187487,-0.46638940862058714,-0.057538709006182055,-0.013609545949268635,-0.0010259884931363146,-0.01915064519295297,-0.2037892965795431,0.006687511735729601,0.021381146834356726,0.009551472980793127,0.020567003058390793,-0.0036265533202588596,0.38199251462848516,0.020270907298965454,-0.03170866006326991,-0.004888023204393656,0.004787504158887327,0.0030729983947959047,0.01694149775613403,-0.07863377217080911,-0.026011862652666244,-0.06485365834747396,-0.11919167197002771,-0.029835078501146445,-0.09818426347147778,-0.0019145853660409108,1.0148349069254159e-07,-0.16601986834151983,0.2195698877238856,-0.0026778089932325134,-0.0033692162524275003,0.0021941277546724137,0.14996884686958784,-1.4919506481936744,-0.41472115116309555,-0.9597785803786758,-0.14097294425997609,-0.21278611493956004,-1.3707379192406155,-1.8020523505357795,0.001980758910606996,2.35086267489074e-05,-0.008746219514889512,2.214479693570485e-05,0.02237452654384933,0.01775987530177296,0.0018257827213522696,-0.03033345704524874,-0.01069231257884352,0.0213959352577048,-0.018848272499503098,0.5760383611108987,0.06160905541058223,0.07611861995372972,-0.04546376751137835,0.01012015343084512,0.09880053036308922,-0.02805323829477424,-0.0014668898938699985,0.07696326845974223,0.012126730030948617,0.22701942474230197
0.0005223823942543715,0.05419458147546967,0.05378905784273695,-0.004505174610066396,0.003150110235402079,-0.006828239784897839,0.46418967457203303,0.004379473657391122,0.06511210748056749,-0.14667142523316135,-0.04130007358711164,0.05737211477120456,-0.04930011206971226,0.007963694731557934,0.29360555934582816,0.005900546507649281,-0.004856495215934527,-0.07809423592605592,-0.0060657914623389935,-0.008419941647748095,-0.021816126543343643,0.3342188964516325,-0.06060053840933817,-1.0499510861484629,0.0,1.1850519544592342e-05,-6.916081206153887e-05,0.03962651029538276,0.07958311189348508,0.3402410048667472,0.008770061500189169,-0.010785773845659263,0.0037820189499120286,0.00413587616689175,0.015988085421745388,-0.0006024299603540425,-0.0231153745038315,-0.18566529683861807,-0.3474962936839284,-0.05681582012972819,-0.023906795764715907,-0.0034133939827925295,0.016029072674226853,-0.13125083164234813,-0.0037675760016177536,-0.0050677670940576566,0.0048909646989524855,-0.007589647979587614,-9.7037693277982e-05,-0.06002807475521035,-0.001800836410636587,0.020042092095873484,-0.018769397175328974,0.00367839936367778,0.0011618952175239386,0.0006194789348244892,-0.06844872519038785,-0.022572687833277035,-0.05328284680804444,-0.08072481335004611,-0.022414424198100934,-0.10386748877789832,-0.0019214230676727893,1.4794330839115375e-07,-0.09606969436278943,0.14094691285355673,-0.0024968501921038564,-0.0017052228040605611,0.009370515978237327,0.06775650632188764,-2.0181853677119026,-0.6982470133297124,-1.1361529318336163,0.5597329838549975,0.05195622558573694,-1.6023634108359934,-1.2285996287559693,0.024935537204489624,2.3830153942143433e-05,-0.0007948519369600845,2.605522587653822e-05,0.2235746334216717,0.012070740600976657,-0.09505863965441622,-0.007987864693598475,-0.023799020779178368,0.05826059459796854,-0.0055668001795491015,0.42548761566478105,0.04445876949831193,0.20328226976202182,-0.05503212243674493,0.00709954078956919,0.06455675556919667,-0.056114854992064075,0.06974532276030326,-0.001797996602869766,0.005787162252937886,-0.023069799186303058
0.00021000816610641234,0.09326295261751887,0.2380382619291555,-0.0031216639651498105,0.01425409823936401,-0.009620387202853143,-0.06636568456311777,0.009644838299852824,0.05686080175102866,-0.1278470632041076,-0.009556027397271724,0.06743326462949727,-0.02740983095319382,-0.009001250776650106,-0.051433304368271336,0.025062652332012644,-0.0076490572314288985,-0.0732440237807075,-0.0039063408312128975,-0.021975022441814294,-0.008660638471304586,0.4826088946217167,0.0006363634901141456,-0.8729638658412912,0.0,1.183568341972943e-05,-7.020222752280713e-05,0.053521085736307414,0.06938803204514345,0.3230160482535008,0.008438712681975937,-0.004287060284418115,0.0040010306516713515,0.003150501270514032,0.011877108271551995,-0.0013222727751351813,-0.022978978637323382,-0.1695711031133834,-0.3672389619821615,-0.05899357900091965,-0.007857453848327742,-0.0024804027939571587,-0.017476431070190365,0.9022531193480012,0.002261786766626922,-0.0061068517742564705,0.013219318301366845,-0.007349955372674651,-0.00541599860014337,-0.01346503242564802,0.0007895853032704274,-0.010617598580511624,0.14751085560653396,-0.02214977275715018,0.002139919086650951,0.0030426318788616203,-0.06943804390686079,-0.021378391270913406,-0.07293713053760077,-0.0866410014355489,-0.025123622211471002,-0.10379128618751593,-0.0019240365401130921,1.5986510571577915e-07,-0.1469337126984228,0.14137530099254444,-0.002400015627990344,-0.0017774033528197585,-0.0002776534443833716,0.08463516923391434,-2.0218622583338384,-1.0283403326900589,-1.1969357663125877,0.6975765068233898,-0.3307286689642657,-1.3497870195160624,-1.3088223910009482,0.018894902968921313,2.383671783301127e-05,-0.0007370794236190446,2.5096291581808088e-05,0.045350123516468235,0.013907654495294389,-0.08349993332609441,-0.013260993586452774,-0.015785261570302578,-0.007426382359071673,-0.01866756447157569,0.3720346597696251,0.04218661010598476,0.1503441660855548,-0.02549907728855956,0.008116438901897968,-0.01800776077606917,-0.05658404556036664,0.03223952363965137,-0.015445427016615106,0.009490424627964358,-0.030566162995811528
-0.00631280647123742,-0.042330295249694644,0.23746464356421926,-0.0017423111721726818,0.014353997202645297,-0.005493003779196357,-0.0648746786334924,0.005181627302479526,0.06340613106036368,-0.0846743430896792,-0.00955669842982423,0.042249660321966455,-0.02224688004701738,0.005021564287144532,-0.05401455664036936,0.0062396450586555165,-0.008463927757307579,-0.03371688908646867,0.004592523387464795,-0.0026210234473292493,0.01522764980673881,0.4716542577078787,-0.032632364654847354,-0.8795788966826299,0.0,1.570390679676479e-05,8.483983787714736e-05,0.1268064563085208,0.06077644802256133,0.2142098750427978,0.00870109250918247,-0.02345441611589748,0.0047342744138620645,0.005375549977095765,0.018055153094176487,-0.0006024299603540425,-0.036805445425954264,-0.17206638745829708,-0.4555339033900659,-0.06416972781800741,-0.02785298591762585,-0.002521371821630187,0.004316954454506479,-0.13704504929440284,0.005120540689973117,-0.00930476511221067,0.01577603126723065,-0.0074881071350954,-0.004371597559419718,-0.015535043381211297,0.004847866298353315,0.01507528926024829,-0.0065174244410721735,0.004997568868439115,0.010087435297140018,0.003874402159084728,-0.07087299758279106,-0.021073239802374504,-0.08620323456575708,-0.10054159257327737,0.016051151664950893,-0.10034671693087185,-0.001925027863187214,1.0530718911748622e-07,-0.1578580840689403,0.21913036037437722,-0.002297557366564541,-0.0017917992985328356,0.002049124304079508,0.11016721244531744,-1.1045663637486145,-0.40170964707629153,-1.1777561535023682,-0.16901779629960562,-0.1839516486591832,-1.2986845971557508,-1.3353478704987516,0.0380236257676593,2.3803697471490128e-05,-0.00023438773481737125,2.5352038476843765e-05,0.07674719471972993,0.01657713480415938,0.0025830216513248756,-0.019453425239355657,-0.010642371553086897,-0.021168874140794974,-0.011917211555447688,0.5069884254560277,0.06237944226213173,0.11506151157636152,-0.018605121749581194,-0.0006401041135603777,0.06511109272245523,-0.025666048570044796,0.03587372855376646,0.031554495650230906,0.006034774894144172,-0.02395425579554537
-0.008002891647493657,-0.05619036403919962,0.03487079682031576,0.004601938329416807,0.0031913830302513295,-0.007471218698058164,0.5076094752272979,0.009251527662582528,0.0579788902116932,-0.15069439833093948,-0.03137779200592556,0.04160480278735861,-0.051545722891797326,-0.003961768434906138,0.2936441276284208,0.026759332132779784,-0.005104347463647919,-0.08619082544392496,-0.0018397505983570345,-0.005608442954822376,-0.027341578233264077,0.34447641652675987,-0.06264019613039826,-0.900656033413316,0.0,1.1782070622844212e-05,-7.078910273150435e-05,0.059054303064429596,0.08311658594888753,0.3181121390559229,0.008863974549527988,-0.010370127424236573,0.0032536491765785738,0.0025640417744683566,0.016812652453644984,-0.0006024299603540425,-0.02287266164766823,-0.2016340359291002,-0.38506664013954695,-0.0519362712457588,-0.029330653356915204,-0.00404038678530671,0.003564294153992421,-0.12970761683874957,0.0022908354649129035,-0.0009521972952431995,0.012038708518301704,-0.007733047535548095,-0.0017669259868972336,-0.009245994317075238,0.002835024872919472,-0.005629672857029388,-0.024507551917656,0.01776733510438841,-0.0034664095827839202,0.002963635034796053,-0.0699546364596063,-0.02229717879025225,-0.049622163647286076,-0.0623768541778383,-0.0016688164106838793,0.6687286695805588,-0.0019168496844806538,2.1701755249242e-07,-0.14548267759360534,0.10835229012062535,-0.002513531796508593,-0.001711572182692301,0.009886788173452635,0.08951197319019914,-1.8783948647976894,-0.6954929404691857,-1.1310025449900654,0.42592892450677766,-0.050852127516573545,-1.6485491714865839,-2.0525729201586986,0.024640178340625093,4.360587069296481e-05,-0.0007350350061326907,2.5096291581808088e-05,0.05480563399451241,0.020008037069297817,-0.06386747683016834,-0.007882534195415385,-0.021914753899726816,-0.0193027003456509,0.3360778319347845,0.3869831451629342,0.04229924003583795,0.2267850858608832,-0.061590666710573214,0.009023422783732752,0.07992033055633808,-0.05831351704092392,0.06646917301199869,0.01664162648734334,0.0222305983223396,-0.023307252532186993
-0.007368427935896232,-0.05138336316151297,0.08191672398715935,-0.002233130558921609,0.005896564205943065,-0.0028896088983123695,-0.06839743394047917,0.008984715971459497,0.06569603660987608,-0.06038248919556897,-0.021072969302977976,0.04055183116808523,-0.011891321543599344,0.020085017161299224,-0.04539858630716956,0.012150254737903885,-0.009195738428280647,0.012456158996169791,-0.00540744231938862,-0.0053882187371488465,0.037687675024403365,0.3477091390830137,-0.0046421653504733285,-0.7869110333661201,0.0,1.4045017925729527e-05,-7.444277610190676e-05,0.07231863935698833,0.060134858798552265,0.12034042322220082,0.008843249194263166,-0.0006201567344253373,0.004141915210841382,0.003471242468340254,0.01704190754298688,-0.0003443446655491648,-0.038218717313354286,-0.1862010416897093,-0.45564838294920024,-0.06152606624378099,-0.042998307797595336,-0.0016057870690641541,0.0031945496667599243,-0.1857587279394167,-0.010501500271147138,4.739482018540367e-05,0.009216994035845087,-0.008849989585475263,-0.0022904228230775465,-0.016089243670096395,-0.0037104521062020267,0.016682050380020838,-0.006495090695127517,0.016387571407440932,0.00426279177435524,0.008652158687735582,-0.07237141497437516,-0.02496836546874101,-0.06699921585569947,-0.11268346873386866,-0.030394764117319353,-0.09898465362251284,-0.0019173156752586807,1.5986510571577915e-07,-0.1737263310285142,0.21902897988266679,-0.0026944642794046376,-0.003354907235216125,-0.0022440190263389205,0.15755086057653245,-1.1511252896427153,-0.3292665135574607,-0.7038680594621349,-0.22704761005279103,-0.25635756033249035,-1.4109487727433943,-1.2815630947760261,0.03643811215671759,2.3638062700390645e-05,-0.0007408078276371977,2.5470839782240744e-05,0.004088401169155049,0.016999872583764387,-0.08465907293235937,-0.0266800846502201,-0.028666789596521382,-0.00710671982848775,-0.01944789071261928,0.4066725098217199,0.062338923433440455,0.2306980183069805,-0.04603522628756527,0.009661894785180942,0.08401756333689805,-0.026833157951946438,0.03561861854931463,0.035071708937110785,-0.005382478931613128,0.11032692963253772
-0.0058204085475604805,0.05557677175504041,0.05617705399890437,-0.0038101191281332864,-0.003915925698520982,-0.003371869058684584,0.5169043930180606,0.006805374230164272,0.058737929694173574,-0.12080624161144693,-0.018308776426354118,0.05242139151426637,-0.04672331841652435,-0.010963755649728676,0.29049416408811185,0.008922920458340679,-0.0019960552322442386,-0.0949639809251838,-0.002060126237474508,-0.009582093052588747,-0.02424530012485725,0.3425544977422538,0.03232268656207733,-0.9033349817554354,0.0,1.1779975118956728e-05,-6.533044017557874e-05,0.08845498001029516,0.07418680807320352,0.3299225501229719,0.008831200425235391,-0.02372580564028944,0.0033450499418483676,0.0026352282532012264,0.010688735834379756,-0.0006024299603540425,-0.034468890109184136,-0.18368167477024844,-0.39047153337993523,-0.054763340240998756,-0.0010090791141869845,-0.0038525846207341694,0.0063246835762802165,-0.12049894197820682,-0.005467165221442183,-0.005631540301914425,-0.0015012827541159525,-0.007133549610434513,-0.007875098894754932,-0.011536251110235634,0.00298612547163447,-0.004443191528959117,-0.019831525430986565,-0.02181996613168034,0.0033258017979856686,0.004093805171056586,-0.06883940712789967,-0.022322838024365608,-0.060872133513062504,-0.07288133181892985,-0.022832797460281763,-0.10347549554360995,-0.0019254277236535134,1.0530718911748622e-07,-0.145335206316228,0.10830408254464902,-0.002518531759537426,-0.0018068857818648433,0.010976075719471548,0.07018333207982155,-1.9500324896675796,-0.725776355421195,-1.3471886796433221,0.45779603481871306,-0.06718714599646787,-1.721835688433215,-1.2569136562447916,0.010425510995096251,2.3905189156727295e-05,-0.0007950246015920724,2.5096291581808088e-05,0.0649960382128326,0.01824004582111361,0.004047682800123891,-0.015145130971290593,-0.017879284256089464,-0.009352204560278719,0.346230025325879,0.4903384519920651,0.04138017408447117,0.2225950840560866,-0.023765548837332045,0.008662986952218857,0.06847263342892598,-0.05495000451416265,0.06371734799957453,0.0056092969242367745,0.0029775921223298436,-0.02463544507824827
0.0012875205248659319,-0.05167917890772523,-0.05362561926317189,0.004226270241380421,0.0006055273003639987,-0.004935459385743318,-0.07429848548843948,0.011308418713696212,0.0567338411007174,-0.160276623183083,0.023024078281757007,0.04691264174017759,-0.044287700191663,0.00373536167291126,-0.058518725334871416,0.042878470319688555,-0.008195425378391892,-0.08986885085043375,0.011288019639558151,-0.00966708104095425,-0.072341252048217,0.33940562170864286,-0.0022987762882643514,-1.0137443757298858,0.0,1.1772637532804294e-05,-7.371799440896949e-05,0.05373913665900224,0.06844054488439942,0.32309669787067985,0.008829382039682896,-0.010597491070949015,0.003319063943359713,0.003555835221813387,0.018037387748218427,-0.0013222727751351813,-0.036722628939554934,-0.1821058882806841,-0.5090329235552508,-0.035666640117206286,-0.015227772380156348,-0.003269152426932151,-0.016904976405968032,-0.12675844956352886,0.0025015195993568504,-0.007972794155058187,0.009609485983860487,-0.008211070570693974,-0.0020043435612831467,-0.017723125275859376,0.0020845718648071915,0.019022319494955413,-0.01610406076805478,0.005748523719642063,0.002604271162027721,0.003406085284267974,-0.07071310387349615,-0.021531581100045532,-0.04686513130867725,-0.0798174576950879,-0.012554838418526651,-0.09652708119355,-0.0019236529466213992,1.1722898644211163e-07,-0.15330437059107171,0.12011637985588745,-0.002511865886198752,-0.0017949420090288336,0.004761507136112335,0.1166536972975828,-0.943246895389957,-0.7001544886866672,-1.0194686907541248,0.3822272406735605,0.002807182627140809,-1.1713776891903778,-1.2300794816427973,0.024735472736620284,2.3750304081322518e-05,-0.0007337529266451124,2.605522587653822e-05,0.05878045300358671,0.012062250973360262,-0.08245602223713526,-0.017083332277177652,-0.021508695458371852,-0.01506860951955458,-0.01693079344983637,0.44702764571874903,0.047564033237886744,0.23556720943767354,-0.055193216243153875,0.003512160865382608,-0.018575662772893648,-0.05974980610630228,0.06006001103650243,0.02105824067474854,-0.015254280388205272,-0.03041543207458488
0.00530173238422224,-0.04601166220342991,-0.03806868258893474,0.004028590333844471,0.0026957724806034745,-0.006405524837860875,0.5392589025668688,0.009789477480195645,0.05894215594287048,-0.12309323037789704,-0.03281397395542998,0.042318816144345225,-0.050819368794402145,0.0028644304591461302,0.2982072562286148,0.024159191332959858,-0.005487044490871334,-0.08246989867745752,-0.008344456076459502,-0.009482313423406686,0.0006836286665945455,0.321859651863156,-0.06759829407913555,-0.9842816741381404,0.0,1.1768952844951046e-05,-7.483304878186079e-05,0.022834345080164735,0.0936998900213332,0.3577528196244914,0.008832510765062423,-0.01004743808823295,0.003534538960839122,0.004057774534775144,0.016001654250259036,-0.0003443446655491648,-0.023740921927848248,-0.19591882017052414,-0.49016764794816403,-0.06354591590877087,-0.007208121595738315,-0.0024232144748842265,0.015550696668766588,-0.12870958983914327,-0.005770842605374923,-0.0035435018638089967,0.010565457598929576,0.012368771127035012,-0.008018002232307529,-0.05738676786972045,-0.017822545331782232,0.02024388356472229,-0.025488565906868873,-0.02250276506904523,0.002229106060734191,0.00038188195564455116,-0.06580529046963118,-0.02252000738285113,-0.039013072483211036,-0.07672046636273833,-0.015446526123723058,-0.09831704039488348,-0.0019181965171393232,1.1722898644211163e-07,-0.16102322126165358,0.1409060438616916,-0.002514854640396031,-0.0013952017659460902,0.002911934520479558,0.0947112187707833,-1.979354068844014,-0.6803513322403355,-1.0043770006125456,0.5217173157467371,0.019822557527727356,-1.5117615740568942,-1.312469969080219,0.01515794879613128,2.3785779905767727e-05,-0.0007183279441014818,2.605522587653822e-05,0.14530464589856823,0.010410234755699679,-0.09098427045479589,-0.009616173674360339,-0.01744856322400477,-0.01938957458193037,0.018491075627525305,0.3768416756869908,0.03805022939430447,0.2024652509835746,-0.059226448977493816,0.012172370959229933,0.07257021546387812,-0.059610695812266676,0.0849986440202504,0.02289795045551787,0.001896521610536486,0.1721413840511685
-0.008033793185828083,-0.0507101430600647,-0.04488504867916236,0.004179530425149909,0.01096487248222271,-0.002490364464499676,0.26384045609499895,0.004331991694242385,0.06522047939047336,-0.12104790087288333,-0.013826129797859424,0.04502375063636708,-0.04912377228568251,4.650701345711519e-05,-0.039257537154387935,0.012575370608706145,-0.004503043542354673,-0.07592614472252283,-0.009321565842457764,-0.005096204268728439,-0.019697713147673476,0.3404187607366877,0.07003736015603194,-0.874048796808865,0.0,1.1782070622844212e-05,-7.426653279320594e-05,0.048990172944031705,0.0738760146662649,0.3190429338838152,0.008749160359923118,-0.01078665785076816,0.0034310126743445453,0.004034654701414012,0.017150456380826306,-0.0006024299603540425,-0.02327574335059358,-0.8176805531280016,-0.3429441699479816,-0.0570570939495803,-0.029627965938823934,-0.004919687500637183,0.011742544157612353,-0.1281459831209573,-0.0025448958831813208,-0.0030625996785125092,0.012443198574681609,-0.00789407385289426,-0.002713549851477181,-0.07104489556320544,-0.017430352177224523,0.021472327947750124,-0.022874036209126893,-0.02274976458138804,0.0035311634330112045,0.007800292107077065,-0.0701891897100541,-0.022202515863447403,-0.05211375027565973,-0.07185155533337782,-0.019653746776017503,1.2888092111121343,-0.0019250414819037866,1.0530718911748622e-07,-0.16262904184547344,0.14096887530455962,-0.002513374792258473,-0.0017009275069246657,0.0038473348121342505,0.08869273873791653,-1.2170646371264866,-0.6628576315803683,-1.1336332369725783,0.5717500125123954,0.012986588345699965,-1.6199931558176917,-2.0518080641355745,0.026505155059952684,2.373275180289125e-05,-0.0002496530433543603,2.563624254628287e-05,0.020104698332757208,0.013868554587733175,-0.06839805005613508,-0.005325553791273101,-0.024906030607644902,-0.01650816258306005,-0.005958234157589658,0.3632202141251689,0.04333217248138772,0.22357130728009333,-0.053416882823104396,0.002299658912453812,0.0868237951571907,-0.05688729832392434,0.07142964549948191,-0.002655970024721878,0.015303422814797987,-0.024910793270852882
-0.00495070818443338,-0.035093778745373005,-0.04871508132816821,0.006182910991681666,0.010333540821814667,-0.006484258347940772,0.5429134698497976,0.005234896271731863,0.05464267079538024,-0.08402434968986885,-0.024849114404499644,0.03914425089383178,-0.010911433223053118,0.005749058606455056,0.2778719492066057,0.009676244278088601,-0.0016917518273936983,0.0123018961298658,-0.00395567664707613,-0.004777605129353039,0.03577074682815346,0.3518826096711572,-0.07331650235065905,-0.7112996868738409,0.0,1.1601849048355012e-05,-7.288975302628616e-05,0.06304371618966918,0.06086017307851778,0.12757695488175752,0.008946383263788335,-0.00245836383942928,0.004239417519347174,0.002684270173639748,0.010568860581510525,-0.0003443446655491648,-0.03628662664407213,-0.21921890210111672,-0.5633193893256803,-0.048622135649038584,-0.0222044764482303,-0.0008865044359808329,0.015823209616793687,-0.17700271936484416,-0.0036118940816969704,0.01284655567320552,0.009706355306695783,-0.0070884404726532894,-0.008512224914998567,-0.008177490838138615,-0.009034247255627454,-0.01061653958937989,-0.010023945925534893,-0.014389338536532206,-0.0006997678047355677,0.004213600949916386,-0.07351642657321088,-0.02749046557198377,-0.06765746355738572,-0.10952686512699379,-0.020312746019815177,-0.10000298490218545,-0.001925891338153502,1.0530718911748622e-07,-0.16904917955249169,0.21901323298772354,-0.002693512103117688,-0.003192779161563417,-0.004791853070996348,0.15110179817683708,-1.8000561546762115,-0.3609181228849186,-0.682432505606245,-0.14639135238491563,-0.27201602976621,-1.7805666343168678,-1.3460532161916021,0.0408707379530313,2.3219878088583194e-05,-0.000740759910449867,0.00029711273689639214,0.017828525830113743,0.01892205642127199,-0.08027053028757544,-0.022195529284273464,-0.022126135132165037,-0.010691927522122039,-0.009201934411492635,0.38620732320665757,0.06304779513205093,0.24208492923378297,0.15174939957205,0.003452738771764884,0.12592702501193612,-0.025463658279164112,0.03658252836423963,0.07266560581031228,-0.0007977671276652473,0.1836964884063624
-0.001515708752572756,-0.07133231609966041,0.24334345549787711,0.004350790916301436,0.01175448023071632,-0.007914445954007102,0.26430769267650334,0.010903467522403476,0.053690029466386555,-0.1228446114511827,-0.014675176325707764,0.04465318785945835,-0.04772476182123912,-0.011672904651669064,-0.042320190005825396,0.007844678193429969,-0.0024302048211581077,-0.09404097262077987,-0.008445083195935905,-0.010884540081014665,-0.01805005927815345,0.4762938103880248,0.022821116619377458,-0.8491955493000758,0.0,1.1768952844951046e-05,-7.279911620430558e-05,0.06100811006526754,0.06858880839556387,0.306510463388573,0.008839485149788186,-0.010726662967382523,0.0035473550381373486,0.00334932487488743,0.017166366159076723,-0.0006024299603540425,-0.03793743867736404,-0.15563872621234304,-0.5381289716662306,-0.05763677216589925,-0.005359360834135436,-0.002551686034539866,0.0044383469634042515,-0.1330770235779225,-0.005514302998514402,-0.006327277391281567,0.010651151092262145,-0.004432719183979519,-0.0036386676499515244,-0.017372125750634168,-0.032312482517258496,-0.004935414294401711,-0.021755228431340486,-0.00894564076213965,0.01100994752007825,0.0025791668571892596,-0.0695245427965047,-0.024043113711333903,-0.051997030943306245,-0.08764490276880456,-0.02104593076494185,-0.10507791382991419,-0.0019254325812028713,2.2433097799696598e-07,-0.1602205526365025,0.1407659735188635,-0.0025082519290680607,-0.003295601264336331,0.0029958919181487333,0.10412994088291781,-1.2191307433244967,-0.6872143500827969,-0.867310551855227,0.48601372701106826,-0.21004515989228167,-1.6124889653641732,-1.3592193503191168,0.021365408409081424,2.3838013477583464e-05,-0.0007293993424443395,2.5096291581808088e-05,0.1269650776384481,0.01399220748481918,-0.0842707949560886,-0.0188604088093806,-0.0234090024199954,-0.025090921960512106,-0.0005185928154168331,0.3882447146856376,0.041670101279710256,0.10010917820429924,-0.05973801565793187,0.004927033869403608,0.070026746458079,-0.05616347010343116,0.06777414115722406,0.0012945999810969945,0.00371311149591269,-0.026094719458752302
-0.004998955578833455,-0.03678201192744466,0.046364438886993126,-0.0017007931146470127,0.011209763710691168,-0.0032747137334233124,0.5530580666725844,0.004152748619084466,0.056880654083161196,-0.07637491221765827,-0.013510892660714556,0.03394505061454871,-0.008627416981231434,0.005684369646927954,0.2831687513373789,0.00828445508805504,-0.0080529220280153,0.014911796066801318,-0.005721805036126856,-0.0030772667848272548,0.03768256006379514,0.35090431335432004,0.07658927223219567,-0.8048277955385175,0.0,1.1601849048355012e-05,-8.699928533176997e-05,0.04507702174352323,0.052358066641696926,0.12226904173336779,0.009373085222767292,-0.002385654925602376,0.004197506774354011,0.0026841790402542262,0.010568392258917427,-0.0003443446655491648,-0.03605579610412425,-0.22380656847900587,-0.5618918819980161,-0.04914426166923505,-0.023709035840533306,-0.0024645518543931584,0.018039378375228145,-0.1958406488604235,0.008479302758079458,-0.006622576037998113,0.011172384378733587,-0.008188693261676264,-0.002362745898237945,-0.011564958466743089,0.009173920596339015,-0.009867605159997779,-0.00945973885302281,0.0062113753574671166,0.0033794070187116894,0.004775418882312374,-0.07967021640006187,-0.02389646193618758,-0.07302601956652205,-0.09913207910002579,-0.017884913881251706,-0.09307340489538088,-0.0019257919607453136,1.1794617908359546e-07,-0.15840857012019668,0.21900562178214417,-0.0026968806107754493,-0.0033538833925293885,0.00037148939440497615,0.1582263491620802,-1.803351658870991,-0.3815049356589061,-0.6998465914077683,-0.13962984899546851,-0.28420846496020763,-1.6943462147512387,-1.3669457620913452,0.04040862521339483,2.3244775180905448e-05,-0.0008052872127074425,2.480518169907058e-05,-0.022987164107311445,0.014256738133681222,-0.07834585034947635,-0.014825695781490386,-0.014399997895482849,-0.010078861290634854,-0.00763670149648393,0.41800376529299377,0.06140391582433442,0.24060049526877206,-0.021012952133709868,-0.005720463619699397,0.1264047292614454,-0.025783550662641968,0.03622117202214859,0.0737398054005613,-0.009458107862917143,0.1536358082078016
-0.001229618473268803,0.050898389496753495,0.06295708575112331,0.0035673822794608373,0.005740316839499236,-0.004193020636093989,0.5267706276838359,0.010878809463651691,0.059634773455661864,-0.06104625292604091,-0.03453816546701387,0.05750680478980642,-0.009110021476988257,0.008489208754146967,0.2932753160872312,0.03921601305391187,-0.00805008480173631,-0.009475140174639685,-0.005237540809560299,-0.012244401445032166,0.013841428785696653,0.34689239279507555,0.033306384202779205,-0.8199337731475009,0.0,1.1622663032596449e-05,-7.381321710317676e-05,0.06860928256611024,0.06934096230567585,0.21602959335545602,0.008843356406327569,-0.010630131055116511,0.00411193404977427,0.00449906763360136,0.016052873797666012,-0.0006024299603540425,-0.03748357949627145,-0.18237740778633477,-0.5052922861177493,-0.056765576515476285,-0.043733483339965074,-0.0016062240951394127,0.01600249635598851,-0.15100939183224218,0.0047180569387074555,-0.004605430638354934,0.010636517273224594,-0.008218708970160724,-0.0010439684005063338,-0.008625820189798176,-0.030495258898845332,0.016056433239506677,-0.006420944494999953,0.03362981160954803,0.009821899821628453,0.003627232476345151,-0.07132080837200815,-0.020656709582029153,-0.0665038992670293,-0.09267908169616862,-0.01365438218309323,-0.09869659921921475,-0.0019249877726858244,1.1722898644211163e-07,-0.18099213670382963,0.21959496406126475,-0.0024203391540069626,-0.0017472326761793298,-0.0020402742382376717,0.16914658028720864,-1.7961639813274604,-0.34254281063353575,-0.9603232187180798,-0.2346581622831933,-0.10025649492199219,-1.673265717782336,-1.2906028168225974,0.035100856799088004,2.3347015607095303e-05,-0.0007368151093287732,2.605522587653822e-05,0.02563603504070001,0.013649337264269553,-0.08315781072427629,-0.019858331188647754,-0.022054075608069122,0.03220385031833765,-0.008871421599198471,0.4299945263732775,0.06178085822376929,0.18944150542652863,-0.05218291199837288,0.00020567359529012562,0.09645146687106244,-0.02420045654471414,-0.0013096350403651229,0.03821205453239774,-0.025308372952269394,-0.0201413013902392
-0.0011119306630804182,-0.03548672758847589,-0.0518802731162163,0.0038797260163886405,-0.003630421836084297,-0.006421118034851078,0.19382738244502107,0.008317436345475201,0.06168332166393356,-0.12261744124462573,-0.020673823226748916,0.04681692960338805,-0.05382676936626122,-0.010840158693001733,-0.05581429114617478,0.01264716712272143,-7.801781692500146e-05,-0.0871096199564964,-0.004963845989695634,-0.005163427028294621,-0.004275901593812252,0.3146740332370723,-0.07393414697032265,-0.9443968540291785,0.0,1.1836990243558267e-05,-7.070992331043371e-05,-0.012264918757362707,0.08264741513747331,0.33841180883845123,0.008806743385952859,-0.023632849878564198,0.0038135759893072633,0.002972620069970796,0.011852378026989786,-0.0003443446655491648,-0.0354189336224908,-0.18419339652787334,-0.3902659200113002,-0.06203660521035296,0.0035206514581206457,-0.002734012464242084,0.0037308248106754224,0.8960230111836776,0.001535087302581051,0.07409691854242485,0.011425421036164656,-0.004340744681084834,-0.007398737512672796,-0.009281441253343,-0.0005192463119187399,-0.021659132582555963,-0.053121270818830016,-0.007371396138910186,0.0033910542148538215,0.0008413878730711272,-0.06388784981638598,-0.02138492471594085,-0.04280198119860463,-0.07981183103246657,-0.02450959497432678,-0.10134724934600937,-0.0019181194501060002,2.3625277532159138e-07,-0.1537390477840945,0.14090082779544685,-0.0025135127912020707,-0.0014629473575341243,0.01003315626897135,0.08175100185887907,-1.7885123635157014,-1.016271788006651,-1.116375022765831,0.5337525806100765,-0.23547769076422898,-1.5315978115682136,-1.2304379035772635,0.01987939308764398,2.380944715166461e-05,-0.0007379574127185899,2.5096291581808088e-05,-0.0033632267734018937,0.025554948962675843,-0.009830959916777751,-0.020913938283847754,-0.016270670024406766,0.024070722473444744,-0.017504694606005535,0.4155505353177452,0.04459125611076766,0.22492620537998656,-0.04000519816087869,0.0020854020968026745,0.06398468041179187,-0.05838912593880001,0.07915371696773331,-0.000997172475833925,0.005080319408713561,0.20477043320115135
-0.00491986108045648,0.0538770192719618,-0.03924407537555764,0.00511302138584793,0.012176420689394663,-0.005887363084612746,0.5597241511190661,0.01154980706826128,0.057793353892596565,-0.1545966850328274,-0.010479789307627533,0.05489952194006277,-0.04741016607677794,0.002777934081037055,0.2909338084724395,0.009655506649546198,-0.0027334791605878282,-0.0969904144252741,0.0021302918218254877,-0.014147533714397168,-0.02582737973579936,0.3419155431602146,0.06888031841789895,-0.8764329250219164,0.0,1.1782070622844212e-05,-7.16918053338987e-05,0.10872115659263759,0.08058165655502746,0.3547332483480881,0.008836787407579405,-0.010861495139233611,0.0040273218144491404,0.003722851498145715,0.016831796279545123,-0.0006024299603540425,-0.03422966620980618,-0.2212337854115724,-0.5358659529857244,-0.05832332585371148,-0.008944812025443602,-0.0020613143102768236,0.004623935738059904,0.8994291413693131,-0.001692549986864422,-0.005871233323111486,0.011297462000827593,-0.007108562157005657,-0.0008709878296632285,-0.011895330257623508,-0.03218914904898018,0.021418074758405483,-0.020821063340114285,0.019666033107136924,0.0027412688640109633,0.0028740427608837226,-0.06968825634644386,-0.02124199444299523,-0.04885296050607809,-0.08723796005774709,-0.022172535344102705,-0.10053599780080336,-0.0019250382632452399,1.4794330839115375e-07,-0.15692373180531627,0.10832065148091165,-0.0025097475093485595,-0.0017328179396405238,0.00461690640112824,0.09973701801233031,-2.251331519195165,-1.0466589889604747,-1.2479803436424872,0.40312775354320574,-0.3439373000459855,-1.7716081060341031,-1.3244027770495388,0.020199524651173046,2.3758264981085416e-05,-0.0007337529266451124,2.480518169907058e-05,0.0187560425644579,0.012978631360039718,0.0010682102384662901,-0.0013673030744893204,-0.020333182198957654,-0.012469658592085976,0.33883296066361424,0.47771904132972665,0.040626663057023595,0.2245809525991353,-0.054577414674974234,0.004214649904617604,0.1060284667053957,-0.053150289775153244,0.06494905899063441,0.03466637469024058,0.009671611379910523,-0.024281745930981074
-0.0015965480542426244,-0.048456321497492585,-0.05474138386200844,0.006893984654869202,0.008592555306635547,-0.006805492474818652,0.5909562189487646,0.009205265374417775,0.05410471672204953,-0.11917030908032845,-0.033539284493538934,0.046996785623106316,-0.028194587418673242,-0.008364261169410818,0.2895044554779275,0.009669057046087655,-0.00706366699567788,-0.0872568869238274,-0.002902786958450352,-0.0022684771817782713,-0.00517726214409708,0.3445079652734529,0.0303401406514601,-0.8993896566731255,0.0,1.1863637322485515e-05,-7.419249157000193e-05,0.037015962840486166,0.07393937067119445,0.357941601951255,0.008581939916985188,-0.004051832333102861,0.003972734456627852,0.0025912786438780653,0.016855721385125446,-0.0003443446655491648,-0.022865956695531976,-0.18820667150069773,-0.5286369081816727,-0.05980803743128458,-0.013314238279285176,-0.002734126252765255,0.014421001808643301,-0.1157953300654964,0.004884110810588742,-0.005023331458431228,0.01494043545920333,-0.008400630502815917,-0.001013937010941866,-0.009788677082909902,0.003159049237344068,-0.012023582699728936,0.16232150061309436,-0.011297749870645316,0.0010841926519086342,0.0029334938012774707,-0.06838342839840003,-0.02032241835065077,-0.04961363273016236,-0.06641984235042095,-0.00046795981222326195,-0.0994227397408008,-0.001925044816781608,2.2433097799696598e-07,-0.14485392917613815,0.10834911538845586,-0.0025097711400471996,-0.0017595445102076433,0.0010563798454738306,0.08881658672476662,-2.2876861650879334,-0.6900787418491356,-1.0655919744318465,0.5014499277861494,0.08260953428437566,-1.8177912953513125,-1.2641355061801256,0.024274342686491514,2.3682980837762902e-05,-0.0007336803936476879,2.5096291581808088e-05,0.015806165050833532,0.01525170573634344,-0.06375761487573148,-0.009141384711629055,-0.01857395545826286,-0.0077703608430177,0.3471461056709709,0.36974731644727016,0.040963817844289624,0.2433076112127061,-0.05858939103709539,0.011756216498181685,0.04711285199191423,-0.05460916955764653,0.06725934160420283,-0.007128418625112418,0.004420554198283518,0.11177368087501453
-0.008131587306060957,-0.03533995649548956,-0.048466522422235564,-0.002180404305275761,0.0061880335654064655,0.0017965311429467615,-0.06854838323453524,0.006790966072551019,0.05874754660686766,-0.07459600897274919,-0.010872513484007147,0.03715760838851831,-0.010146258305646277,-0.006214462545299703,-0.03982937755956426,0.00591478532118386,-0.007334247455546751,-0.0335242721375127,-0.0014737279150508424,-0.010528124859801093,0.03576639121920186,0.34856785689855757,-0.030634950624740993,-0.818470288343698,0.0,1.1609699305387472e-05,-0.00017054260086632223,0.0754042859077156,0.06779998116773704,0.22463611696523592,0.008835098625335236,-0.010816443121344405,0.004581536679095272,0.003737409003568802,0.01803629412705805,-0.0003443446655491648,-0.03682399511341542,-0.18521791202215918,-0.4675744654544845,-0.03634274139421825,-0.027827774231072185,-0.002866618694914312,0.005918699111664945,-0.15019734431985804,-0.008355197933654208,-0.004716920801692768,0.00045449417343752774,-0.007938520097887581,0.0073558585152715865,-0.01406146131167951,0.005072219671445221,-0.008845347664751991,-0.007813661913343393,-0.018484914049817423,-0.0010148743626024774,0.0024153499813907176,-0.0714386624576778,-0.024668541322132996,-0.06762774409334689,-0.10026396706761116,-0.024945281479460468,-0.09924991946977567,-0.001913519332472684,2.788888945952589e-07,-0.15273054955043422,0.21961753624311542,-0.002385730873239816,-0.001756436855901382,3.0435782132301923e-05,0.11799479483377265,-1.236329928642375,-0.37867759803208023,-0.9936583684382843,-0.15696439167690607,-0.036872629108272444,-1.2241499450115396,-1.2407730294149313,0.03719512021214228,2.3508091139023658e-05,-0.0006251168090127314,2.605522587653822e-05,0.048358706508486185,0.018350439866038362,-0.08393972604055812,-0.022778153471212245,-0.020770174295986925,-0.01381825856943318,-0.0188612791379826,0.41559506717261624,0.0613815602993331,0.21495941013696154,-0.05026995347439331,0.000690149641180012,0.10637518909914263,-0.02699873700586127,-0.0010947161727412385,0.05453735250759438,-0.033005830866205704,0.1684685179202849
-0.0066160261737961985,-0.04060649104493086,-0.035444735732531825,-0.0008351901961971081,0.016233064609455464,-0.0033852599445723984,0.2636604980497769,0.0034452546915109683,0.06137636765129707,-0.0724862181077889,-0.028016241943159926,0.04060659429623258,-0.023389437738291177,-0.0039452128516477974,-0.03467662989552942,0.008714951919859045,-0.007205730536541158,-0.015970543791633516,-0.004893723331552869,-0.003302777472820333,0.035389267291630104,0.33909506012421503,0.08315927479248723,-0.8710662969464987,0.0,1.1609699305387472e-05,-7.094950992990387e-05,0.07109639591589638,0.06737200339982533,0.1793200135899429,0.008800329668089255,-0.023825633400352726,0.004192430179569015,0.0037296206680023972,0.01721491322067683,-0.0003443446655491648,-0.03778129065586646,-0.20177558207005358,-0.48222549907948503,0.07913900869938154,-0.029963139229192363,-0.0027659502055752566,0.01404425936001757,-0.15121633563497297,-0.0004916614502759474,-0.006660850685254064,0.006883516144024463,-0.00809306258757071,-0.001541113675331011,-0.014630477981638563,0.011514765309427114,-0.028383836874926714,-0.008931469887566889,0.002455458756055836,-2.00606805045812e-05,0.0024868390634277195,-0.07262733877304148,-0.026083682258397682,-0.08625900805263567,-0.10135518936879616,-0.022737726832318835,-0.0979009878246823,-0.001916855576559946,1.5986510571577915e-07,-0.15524497600197465,0.21906785335697193,-0.002414483107725823,-0.003297159779027157,0.00010290212514046156,0.15569090812728328,-1.2796720887492268,-0.36890211912703685,-0.8252652164770089,-0.16876519708835974,-0.15637463033678192,-1.6489019410186967,-1.2494204557798219,0.043093180298972085,2.350606043212261e-05,-0.0007379580927265975,2.5764115993800715e-05,0.007956486698848046,0.01958137746498365,-0.0793753802191677,-0.028512479565446378,-0.013823418700928021,-0.01594709774090698,-0.024960349487764363,0.41045718435434364,0.061943446657529024,0.20682047360583553,-0.02275550757958433,-6.631517507270971e-05,0.10604865186765167,-0.028244861148481175,0.032557219882315594,0.05520979441592511,-0.028221019575517516,0.10722834048112677
-0.0017168894760028993,-0.04539491266986098,0.051892706561721624,0.0036213166637939975,0.0033712045803840573,0.003768992943410125,0.5581574949485165,0.01146071639738074,-0.015100419805140828,-0.14871744595949551,-0.02811251764468651,0.045332092239314885,-0.047867194881261454,0.005416257464276359,0.2853227315709959,0.01149437358750687,-0.006731707718067376,-0.07528941636240938,-0.006792016532191105,-0.009367063724581265,-0.0672563611154023,0.3367492530422731,0.07217509666290352,-0.9408662644970847,0.0,1.1782070622844212e-05,-7.301530849758997e-05,0.06267216825053352,0.08340311064451861,0.3444793886342108,0.008653793663013425,-0.010690383516837666,0.003340310710672955,0.0034601577492599836,0.016007089100569694,-0.0013222727751351813,-0.03582987822465538,-0.1940436611177996,-0.4100564079612294,-0.057418527583195524,-0.027862169903286316,-0.0029760831047461003,0.015347106483204021,-0.13010464603867927,0.00029204457672627387,-0.00024665720500551095,0.010257897132021222,-0.006648093512526306,-0.0011128131460283808,-0.012790328195305204,-0.033642875325098194,0.02035499464171199,-0.02133186659846777,0.019354811718411715,0.0032097929852276386,0.0015793176980810563,-0.06687524181934604,-0.022532752563415758,-0.05110686928314548,-0.08058182799924277,-0.018940306993217568,-0.10263581585443311,-0.0019155039369054784,2.3625277532159138e-07,-0.17047499557234191,0.0890110009685953,-0.0025114196189856466,-0.0016784470087633702,0.0049160885849312734,0.04202722649238688,-1.8915483489550893,-0.7090435147752258,-1.148737430991922,0.5673449348827139,0.002661133106031021,-1.594314737138136,-1.238518768027946,0.020963051306104,2.3856042888899233e-05,-0.0002454465932086703,-9.618724931402146e-05,0.057299808595047026,0.04979192356415387,-0.07832476101491985,-0.02289882749902088,-0.027346530897058356,0.24930715195008266,-0.02151855688561618,0.42082231447732066,0.04405241251442362,0.21999029998827582,-0.05436908673010112,0.00993161953570445,-0.01918517518314179,-0.059395448292874006,0.06608136936852814,0.008824013210805719,0.004532621056640707,-0.02682228595002466
0.10224449465507982,-0.05651177952576057,0.094369482052299,-0.0027178083879453576,0.007333517002555416,-0.005520730672174114,-0.0634421136682539,0.008190837294991423,0.0597671439846625,-0.05804175990896113,0.0353219569501836,0.041479182034380835,-0.009148880343674606,0.018761004846875907,-0.04864440555644777,0.006071523381864183,-0.009061998927047907,-0.000507574919863139,0.004368598010436322,-0.004139505395037449,0.03635532679104539,0.3571419584746636,0.0025227141619142985,-0.8754338988327206,0.0,1.1622663032596449e-05,-9.339785499939501e-05,0.07889969459525363,0.04809214781273781,0.12018714538961553,0.008852933758797641,-0.0006753169962741767,0.004089361302000069,0.0031901295877405193,0.017059120303429643,-0.0013222727751351813,-0.03839943735226306,-0.16351568905952235,-0.4849091451764387,-0.05170612010415788,-0.023060454894204906,-0.0015086140285356666,0.004595825466488141,-0.18845432140662893,-0.013496630900193918,0.0005020392233976781,0.012374002277214783,-0.008934525540453226,0.0007352480301833575,-0.06941075123370893,-0.011544584875479201,0.019642165231057843,0.011668485715197501,-0.01789699289011466,-0.00018467354965920422,0.002558409378058914,-0.07098910544330714,-0.02310512630358894,-0.07267333907681207,-0.1155557601512005,-0.03178979357850472,-0.09495878280591523,-0.0019217932069865457,1.5986510571577915e-07,-0.17560815564311988,0.21972977461816645,-0.0026881578188903154,-0.003327856479163501,-0.001026217573293018,0.1257108630112096,-1.031300039952024,-0.31080326478328396,-0.6942970425740567,-0.22053243972246014,-0.24685330095102997,-1.345688160671932,-1.255201905131007,0.03839459791155615,2.352472262565364e-05,-0.0007301248662800703,2.605522587653822e-05,0.028112549104066718,0.018009065004945833,-0.08700479609311028,-0.01413399695551655,-0.0186463057313305,0.030283124466376064,-0.017841907851979012,0.441557520876109,0.06269582631885334,0.24200340518369545,-0.05009717412258906,-0.0007447906444406566,-0.007176371603911765,-0.05116693484349252,-0.01056931070494875,-0.028286156663171635,-0.004177709417299381,-0.02517772558426774
-0.002342374106503968,-0.03561124811412983,-0.04909099675316058,-0.0025776706768297067,0.005396058360805869,-0.005843421327767601,0.5555935228936658,0.005500682819978711,0.06132454326991956,-0.05673441173946304,-0.026001039279737438,0.03894065403522629,-0.008907324343120875,0.01853551580067486,0.2876728105281224,0.0040380490841013545,-0.008989161181356738,0.007747257676175435,-0.00581109557632504,-0.004597142850539686,0.014326298853831722,0.35005845513527595,-0.06640873182080557,-0.7896840419230836,0.0,1.1601849048355012e-05,-7.427314381196812e-05,0.06640440700710054,0.053952041438487176,0.1207610567345696,0.008847024316333883,-0.0006169048196886786,0.004192969543031242,0.00352620017343727,0.0158806081971934,-0.0006024299603540425,-0.03782028957067045,-0.184748122583561,-0.3833951315399319,-0.06233183239823891,-0.04884241568745079,-0.002037858255313236,0.015808822387008325,-0.189384274362975,-0.01105086326243058,0.0014379965861864785,0.013454088374975998,-0.0071836212332655035,-0.008465055294786047,-0.06932007685081448,-0.024888970676834946,0.017134674836046894,-0.024339843512610326,-0.01680710046102956,0.0015904370656606246,0.0023727920993660214,-0.07111209074227796,-0.02149541475121379,-0.06707194285800311,-0.10165410551352572,-0.029789149606020714,-0.09997228362794262,-0.0019254372582116052,2.2433097799696598e-07,-0.17366708221532176,0.2190340047382011,-0.0026990710772058046,-0.00334595457825875,-0.0022202822642821197,0.15477058120550508,-1.671916020911458,-0.3283816346452846,-0.6990344351804683,-0.22217004924003714,-0.2858267886355095,-1.4577514684943649,-1.325429335049679,0.038643753005475685,2.363439593295362e-05,-0.000740759910449867,2.5096291581808088e-05,0.03370799599317604,0.018521524961431675,-0.0841743009320795,-0.030294015243185566,-0.021840543330167047,-0.0030123310082902656,-0.010786478145591877,0.4080423789160583,0.06291850737436695,0.23223629820716205,-0.04709864188838783,-0.010970959871315583,0.09346202725220619,-0.02472065975514575,0.03610975993707883,0.07866943107003051,-0.008026097713280453,-0.02454288714203747
-0.007412696306682458,-0.047537676578950895,-0.03923797613396462,0.00304389404179653,-0.003694799398643384,0.0038019948559209218,0.545346345530271,0.007738938052021365,0.05739747527076542,-0.15121668391041285,-0.014802362245701202,0.042097340263207335,-0.03778438580508822,-0.010049691754172169,0.28675705252913025,0.003570204409641226,-0.0005348377119887927,-0.07077890412246188,-0.01054250637996604,-0.004999972938040215,0.016061629574170923,0.34170948518893307,-0.060669029567484455,-0.8764747784211421,0.0,1.1772637532804294e-05,7.344316645519583e-05,0.06540243911464683,0.08133407306913505,0.3139964630678,0.008775939360838028,-0.02394163518725812,0.003541708992033844,0.003794305416176944,0.01605210066534109,-0.0006024299603540425,-0.0378975512068587,-0.22188038082428363,-0.4513704245604778,-0.029505690850003163,-0.01579707841321939,-0.004320194157412299,0.0065198579508158605,-0.1391735456359023,0.004089397759433408,-0.005200001796727914,0.00891630252105035,-0.0075975422055010846,0.01474777108219216,-0.00726674344784089,0.005669874583100772,-0.004648053199611172,-0.013955703565576178,0.004854036066092412,0.0026245004344377532,0.0032469399735738235,-0.08054828977660229,-0.020572331294707882,-0.07198578906268144,-0.09780099018225484,-0.019406265924367623,-0.09600595484614691,-0.0019111730354493843,1.4794330839115375e-07,-0.1543329250975903,0.2192193494734238,-0.002505077374796518,-0.0017597083262301122,0.004122989685064328,0.12173669187089589,-1.7066218564496154,-0.6721217901520957,-1.1444400766695502,0.42986481049100267,-0.09569495261250613,-1.6058276730245222,-1.2887937959977462,0.031843516160123195,2.38310582569395e-05,-0.0007379572890459889,2.5096291581808088e-05,0.04443283642994114,0.01224440889949391,-0.07518114675857492,-0.010125752730268207,-0.0170653196562745,-0.008713344621418132,-0.022712582756777407,0.4206349569126315,0.04872100897466676,0.2205687019906412,-0.022762916711235055,0.009217759134738986,0.1289723337683099,-0.05561965465579684,0.06366705547600182,0.06620930352386262,0.0143095549395264,-0.022329790376416393
0.001599853332963844,-0.05023169321332173,-0.06233775377318205,-0.003970966255425646,-0.00010231044319297364,0.003976907118650158,-0.07449635234567219,0.012127942901760926,0.06003817840102911,-0.12966140335861967,0.03550980734321567,0.05125539385315263,-0.042321149092317364,0.0003902770473217307,-0.056765354976345814,0.00846166610316344,-0.0024241160092162606,-0.09713250498418301,0.005297122653235015,-0.01106389516739656,-0.024169042851684773,0.34512809984055054,-0.006996270053659506,-1.0114488906853607,0.0,1.1782070622844212e-05,-7.368403868223678e-05,0.05975186271270315,0.05751475161083572,0.3241275381447386,0.008841347107042272,-0.010884968653823534,0.0035169379603081636,0.003624260377559896,0.017164860271282185,-0.0013222727751351813,-0.038502120504349924,-0.17330287185246682,-0.33036541468585484,-0.07007264048169737,-0.034217548714974476,-0.0037340827836052494,0.014996835246125367,-0.1319674677939445,-0.005468930287647623,-0.0005410056039620414,-0.00020322433083592913,0.01319372181006143,0.051034361144544176,-0.07127518370870818,-0.02366677239515685,0.024215656228819125,-0.0438045368591253,-0.017114264203374085,0.0009256449435250339,0.002204544720411614,-0.06172664608615954,-0.02201427503142073,-0.046389540880260406,-0.07184415914246674,-0.021628503812984777,-0.095852581390081,-0.0019317209922109248,1.0530718911748622e-07,-0.1688390180430052,0.10880104539177848,-0.0025149028075660794,-0.0017040134461599702,0.006415429227361496,0.10487566623351859,-1.1081830610776386,-0.748171549641155,-1.1424881342009334,0.4375876866843411,-0.1122321661423291,-1.2364854779234475,-1.2969432201495898,0.021049402583544246,2.3857150568222985e-05,-0.0007364951112540246,2.605522587653822e-05,0.04165950659356025,0.013636414191496164,-0.07376461336037464,-0.014698884318237591,-0.009217856391167994,0.03103170123296989,0.3426566162534986,0.45193303738134777,0.03901097084382077,0.23088670113339274,-0.05201315701754856,0.013872867996215631,-0.0029241545406895704,-0.05807050831571944,0.030268727960117703,0.03170977902222648,-0.01778245431736504,-0.028439094014304372
-0.006779894313263736,-0.04628430329657139,-0.04870874792144165,0.005469235338857301,-0.008175823655470356,-0.005996955879195587,0.5504493080004568,0.006802346182034843,0.06201087514959151,-0.1500037635103744,-0.01439538054861018,0.0496613858540504,-0.0439386443885644,0.01585618704999552,0.2990939020925714,0.003728736146355433,-0.002339193048919399,-0.041491648155415624,-0.009076504752789292,-0.007137695003151448,0.015085138551716596,0.33210801681323004,-0.06617132347397951,-0.9707300224766522,0.0,1.1772637532804294e-05,-0.0001862591363125645,0.011478339188294794,0.09334674134158293,0.2184213108669144,0.008661728894833246,-0.0016665390547826175,0.0035355078080067134,0.003902792728515813,0.016706758762096034,-0.0006024299603540425,-0.03648497619857222,-0.22262393973350939,-0.45994535785540797,-0.060538690907428014,-0.02449174605689891,-0.004016086951100878,0.023641687899936398,0.8521031010400012,-0.006172065899401765,-0.0029274228359653797,-0.002520331928164796,-0.0037824047971931007,-0.0005419046142484702,-0.008510656962393654,-0.02833494010045149,0.020702924818481988,-0.020432963811589017,0.021581759288724727,0.002344644958669897,0.006220611950503603,-0.07746728370603043,-0.020965058018155305,-0.04352126095334902,-0.09181870568241142,-0.011993142272290537,-0.09601524428783786,-0.0019259065837683772,1.0530718911748622e-07,-0.16825399645191005,0.21911794673077495,-0.0027788524720687583,-0.0018478644155654827,-0.0035276988269956275,0.1234333287484127,-1.9866343158199253,-1.016725977115768,-0.8139156207230915,0.45203614696181027,-0.6308849325226338,-1.5614117800873712,-1.3285025025796953,0.027672399098482656,2.384929926040484e-05,-0.00043819050518974467,2.535283011264824e-05,0.044044191025398256,0.013350044228979029,-0.025265853205128953,-0.024866670981218808,-0.01850466382096694,-0.0111102498947413,-0.004656567925719597,0.40560872640286544,0.048215408845484094,0.2456010490357797,-0.047765423016996836,0.010717609077211534,0.12707026693205817,-0.0586785382621031,0.08210812422283599,0.04656521094405593,0.00012172708197351795,-0.02378324368055106
