cm_angle.dist_ctr2best.mean,cm_angle.dist_ctr2worst.mean,cm_angle.angle.mean,cm_angle.costs_runtime,cm_grad.mean,cm_grad.costs_runtime,disp.ratio_mean_02,disp.ratio_mean_05,disp.ratio_mean_10,disp.ratio_mean_25,disp.ratio_median_02,disp.ratio_median_05,disp.ratio_median_10,disp.ratio_median_25,disp.diff_mean_02,disp.diff_mean_05,disp.diff_mean_10,disp.diff_mean_25,disp.diff_median_02,disp.diff_median_05,disp.diff_median_10,disp.diff_median_25,disp.costs_runtime,ela_conv.conv_prob,ela_conv.lin_prob,ela_conv.lin_dev.orig,ela_conv.lin_dev.abs,ela_conv.costs_runtime,ela_curv.grad_norm.min,ela_curv.grad_norm.lq,ela_curv.grad_norm.mean,ela_curv.grad_norm.med,ela_curv.grad_norm.uq,ela_curv.grad_norm.max,ela_curv.grad_norm.sd,ela_curv.grad_scale.nas,ela_curv.hessian_cond.nas,ela_curv.costs_fun_evals,ela_curv.costs_runtime,ela_distr.skewness,ela_distr.kurtosis,ela_distr.number_of_peaks,ela_distr.costs_runtime,ela_level.mmce_lda_10,ela_level.mmce_qda_10,ela_level.mmce_mda_10,ela_level.lda_qda_10,ela_level.lda_mda_10,ela_level.qda_mda_10,ela_level.mmce_lda_25,ela_level.mmce_qda_25,ela_level.mmce_mda_25,ela_level.lda_qda_25,ela_level.lda_mda_25,ela_level.qda_mda_25,ela_level.mmce_lda_50,ela_level.mmce_qda_50,ela_level.mmce_mda_50,ela_level.lda_qda_50,ela_level.lda_mda_50,ela_level.qda_mda_50,ela_level.costs_runtime,ela_local.n_loc_opt.abs,ela_local.n_loc_opt.rel,ela_local.best2mean_contr.orig,ela_local.basin_sizes.avg_best,ela_local.basin_sizes.avg_non_best,ela_local.basin_sizes.avg_worst,ela_local.fun_evals.min,ela_local.fun_evals.lq,ela_local.fun_evals.mean,ela_local.fun_evals.median,ela_local.fun_evals.uq,ela_local.fun_evals.max,ela_local.fun_evals.sd,ela_local.costs_fun_evals,ela_local.costs_runtime,ela_meta.lin_simple.adj_r2,ela_meta.lin_simple.intercept,ela_meta.lin_simple.coef.min,ela_meta.lin_simple.coef.max,ela_meta.lin_simple.coef.max_by_min,ela_meta.lin_w_interact.adj_r2,ela_meta.quad_simple.adj_r2,ela_meta.quad_simple.cond,ela_meta.quad_w_interact.adj_r2,ela_meta.costs_runtime,ic.h.max,ic.eps.s,ic.eps.max,ic.eps.ratio,ic.m0,ic.costs_runtime,nbc.nn_nb.sd_ratio,nbc.nn_nb.mean_ratio,nbc.nn_nb.cor,nbc.dist_ratio.coeff_var,nbc.nb_fitness.cor,nbc.costs_runtime
-0.19370965799781759,-1.6417136510353232,8.487072752086553,1.0832380498092624,0.5444831789816198,0.21514633894683502,-2.130301711856366,4.027765418124661,-0.5268767840175259,-0.6104323547174058,-2.272545988873695,-1.8342293225983994,-2.5697567698025594,-1.1642826700894755,10.449444434200327,0.052389060341038116,2.2663653697009254,0.8896402347954836,2.159095457978133,-1.7980759501413026,-1.6198497479505032,-2.6957612377217637,0.2194751945436115,10.039389213790797,0.0,-45.10314049998588,-17.450781073836747,-3.877448696392509,398.67420315988596,-2.4680315161821085,-15.17926627864232,-17.589003179842127,-41.62850990607997,-51.05123174995212,-108.0341342297483,6.562808537807743e-05,-0.7189722372023912,0.05116163577496378,1.9857847428938662,2.5488206571919214,2.772706526158939,-2.6497200266345278,2.496581739583595,-0.2286848192535237,0.37934333943367915,-4.393849128976416,0.2157465978286172,-5.5661502345458,-6.238378633530051,-1.8157515466498468,0.27493668377727826,1.8630423187900607,0.9454635854045884,0.032217163688198325,-2.227086139479497,-1.3808524594814373,0.9136570824104161,-7.301111259556468,0.6203136725390012,-2.470644668823844,-1.7658252387225792,-1.9529224907382607,-1.528340614960651e-05,-1.0304064634998303e-05,-20.31777997973707,-1.4243740547213408,-1.21790472419322,0.09864552231569225,27.587768659904647,-28.556469624123956,-0.5202018694895933,-5.929716279911696,-0.5386223342721036,-7.81341771795234,-9.3250133086876,-10.407649916757196,2.685290496797945,0.2997917079225797,-42.64790977120785,-1.6619388092461862,-18.069751304343484,-0.8797218972447145,9.385971036909163,-3.130365837746121,-3.8963392017476584,-1.2788021566495078,2.42802142670899,-6.282553071267374,0.1680500569407507,-40.0545787372983,5.889463665407208,-8.341919365097393,-6.492705049085093,-13.984734854049274,3.3842246190196477,-3.965562574464894,2.3090615600195856,1.0635124211394134,2.972951116987924
-4.290228415436758,-0.32774506410874693,-1.7606474110477213,1.4721090813522681,-2.268184778044855,-12.282450915744512,-0.5585411481382601,2.3989956173801392,2.196949348085207,-1.5559908776777558,6.081491322655645,4.96199776895474,1.1146498697879001,-5.215058575265161,8.80461621190447,0.6073927720712654,2.5758211902449597,2.115690048989521,3.189349088555923,-0.4437254227214749,1.329213826219148,0.44624251013030736,0.20412896871415415,7.527466357971625,0.0,-38.13104716421005,-15.093414143075748,-5.191837286526591,421.16163442252184,-4.057848595839586,-26.628580141049937,-18.13522824173718,-41.944233123493134,-33.272919077998864,-110.3900162086071,6.19775194178786e-05,-0.5140871618143914,0.039794836638113736,0.5322390579557053,1.8127488009514918,2.7525238542885786,6.974128864422433,0.7556047505367303,-0.4857694645143169,2.209503932921083,-1.9128493549543237,-2.8541132494522934,-4.409656353574432,-6.9429623899341,0.3311334935828804,0.2736853199252777,-0.2981047076824416,-2.291021820688469,1.3499372289932974,1.811515658397383,63.628587204679235,4.990461092110113,7.518038587293488,1.2366469145261039,-0.07872504133948101,0.3599108898583517,-0.6186476390769807,-1.1728883439566964e-05,-6.117498950553931e-06,7.236984693660269,-0.23190172568915285,-0.7770329792999425,0.05441889464442866,44.70721713049144,-6.81184075118338,-4.859243161517757,-4.5477127116872476,-4.485149861002186,2.6886685748201233,-5.8086302387349384,-5.968565404691804,-1.2567179329489135,-1.0704466445216727,-42.860333745053126,2.755389053336038,-18.692368064052832,-2.2975396247239863,10.984236783275929,1.6061292972988852,-4.401694342579034,4.567602936997268,-3.074277484686004,7.0370971811409,0.291066604457638,-21.554499605568022,6.292107986467182,-2.2610043564940567,-9.669996993053326,-14.147294286151354,2.159874526615932,-2.6824716242973383,2.0489826515131018,0.47034545100573616,-3.1471659930895943
-2.982755456045978,-0.33664315664092864,1.6997109901262157,0.23094734322228505,-0.10957244385597799,1.329809188002704,-1.0552696115788234,1.890666924665144,0.6250622198949528,-0.13437687594096817,0.12981872175942216,-1.2596876547271914,-0.20539561156231445,-1.5525625531641343,14.035320013933084,-0.8752046998211432,-0.29423619985758503,0.9094980249876404,0.9673352296001807,-0.21052284868577398,0.7314035302152037,0.45668116809851633,1.7075648375202792,-0.6924537113179626,0.0,-39.15589172467682,-17.859546004810213,-6.47441777758982,-106.2343080386236,-4.366653645315273,-17.63325851335738,-18.123208295611242,-42.41044788724518,-40.6344344066257,-113.2090986208115,6.314796921908318e-05,-0.33522306663518664,-0.009070597033254366,0.5215718179721046,3.5252943108491817,20.974093841773662,-0.5129472685770275,1.955069269984047,-1.3771308109490379,2.264196086556546,0.7855267279692644,-4.244939090675528,-1.0482347475390486,0.04512785911009831,0.04550172161594985,0.8915228307075488,-0.1763229949651344,0.055883655943137434,0.5873771715767299,0.2645556319722631,137.101723456738,12.723128289257822,13.198458298385749,0.6803739353133583,1.9273436330375362,0.6523688292868279,-2.7154273197825463,-1.1701401767334378e-05,-1.209661641057947e-05,1.0481584666994312,-0.024088865450875685,-0.06805616685235653,0.08214973794759839,3.6083397688529533,0.9028719221435161,-3.3911149671952687,0.48263199984169075,-0.6280230403493261,-0.20475657103215125,-5.090869906625518,0.418788958823258,-0.18335720510627992,0.3423807839135429,-45.79899689696431,2.675045599316767,60.75665128379347,-1.6904880024212663,10.675483209035605,11.281993956698859,-4.025000876490251,2.5022455928971548,1.4236302258209237,0.32270307249488783,0.3611504325211522,-36.22687174565348,12.178125573266982,-0.649852306938064,0.7828184633733891,-12.946029269732648,-3.3971981623744134,-5.333973411464078,2.9497530535920626,0.2044237154904214,1.7079856963510378
3.283758569270882,-1.078777882238204,-5.236024957681123,-3.538351654095328,-0.20566600821869008,-6.2218415317153015,-1.7108585085963217,2.789094420674811,1.6626125075672875,-2.576644800545615,-1.3478182552668052,-1.5287306876720044,-1.0697109398744935,-4.476387969633329,3.961125598015796,0.5707935343869945,-0.222345036882741,1.9052747697503385,2.1845671419283343,-1.7105085004778071,-4.783254335602271,2.3469889055978435,-1.9329501060790948,7.203817972374831,0.0,-34.438459562371605,-9.64939653483743,-5.745293912529811,389.03804698793823,-3.0605234954362426,-32.21546660226038,-17.705505893468334,-41.07172606224484,-37.48146097397407,-104.34543815001507,5.1977411012349833e-05,-0.5394029860049081,0.042702606329375545,0.5602913831033445,0.939436161360919,4.68183458775479,5.255697465523054,1.837924792220087,0.4768939597156251,-1.5604835098256002,0.40795628840564624,-2.5237756581029345,2.822114169539882,0.3015616788858327,0.2771222925763496,0.7779998768842258,-1.5148428539400565,-8.886164370238609,1.4375507931426803,0.9372750822957526,67.41834824537432,4.8564156155360045,9.372181188482518,0.02573426523931461,-0.45440126724109065,-6.258099196729164,-1.4466210708915153,-1.7120010391445837e-05,1.1092583653954477e-05,11.661757658460347,-1.0980665381870724,-0.32820681272979335,0.10923459808027589,27.45800886442808,-15.129249086037479,-4.330849518581604,-6.323390005732147,-1.3366031268813239,-7.185736006254726,-10.22466213274619,-2.92264260254909,2.598695247473667,-0.07704239826805301,-43.03946151116979,-0.7435185123273802,-17.597166262617964,-1.0912327764543395,8.976195780866814,1.8286836551272845,-2.871081442405244,3.138877993387193,-4.145109599287275,11.563787665686377,0.22484585397716209,-36.42293371433384,4.230315304015817,-5.428025845823547,-6.543341664246428,-18.722644112318793,3.3643113812409084,-2.7050513807148575,2.525272907212943,0.11350704166062528,1.0093845778520272
-9.163354611976937,-0.30921982383798097,-0.5546698311386676,0.09513835620099306,0.20935905375358818,10.067821230351681,-1.5943375247985119,2.4450527192684706,0.6647911851403708,-2.12046948764802,-3.611980985569909,-2.8635635574235794,3.751890216520633,0.9384007301463917,11.470399361940924,0.005629639591759326,-2.6645606139376117,1.790293282085932,1.6319744588717362,-1.6501968299941145,-0.8659710638034391,-2.241317040670659,-1.1145541899878455,4.359376631257166,0.0,-35.0781266455957,-16.764010180178534,-5.3353346979552,436.3419958588758,-8.078669218772252,-11.618061159555351,-17.719801619763526,-39.644264781828134,-35.429607746070616,-105.37482978453426,7.435148019637785e-05,-0.598112444079123,0.041873663014067454,0.6235644262912277,2.1700329681759847,2.697273363334947,-4.509092825696566,2.1489100790237448,0.4765336053976143,-0.46463658373252953,-7.899040750688699,0.2980686926284645,-6.228517751801063,-5.8992010143428235,-5.3391028712522,0.2806493189250372,-4.471718405242988,0.3017383092779605,2.3609025031028685,-2.684659139035745,-1.4563350150330385,-0.07446563957836168,-10.543130620413336,1.1392571005602246,-0.9105181746679357,-0.7242083970474996,-2.7876040779228872,-1.0505871316483925e-05,-1.183651567085488e-05,-10.743071219025264,-1.5419991105109438,-1.0227131795984654,0.12858361607938928,29.477095045543926,-14.300673200405207,-6.725441359864069,-7.856190799310052,-0.9334572021828698,-8.801756833892712,-4.641183337111712,-8.70336505304728,0.11509945045433592,0.26856679554312235,-44.13680519083714,2.7856054338002774,-17.860485603022568,-0.040671064948063426,10.817234714805197,1.528373670124891,-1.1564852948228856,0.9667025745015837,-2.2359218649520827,3.9287610573798317,0.49204660946176026,-39.70199559789147,0.7822983511845917,-10.256512948105419,3.6269471229497667,-14.63873995852431,-1.0936174541028945,-4.066853867320914,0.7275240793999965,0.6393297020442134,-7.2056087446340955
12.455723554895254,-1.376444747571393,1.4964948761061203,1.7929089725731335,-1.2633690676425124,5.956803392029267,-1.018677001118563,2.659643891888469,3.436364463863312,0.054568015054528525,-0.8940252212706653,-1.14334147572249,0.8965975885091524,-1.778344372941122,10.13736025029237,-0.25781984400925917,0.28873808826376846,1.0012143360868935,2.719204709630492,-0.024443840777729046,1.762590680084342,6.729639793966751,0.5660607055177667,14.064658503232268,0.0,-47.67545712216503,-7.91918622194126,-6.828767571737939,533.1536337050918,-2.1784727273807167,-11.272851558971228,-17.821923574580595,-41.62089083503774,-57.87211208916581,-106.8340602315702,5.78412722399137e-05,-0.7356351629678253,0.050922655084996195,0.7133235251703777,2.3252492219308847,2.4642506829641726,0.126496687842387,1.8778095792758485,1.9878056369405543,2.898252705902522,7.036609840191889,-4.918568245251829,-5.01853528067286,19.92850927983499,2.8524682614861767,-0.5576651277174387,3.8323031948694775,3.9174523224581574,-2.650331769816331,1.4550066899916771,-1.9943500587839242,0.43127772501773415,2.026209996388475,2.0706738003694745,-1.2632697517273812,-1.0797849096406151,-0.8247525705216834,-1.4590152296857211e-05,-1.5628612963468984e-05,15.104625098038223,-0.360394217987759,-2.7992175385427713,0.12083716893982221,35.64544062674025,-15.938353515172558,3.1705666195855446,26.00703653500064,-0.529514484486609,-3.373501568913668,-4.2020308720497574,-17.073519713545593,0.7808814044530223,0.38938137388153404,-32.6686320820415,0.14794028038404794,-15.651720622552913,-2.0856676652628674,11.102262818593994,3.134432018357198,-4.695877665625011,6.689548430151646,1.5887265301947333,4.158908439338667,0.6165799077240657,-34.57728652903064,6.791786044363626,-8.872159482588136,2.8422364959996496,-12.019124963947958,2.4850919880201765,-1.356091352382751,1.3299309687776508,0.46221260788630275,5.565418679353743
0.04236432031207838,2.1461593019713363,13.911946751735671,1.0978617706343037,2.34149892767217,8.31372906475882,-0.42020708897980363,4.955096389900292,0.6603942606720894,-2.3211080004671043,0.41023324431172425,-2.1056682758255203,3.800916646809315,-0.358807370716548,12.401027615929541,0.12756542016784617,0.4193291473980303,1.9234009275213877,2.0882926863236717,8.531732345661892,0.18552861982486762,2.2828884826604723,0.014659287368428173,4.17014726119171,0.0,-37.83570573812568,-19.692857932847375,-6.283367933379685,561.2445388714643,-5.073500096653849,-11.875651757345965,-18.242521209894882,-39.67869835583484,-31.59684121581466,-100.80479742557708,7.05665956422736e-05,-0.5284288583854778,0.040509161678170064,0.8370061503561336,2.283791464977018,3.4448339503410668,14.531776805075959,1.3976406303498305,-0.3462314204522756,2.2218238032065,-5.817902133153544,-6.739863145151249,-4.244438125251602,-3.1029671395273493,5.6057603309030455,0.34627512424437984,-0.10317647850914345,1.0447404645768334,1.7023935097707725,-2.4306302177205334,-0.8882018654489786,0.46265240813504366,0.6968678971006118,0.34520140847978464,-1.5537907727101898,1.1780727561874729,-2.680508986160383,-1.5258551129653831e-05,-1.23871804844866e-05,18.558239781655313,-0.3160549141966653,-0.44124307604239,0.0878767898534362,38.12650237040244,3.3469410978442466,-5.511945334501192,-6.817912563413812,-2.2012827206164474,-9.486480136452878,-6.548766126932036,0.9772523144356182,-0.6997807193063772,0.4369145913692526,-40.33368635614745,6.90450601185962,-18.058939533964384,-3.7739789469014307,7.731682795721905,4.194230185005682,-3.0039012244780126,4.79686122692095,0.8101858352217065,2.2251296315008298,0.57683870356272,-30.030731828125244,9.913827137191852,-4.61905390094906,9.903076114514345,-13.413138778977954,-1.4936185515488638,-2.708360193910374,-4.553137673280647,1.4200790583278164,-2.7388625152068906
4.2289508897332215,-0.3427215377194386,-0.4320130418269734,2.3226861278311475,-1.263598794966206,1.1039145718708772,-1.1763646357998252,2.9829999579345143,9.327612890212771,-1.1952597427277873,11.502219347298947,5.626041223145372,-1.719481964043583,-0.38940697897874604,10.420908438816129,0.5640783666858469,-2.681132600246637,-0.13530919026252305,1.306020581782141,0.7477991847867898,8.357619542800226,3.909262463863515,3.5310094875176086,3.283904612283424,0.0,-36.51053639501051,-10.888551909033072,-6.7070458124359,494.33632784751444,-2.575049954872126,-9.365908197095802,-18.056848744730498,-42.38754936695381,-30.130280646465962,-106.75551987250378,6.827965196107705e-05,-0.46648091256976754,0.011175264484652161,0.8177191052229135,2.1734603993268493,3.447051972140142,2.3320552479623893,4.973777426618931,-0.6263291579419168,4.4308159786552315,3.841049891498403,-2.494032145218178,-9.262544252363853,31.74607854368225,0.14995581199411692,-0.007490544068312662,2.636774980350206,-2.22503093047644,-0.8440223173631805,1.5782443108511799,63.69329697752227,6.828846820673876,7.762284547955518,-0.8221915308052622,1.5700942044785018,4.535490023745127,-3.7064787685345997,-1.7219550515647743e-05,1.0954316309690514e-05,1.8030874601620375,-1.0533343558241621,-0.25562332429266116,0.08074247624371858,50.204589745694854,4.272790131714634,-5.143412153480996,-4.1298726320099,-0.4034743244992993,-5.429978578956057,-3.4971929449283636,2.492424092154435,-0.09759989629571855,0.6681592129321183,-47.23392297348739,3.1083889791185606,-17.578499397977435,-0.45007266073775914,8.208259855553829,-1.1765810889527453,-3.9803593553379875,6.181642793209149,1.9029867344770934,23.74376801798672,0.2825478271431988,-21.706391927783862,9.303871786618322,-0.4861735137907865,5.514366768490838,-15.022960670654427,-1.5192165400238695,-6.328021979038677,8.300743426547175,0.8106991043126051,8.788919504379521
0.4430373720824429,-0.5813475582047385,0.7311112041158148,0.3263695683746026,-0.6756666158207837,1.5514563811970667,-1.5961245045165886,3.395797674051108,2.1886887105050534,-0.8453271532105634,-0.27120431829259073,-2.937603524149361,0.8254748348577194,-1.2460100190072356,0.13362073469532743,0.10009745808869444,-2.3919930795150295,1.0185151858036132,2.411435974980094,-1.1904889766746172,-0.7799815227996111,0.5027051077684974,-2.214564681148815,10.232715857952732,0.0,-46.06667318442535,-17.013993142571024,-13.123160229428493,377.13536011968796,-2.403021131017081,-14.449193092059621,-18.039119489843642,-44.3115447156263,-54.05742169528331,-111.51396394262981,7.383596203865714e-05,-1.126478366106466,0.08086297409170096,1.0181970777148297,2.506371935323573,2.3364643875464437,-8.579387211864162,1.6680415639998702,-0.1225158730738876,0.7211015606404337,-3.0054218744943078,-3.9750554929217947,-5.035788530394449,-10.460836406673577,-1.726501679582184,-0.02274021116958353,-2.140662253076895,-1.5168179963082533,1.9614294239865886,-2.6706289756902395,-2.3973171714261916,0.11963325489249935,-6.100366257062496,-0.38581464018478145,-3.170835661517496,-4.327296606389982,-1.3130346949846532,-1.0520472325885449e-05,-1.0300978924410513e-05,5.172509286194263,-0.232343774489762,-1.5826628213924194,0.08266007880842584,24.735054892345474,-15.850236051267988,-5.426835379345216,-8.235979367778206,-1.6866825611864278,-4.699155711484544,-11.481116767297282,-16.52605843595016,0.6120735434718327,0.382897761304255,-43.16125151684087,-4.412404249869983,-18.284201830486897,-4.8305219926898015,8.038727143228728,-3.4446920217286223,-4.277858984308086,1.7889208067423383,-12.328049395483623,-20.71073202000971,0.019679345476164883,-38.79971981971776,6.0384819212339895,-9.306553606456212,-9.45000100855443,-14.711074937126712,6.061739664104434,-10.421033672724926,1.5623227181780337,-1.0161684910154611,1.9339808665326292
3.1268182210109323,-1.287098632812894,-3.4378352148395495,-0.6714626344512662,-4.293712202837507,-6.560238607091563,-2.961604502036248,3.113576169452515,0.6901938870430314,-4.496885893192276,-10.45726320594495,-1.476699244804581,-7.802221784998073,-1.4048792127084888,8.775530132083546,0.5433147965635337,-2.6041759981025594,0.18646862521605115,-3.6405146750852824,-1.0402063352242872,1.6176277733263213,-5.5059458100072165,1.669876635599496,1.3102665213786764,0.0,-40.71130367311849,-20.725911042941078,-5.342879974530443,340.5208968511632,-5.282153193141285,-41.873218710032674,-18.339212165050917,-41.78459935818974,-35.31342310193313,-109.75024953557931,4.561722524833127e-05,-0.3326876369473939,0.010374392179595498,-1.0979022013089583,0.7171157777662048,2.172695737454909,10.617150605119686,1.6965245376183178,-0.5083029482102461,-0.5127064677405997,-5.73912010710742,-5.1306124002855045,-5.089260409602817,-5.408180618017381,-0.9023833943248714,-0.1431537043211504,0.835084730652712,-3.693597924434858,1.4960521948073007,2.1865453320948696,63.279275086418004,6.958888113720066,6.133292807868541,0.2946623486087241,1.289131927541405,-2.7366166826251384,4.0837545875594445,-3.410841277297226e-05,-6.713451496628477e-06,8.45075288262871,-2.594935449805619,-0.8269472317053445,0.06499358663238752,33.135028616196664,-21.713284787187792,-5.3382898590326615,-7.799397970169129,-1.8516383902217457,-9.875353459601492,-10.26025452055269,-10.185120920816749,0.0749414216364208,-0.3344236358294901,-42.54644716490236,2.499645482514948,-13.290971092024915,-8.311651978815975,6.890607677354884,-1.470713464377947,-7.160919088059817,2.148100007693332,-0.013327455337727022,-1.1176072614141852,0.28469626151322824,-40.34800791782194,6.744955545197386,-13.299332008566363,6.494500330304383,-13.881531667209718,-1.2834088957429437,-13.863844259525267,2.08227069863643,0.5630101073964571,1.8475236862984006
-0.4996385492212323,-0.38618093025958045,0.7833192497091043,0.46394920522831495,1.6913584421726584,1.411650408972547,-3.3864468626340196,1.856759852220825,2.5222795307208052,-1.0144693492346075,-3.020827919234454,-2.340480386279336,-2.211836621957296,-1.1532472931370463,3.1895259475496562,0.025807335107104118,0.13022233189203508,0.9008778469368486,2.4920005695273635,-1.220852949500819,0.0018941482613073774,0.22737741536662298,4.2280804199441215,4.0201778355680196,0.0,-40.75029097783576,-19.035420636148295,-4.332431782852758,447.18257181851726,-1.6361380038762305,-13.56064441461873,-18.634920532175933,-47.03905307874557,-45.945154402417955,-113.74536347796294,6.002541352590407e-05,-0.5577335924135927,-0.003570752909626095,1.0118289425080553,1.5438378945278217,9.739822279188221,-2.1742656711441133,3.1500776968224313,-0.306736180308244,0.8800193478799154,8.137138902110454,-0.1402061220609804,-4.4274186348942495,0.10561920624003422,0.3681835696930466,0.6246467708607003,0.8073329766659253,-1.1558343265313158,2.084975495286242,-2.534373084406451,1.6419666081476967,0.2717845965039169,2.305820176953967,0.018862654651389744,1.2789392022565793,1.498482194727427,-2.9082723225930938,-1.0787691691921593e-05,-1.4148761785950124e-05,-7.724527935732055,-1.8460824051516813,-0.014546062520258543,0.05690272193597976,26.659603649038424,-4.0966397371791965,-8.456578228721492,-5.673607208428141,-5.001041232067418,-6.109274750386521,-7.524697249078935,-15.283745881081702,3.105928300559228,-0.7460536944349953,-39.010737050987075,8.857911085431452,-16.474081347944523,5.00357848438893,5.961278274332901,-1.3243761869586665,-1.9860743352339494,-2.4269548158905705,-0.5850198010483063,-12.98610172096941,-0.063972392420064,-36.366125680161275,14.163278512812974,-10.52553078988489,3.275852077720762,-13.222655295922976,3.543398409601601,-3.3037734450762914,2.295857135595381,-2.896061419767529,2.763706003377668
2.590948941809833,-1.4174029263461172,9.3430158576495,1.0740480520852285,-0.9275679268225946,4.947263753345134,-1.5548386926877031,3.27923281822103,0.5434006905938015,0.23247479447388372,-1.5993866537857166,-1.5725312375695952,2.4652725023999618,-1.301752934657247,10.702231007533948,0.019069650914901808,1.4089416142612212,0.6987576811562151,3.88361467732555,-1.5962248269855768,0.3588803096653695,-2.2941790514084817,0.34448858801209276,10.465756741376161,0.0,-41.406806502984495,-17.631737107906087,-4.6893800214699635,412.98118716689993,-3.3497906353090396,-14.672421343889319,-18.313683341413007,-42.07748956289327,-49.34672113450131,-104.83869093950027,6.544071273875144e-05,-0.7874079723800751,0.051271864658309525,0.823329332275856,2.5579482566798357,2.582883178731745,-5.2073248067867155,2.067652682326875,-0.13556728365749798,1.0745559981723083,-5.237424792212696,-3.5179514791961375,-6.342615909426983,-5.295870747126043,-2.2602084287964765,0.26913217144619916,-2.331998487462119,2.248818463492697,-1.6467963673485202,0.41653258408339233,-2.321958046235474,0.22458921632020787,-5.019885561539375,0.7829854259138922,-0.02914514994200013,-0.04045589968869005,-1.3489417721927222,-1.0505871316483925e-05,-1.3879681982698779e-05,-13.166083852545386,1.3218569128185345,0.4683295665871883,0.12546008686505977,23.075492661697055,-5.077426346920877,-8.378160757207501,-6.678299773887978,-2.068575621743897,-6.089262807234147,-4.027546894716888,-6.675395798497555,1.0907376670342754,0.29360772815959557,-41.81858607254995,1.4426632066279952,-18.15353224802467,-0.7249005041518362,8.56418361858947,1.724137827990122,-4.900379217349121,0.1750988766063592,-1.7860491153238816,-5.165176584514928,0.13646934835608748,-40.01244206638527,3.0522415469755084,-10.33477355521109,1.842166711397476,-14.649046449315533,3.1768586682175854,-3.5347264904622206,2.470086325718211,1.3321319547535904,3.328301813545774
3.846880381854646,1.7747347625142056,0.24191482795072458,0.2106520705700714,0.5532214726970699,9.059608711718507,-1.5385060915541604,2.3806565465704725,2.54762114879785,-1.0020466508675274,4.171102714340817,-1.8168636427165064,-0.9798863035094814,-1.6723652847806132,2.7419292639505604,0.4567127852529985,-0.7333343019487004,1.4474501354168776,2.018059555436625,0.22974635713655256,1.882488124980295,-0.5622963096423216,2.8384703386391354,0.1739438585660115,0.0,-38.95962463701086,-23.940775227499994,0.33083097475112083,409.3641205356326,-7.443944397062955,-34.76373098634776,-17.827900011155975,-52.260884555841876,-33.25715230937325,-109.62219010277909,3.544997385242841e-05,-0.23424289412734434,0.01201152868323857,1.9645353850031562,2.1951611864614424,10.725805207177924,-10.840162845949834,2.0212074930257287,-0.49578914309293254,-5.997684730816332,1.5346196544957376,-2.152223459648857,-3.089062090425188,15.547709664157365,-0.049976599420128595,0.2853593463975824,0.065680501646498,3.4349118051669545,1.6338633075627906,9.883767880398661,64.21416265711571,5.472139680948843,6.435370003727076,0.370961753559971,1.9604744059060977,7.538849583235422,4.238548665814427,-1.1730618733253324e-05,3.390525751405861e-06,17.74402621632466,0.8447418126141139,-0.37311155784180344,0.042405520367388684,47.109548071774455,-2.57809927360371,-4.916326571880349,-5.156684499878264,-3.707509892234807,-4.522592158727839,-6.20775283076729,-5.9429338230625035,-0.07418922036603666,3.6898577071965803,-46.517981176670034,7.344081312626048,17.79774559084945,0.4581109140803766,7.416392556982343,-1.4817228847032193,-3.6967478143865815,-7.579368079216335,-3.437137145324726,4.188889247489661,0.19681148303729115,-35.15032211606573,8.444680750192076,12.674219089404081,2.3058416283920242,-13.905115077159254,-1.4241645759304509,-9.693020753351295,3.9177537992355127,0.20646860603307884,2.305101853829459
-6.275999230232392,1.299671902183202,0.29817832467203237,-0.5722673648859976,1.5184062143849817,-2.518885645043582,-3.2738187984738487,2.2101552072438504,-1.4133513125223744,-0.5170284375358285,12.186863266513303,-2.565234284955697,-2.5766819857772396,-2.426976200071782,12.777870833836573,1.4293222957071536,0.37551442721645173,0.6458238858988308,1.4337896540036137,4.445773523491781,-0.7853827173274385,-4.007699654294769,-0.8615467458728459,-0.3097652783604681,0.0,-34.76287138434945,-12.784066161810598,-7.240257157547991,417.55906995386925,-1.152852003285436,-14.728699495406838,-17.94139118330388,-45.74266008126857,-45.30384432896207,-108.18664804096353,6.965366570549795e-05,-0.829185861651282,0.008301689007084346,0.2419570454346302,2.5914270921500835,2.531180467317346,-2.714805503885122,0.406487156533221,-0.3167269417033263,-1.2206156410866436,-3.6817860218814267,0.06555035141606166,-6.293373411870666,-8.178718373850508,-2.5136428649255254,0.28010311527869686,-3.1127753078949207,-4.914812431428617,0.9841165285943365,-2.6436798099434418,-2.9976409516582634,0.2834828032106928,1.2378597726277694,-0.47605166861656867,0.27347275010372274,-0.019550691235742653,-2.4708840952953026,-1.5468181353474835e-05,-1.3964993746856212e-05,-9.715109966524953,0.9764427067836543,-0.4409505974111162,0.08785495071511223,22.24215166888699,-24.335156092500565,-6.547679872157199,-9.676488042336592,-0.5871097980282555,-5.034476072133269,-8.730077569903798,-5.332521811496711,-0.7761739409249244,0.33342412223286033,-37.74295115205353,-1.1197177600076431,-17.21842890863042,-1.665788232393648,-1.7388145394625487,-5.670160396274837,-1.657192566453602,-1.3575987215754617,0.3445460689587151,-9.044041638668931,0.36811653455155535,-39.635726334284925,7.2719159134883125,-10.532798748241326,-9.406293087554852,-13.889925132157781,-6.208358379013047,-2.3921566038034325,1.5827164102321214,-2.3729072801118263,-2.2801205395213113
-8.47184924015633,-0.8699428771232317,0.0908690212308656,1.0810961822004992,-1.0086871924905811,0.760254168745509,-3.3545855270659746,2.1067149463871777,-1.3211521672230584,-0.38236923686733776,-3.144532273876674,-2.0459060607939796,-2.6135169476228057,-1.1777380894684473,2.788460851594173,-0.2512480687746176,3.148778828270288,0.41356659227879433,1.730318228906469,-1.7761321512849446,-0.12347409615048921,-0.4439000212367134,2.4819121687564114,10.015502735412149,0.0,-37.92195312301652,-9.739945151147545,-5.9924368514009,403.04790307179184,-2.910060313150172,-14.462635415513258,-17.94083329864845,-42.34179548158961,-48.60856453338537,-113.3228553339515,6.93597079663719e-05,-0.7019615390581139,0.08318952886644364,-2.5615008306342406,2.59800169580336,2.6680144577276956,-3.9869894046473062,1.920999847613638,-0.38158724974471336,0.7337358236298123,-5.999083454361602,0.9809877656320932,-4.544456013819315,-7.617708204678156,-1.9441328497193002,0.4134898136983446,0.9522082890632763,-0.029589844194314874,2.470515043355064,-2.6873744465797555,-0.731417652053305,0.13344750077478787,-8.579411973450012,0.16150354044409865,3.6786009633052688,-5.967480922947037,-1.3756956328066303,-1.5258551129653831e-05,-1.1392144004241076e-05,-23.43272292998039,-0.35414925507740347,-1.292768131832894,0.06035191066088859,31.76148262299454,-3.3183175425325335,-8.125914375641086,-6.898746296773243,-1.1657019384356286,-7.561360221298677,-10.642291893156289,-7.566898030875227,0.20245078646692136,0.2996681854311798,-44.81606552325094,1.0487235944140827,-19.54993415019633,-0.6506165179138176,4.791915077515059,-1.9601289315364268,-3.527280266847453,2.451799149371302,0.1308652945009785,-14.644173709688793,0.6746200298998932,-31.163025699729122,6.05611499527415,-9.928951542898517,-6.332657749956524,-24.19972867489831,6.205859543767962,-2.925349148769655,3.763859369200151,0.9786918234603552,1.8658330459602384
-9.794909247617907,0.9757253949848382,7.493475803810747,-8.36013122664091,0.7874717504893501,-1.4396093410070023,-3.7358069797468625,1.7777841448888765,-0.3535202328172127,-0.44761094913770116,-1.9720532753692,-2.313527512012998,-0.9960567388165132,-2.083750966258415,10.278793544214754,-0.015363421131943342,-1.5359622712690721,0.3926341794028184,1.9474763487132478,-2.2982665896446686,-0.839958590823417,-2.3712634043405143,1.239941481522184,4.6760525019712595,0.0,-33.218382964755754,-12.12203375089432,-5.267295429066026,403.7369671040055,-3.5656176465619964,-14.107265950138833,-17.506481674645105,-40.311511003951466,-46.85305899222076,-103.12572330815043,6.986096760538713e-05,-0.6090839604545758,0.010629274581916662,0.5050674576813915,2.202198276439097,1.9605523560135962,-3.649071800549002,1.9393198528469047,-0.28049721148043427,0.10012306112776984,-6.630032430765368,0.6169122632046665,-5.743502168973877,-6.198241471796126,-2.659885268719992,0.3897402546834595,-2.4467246832796383,-3.2880476603450752,0.06748748003104094,-2.242825818831094,-2.5564665616165487,0.31665395291311066,-8.804745167900743,0.33527310325889076,-0.6280322919379222,-2.024810001844044,-2.7391102032407324,-1.528340614960651e-05,-1.724369774708545e-05,-20.464209054563344,-1.2658924907933857,-1.1142918933546375,0.09329719802225583,24.839721673295315,-6.298016618211942,-6.450628761008864,-8.137168485202476,-5.6342533832674535,-3.1248575027011256,-7.668755280972906,-2.8208390169291206,-0.1965901835310537,0.34607879933586416,-47.950701900879984,1.0053297981884417,-18.095272756846153,-2.72678477321054,-5.7225427762198535,-1.3862613451650412,-0.9767687181927306,0.6298670024551815,0.973835225770886,-6.2553677557530065,0.39923968685760375,-38.342069125172834,3.1238333840223085,-15.091288670782875,-13.407165630147418,-15.594983107492995,-0.2647039528707124,-4.017499199517434,3.098827569271384,0.27590268026203085,-2.3657434604848437
3.562173196650915,1.2511629434075757,1.4015971204794655,2.418718157273883,-1.292679529838692,-1.3376128101175653,1.0194355648425408,3.9681824863985264,2.1055287580499544,-0.7731154747180593,-1.8901966515068673,-2.176273362400005,3.253972423545589,-1.23493236168327,2.465152533400942,0.021117315978444462,3.3924360034785064,3.8052315554783958,1.4817000004454814,0.572948150883943,-0.9024402402999965,0.5989935656704979,-0.9720499398568977,10.772655778532656,0.0,-35.142626821879645,-20.50398843452346,-6.562048325278068,472.22475574763945,-2.9894363334732095,-14.98388933262526,-18.222169495865487,-38.83494430090144,-37.326821766085004,-100.73538893339388,7.262727078105892e-05,-0.6002202085851108,0.02705834604198041,-0.16759934050957023,2.2108454714539416,1.632589385930155,1.4713338008131787,1.3723431499934013,-0.43041810758393867,-0.024355056484931623,-5.564389986022506,1.6422613775309296,-5.524708227472638,1.0207889360416131,0.07270970795610059,0.5731284094521616,4.689974362739589,-1.9224016693510242,0.7312581794166688,-2.983209963416402,-1.0212737333078064,0.7603518349092137,2.4291314400614663,-0.3450784081775333,5.008885619767285,-4.47652122747915,4.828540010103703,-1.5287971666798472e-05,-1.468993872440213e-05,-3.8074117725857493,-0.2969983537118779,-0.3918584908058256,0.09351443487597488,30.57028191899682,-5.634700091625465,-3.9798746739696544,-9.029179345564796,-4.143870577273103,-6.424670212696122,-4.53727756504321,-0.9844469849701173,-0.8507232125200151,0.32504060553936187,-36.53403885924641,-0.46395262194850173,-16.564484406208503,-1.1984342658269567,-4.777057477834172,-0.4338719497698346,-2.9482614285970636,3.501280342168679,3.066952689791615,-5.624087189936783,0.5321405667167151,-33.310528555644254,5.745713331088508,-7.41729752896824,-0.9012433941739294,-15.988081309963414,7.466826158100989,-4.03303141373266,3.7422879827935054,0.6360008700025334,6.038578273614028
-0.28314457734074666,22.032318720743305,5.457401038254005,-0.641454277135129,-0.22355742689800603,7.262727809692883,-2.24264657743291,5.535647968097946,0.42052194610605503,-2.4100574357810958,0.12090486175674475,-1.6636585511149824,0.1214607271230463,-0.1126198098407991,0.04013035710800059,-0.03769778878023355,0.2715738499232674,1.9637373284048556,1.5069405448493616,3.1595514697845073,0.7382492598836015,4.3753293604886245,6.2020643164613976,0.9364999913889288,0.0,-37.57462840287968,-16.396730229119132,-5.1607613774648815,697.1693767208277,-4.158032939213936,-23.960438029904832,-17.28452418508609,-41.64980979325726,-32.461377555090884,-108.08912317213233,5.8357822007865804e-05,-0.4902584065402442,0.007145845909980647,-0.3642873734409013,2.10543301118154,3.595516582031918,10.95233120197109,1.0926105058803008,-0.09344921013938921,1.7977676670825133,46.52531949635311,-0.6404998773745634,122.18205552313214,17.480534526640557,23.706736040017123,0.16149050189054087,0.06869514579685607,6.894311007704763,5.11187924432219,0.7858228542550061,-0.3129974547116664,0.5926489180179577,0.09908934424158344,7.658264711840214,-2.6270977411836394,5.702227745918042,3.2435440883587074,-4.703765800112603e-05,-1.592290262144592e-05,8.797081187991319,61.43984750690623,41.67881275559156,0.06887766292347493,13.861510977270012,-7.967095925084525,-2.4140744402121666,-3.222364976956521,-0.42516185262888967,7.700699223894606,-2.8196874447223172,0.4249075862495729,0.11566206980599408,0.3054749095218544,-38.233025701653894,0.7556180333011122,-18.543880244216727,-1.5845257699642166,10.196717265059329,7.518756868506165,-3.837987688366556,30.288628829931767,0.9179764350768528,1.401203601962647,1.8970348247095856,-36.643350787398816,0.6078951637584558,-1.0616829126247995,13.113966313982283,-14.319059965755477,0.2960807043219408,-0.7458180660640517,2.392719176987196,0.463787042833006,3.5153144710867568
0.2760504774768049,1.308324145968555,7.536117838920861,-1.07577172976499,-0.32285641286873296,-0.5724037695845813,-2.7893114028190515,1.1294954118658254,1.5213098168314263,-0.49074173397584125,-2.3876844305493123,-1.3956200181151854,5.021394728203956,-1.535713558726757,12.485138497864803,0.3388153454144452,2.7146776706623728,0.3574727981996778,1.0159797150835366,3.2363761384102556,-1.6701409142361139,-0.06539489205551768,-0.7650137173544002,4.282235591693692,0.0,-34.29582011703334,-12.47863171757386,-4.242707385362092,477.2513615998033,-2.6819790404746096,-14.315991497279729,-18.178378053697735,-41.30986135753484,-50.6070596589328,-108.89505459598297,6.63979806090193e-05,-0.8137465765321346,-0.0017158527249266282,1.2516045382950987,2.360257827320467,2.2762194728293226,-0.48933558369333446,0.4324354601910572,-0.40987929471124096,-0.695694018206071,-5.913756758543863,0.19823092882439014,-4.49939756580071,-3.206363325201018,-1.6746686515891722,0.736698763290594,2.396965515360262,-3.4266124908504945,1.3204789677058906,-3.4531973338074673,-2.298992748195394,0.34536315030027354,0.5178447540155393,-1.2279992043678518,2.509465912707491,6.904336001863949,-1.9099624997370839,-2.97993603800595e-05,-1.3963348302947455e-05,-4.502265351053895,0.4146235296303227,-0.06872117763872113,0.024503513610600942,34.955516558755185,-7.292129607982324,-6.483244113286887,-8.555985128596264,0.7676349824432245,-2.6683624847900527,-6.213766680682524,-6.47794839104756,0.4844673132630205,0.329829124414741,-41.35921564310461,9.61162115803235,-18.39784687286974,-1.631546710886299,5.136950208526816,-1.4945161086361232,-1.7201315446766907,5.4775107003248324,1.5285753475447994,-10.59493064914987,0.4219273301411091,-32.044767712723214,10.25950779951957,-9.36423024109256,8.787133060147578,-17.38253943623727,-0.8760125453215296,-0.6612002543201493,2.0363226677880792,-3.560736679366548,6.511037386704578
1.4532006860176045,-0.11859279110677329,-0.7352137808905695,0.5347872540451484,-3.196495917514451,3.0284340654931188,1.054911418614639,4.628591919277942,0.9422932989615074,-1.6433538438537214,6.139150851707351,-0.2417837387034458,4.272361984107033,-1.965773132457551,10.930589719584107,0.7658778332361992,0.09035609827449392,-0.29841674297129056,-2.1812738026775684,-0.09258019428264745,0.3906113835951714,0.6775399997601161,2.411161971556465,8.450199738779803,0.0,-34.45500088662083,-12.594263437745346,-5.129701539619273,586.1404094492549,-3.7441026141704974,-12.42817599635137,-17.016610865777665,-38.470678642533116,-29.141781923668375,-108.46018719381134,6.87639767797937e-05,-0.5093746563934193,0.03953347098897669,-4.360411902693214,1.8704727642366097,2.76282827295074,10.280850014282136,2.8129553672367673,-0.5667160869859444,0.4831862823066676,15.400604518893598,-4.465523669799221,-10.216107221876516,-2.5088005483970717,2.8339640619281457,-0.2297667287519826,0.5304933033446362,8.30197222840731,0.33105232477696245,1.3773441471835999,60.856183599427794,5.191985886497086,0.8127658794916921,0.8284562158757762,1.1553486689319485,4.827110315641216,-1.7099322032643602,-2.0126707150359987e-05,-5.345587318304556e-06,15.126121149761328,0.8632807081970342,1.796535101940541,0.027395005702992123,51.648319482706874,-3.5705119636040696,73.65118629154065,32.42419415911889,-1.1231943226982906,-13.342216233282485,-4.476337081570998,22.796921339102507,0.315279164492694,0.38386552718043354,-41.101423151050916,5.550963177188838,-17.72925934201017,-1.7607913550889154,9.278412004387874,2.5668147065486795,-2.8477554221650365,11.096740172219155,-2.1283609576555658,9.872926196540611,0.2957903299966434,-34.97382689215675,11.0514784877611,-4.935447928421198,10.67726369264307,-15.101242514665657,2.1940904465466513,-3.790380951052463,2.8745665851630338,0.33820373697745615,4.068809843037205
5.252620935782533,1.23526802239036,-0.48455854129138826,-3.1169265085006335,0.2558991448564769,2.586942573934417,-0.587631028347216,3.8832381663775437,-1.030453715983788,-1.3985775332151307,-2.7439400240366796,-2.668549183561999,0.055458748097459834,-0.6098699051902987,-2.9174269184411927,0.021080196503333894,-0.25790580182180967,1.571898159538875,0.26751821297872636,-0.7636522991366842,-1.0604584518593894,1.7256311679525382,2.373459544461608,4.773644520963385,0.0,-37.73311337435158,-17.764422575412834,-6.856811118409995,436.2075929291009,-2.7084725136276266,-14.724827330312332,-17.626359156406565,-45.23818504496709,-32.595290675234786,-106.77070665869245,6.941563423391926e-05,-0.9062602670019544,-0.016384809029467946,0.6087879801388502,2.78236900150114,3.1068588194356797,-2.5476647366931315,2.2323270385735854,-1.2457767934382302,-0.9429833335563704,-12.285787672470622,-5.2323677721104405,-9.182750614810281,-2.6356282397817594,-7.316899070623974,0.31945090307521673,-0.35812241185049687,-1.4238725407690498,0.7078715540595282,-10.742140561508327,-6.901505515399157,0.04169924994250972,-7.3935376148478005,0.44580172120109196,-0.2846324908105127,-3.676348334399427,-0.2717912518551865,-1.5258551129653831e-05,-4.541010121331337e-06,-6.338252200393174,0.6931113483043925,1.0603536644113811,0.061544642041307274,20.095534242202817,-14.991049815650518,-5.014121989967795,-8.122434012288089,-1.2944498122043964,-12.805381638542283,-11.356883703192928,-12.149868383285416,-0.2818968594129534,0.29580278500403656,-36.88692883414347,10.116014941555935,-18.515451599860587,-1.0619322825664204,7.69255501325374,-1.911093815189466,-3.4387186715190268,-3.2396426729273426,-0.3794379417876011,-9.085278856395748,0.655753384035884,-31.877523878356293,3.354432004905506,-5.162628212276535,-4.3646461503468705,-14.568631257686965,2.725159972028063,-3.833354418877479,2.053145896142243,1.0433660103017428,2.1467504674654956
-4.278400601513856,0.1782434188717115,-3.289207194781851,0.024253106655062206,-0.35179461536890555,0.3679587266598719,-1.3752233571081454,1.946090097259168,1.7316772631538668,-0.025447416288111403,3.3682089398205246,-2.142195403963975,1.4788531099538922,-1.6492378840274602,3.667120980950841,-0.04883921538025072,0.14069824057057945,0.45594848495470985,1.73822099064554,-1.1718025514866197,-2.5260913645434377,-6.7460771082865785,1.7650717689848119,-0.11463149739913953,0.0,-32.368467129067554,-11.197197785453378,-7.293995362669017,390.6092009185289,-2.7684527201762212,-26.893829410708,-17.961700201755885,-45.460005913383206,-37.830818687400075,-106.05500901647957,5.8863380018137837e-05,-0.41686914586074675,0.010407258881773056,-0.04398352872621045,2.3501130425353876,3.111441690721973,5.215316049184905,2.8453302805270213,0.4523697681121571,-1.787981768261517,9.994376469191149,-2.6639534604054407,-1.4352843146660301,15.786847658338985,0.1256954616716309,-0.18443518274315915,-2.5398076349080294,-7.44768713666694,1.2579430881110985,-0.17001764028280444,64.96426056884567,7.019396819010366,8.005169211800855,1.912957913417577,2.168570773741229,4.390351229999845,-2.736608788941805,-1.1728883439566964e-05,-1.2791412656142076e-05,-13.642138443907822,-0.6378203564636087,-0.6585870254494259,0.12113206683539716,30.862376419644068,-0.37539041781161386,-6.072501895922311,-5.507061743902868,-2.916453384860231,-4.250853106591146,-7.871080472764399,-20.110528279605646,1.301454799935207,0.2134903126383566,-44.03327107494244,1.9798681102584301,-18.307584937373434,-1.2660792908557712,7.6004546656391225,0.5541346384057182,-3.5449628311454733,4.461996773909525,-1.3051728994495773,0.23772201966819134,-0.48902615167713226,-37.20622963861868,11.207977056273275,-11.660407747049055,-17.875769501529806,-13.41146870665881,-2.166666632390043,-11.850747218148705,2.0910156555512973,0.7109616982173436,-1.9625731907173458
6.386394153923898,-0.32635476926935825,0.27684521551850394,0.8494942140830899,1.985138095599043,-1.7856121844214006,-1.9741600110294855,4.117193792528094,1.527921633980404,1.3846815212693548,-0.17575364971086554,5.190876008303582,2.8267800241620327,-1.6542670758825604,2.912306317025965,-0.07824420643605069,-0.19793659800270536,1.0063247544318665,2.1855856409616092,-0.6114726273140132,1.1663416536744717,2.7089380960174267,0.7029284490494719,2.4266995059850216,0.0,-40.187310013116715,-17.994992164906524,-4.7637306877613,494.64808723851877,-2.78987782743966,-17.34319199519024,-18.214548473435222,-43.09995974550238,-50.10789253552084,-110.3550244385199,7.246621802089122e-05,-0.6309502699303297,-0.0035747863515525496,0.750966256615722,2.020640658749246,2.7635649139821776,-1.0415894063546787,0.7368492547935771,-0.35589111419008157,-0.9619106983300814,0.6237299785873666,-2.880190872053128,8.106246152843081,-2.259074795932389,-4.652293683349965,0.37228228401464186,1.6146847683819703,-1.9428914206860601,1.6575098729119957,-1.8185443133535215,1.2568665040922913,0.0718033338896689,0.22197232820281065,1.919969535738061,2.7135893346520548,1.8150736840084072,-0.5572333912514434,-1.0787691691921593e-05,-1.4531669611638926e-05,-12.920343869273488,-1.7172000573660404,-0.01972407800983882,-0.036450251957178825,34.223278948623644,-0.5529585488568466,-3.1247805252586702,-6.795791592164571,0.82817440030172,-4.970420993684096,-3.664159858651967,-3.4557954540183022,-0.9848451469883364,-0.7481416071829041,-39.10165411256486,8.504981030669127,-16.42304637751548,1.2716408544564153,7.053215400872262,-0.4515905053281366,-3.381394808310518,-1.68326901271596,0.525079559725345,-12.15776033646888,0.20765514698856005,-17.804505815329684,9.797936761757695,-4.282305657584238,-3.860978486070873,-14.019005978005595,3.3657133580261687,-2.9727089222605154,2.3704030510710234,-2.0582044553385557,1.0688584946491944
3.3818615482719188,-1.0450714579116107,3.4203016878230303,2.594923194772827,25.457014426946174,8.95564060716626,-1.9415076291476814,1.532994804092404,1.955768904013325,9.005457381315434,5.448941822137355,2.039603203616174,0.7091934322624214,-1.5008716364346728,3.087573409648851,-0.23671573200897295,-0.197288380047263,1.018325856455375,5.415246740475235,-0.5266850504473092,1.1586216603947983,37.20872646966797,2.7083932681864793,4.238239199098424,0.0,-25.299661702983,-5.37088241753581,17.959357291004974,823.1297060302259,-2.5149057073632766,-20.338389942169698,-17.864032805155805,-26.58931362289535,-54.62740422788388,-102.10246457324422,6.976222254640084e-05,-0.7010591424384577,0.03946741154058887,2.6299973735585396,2.484388531719462,3.5797259517719064,-5.128799181368817,2.1970223053318985,-0.11771432077681135,0.4680824526139178,-0.9924376904935982,-3.385014506595486,-1.93421351001995,-0.5234078490349342,8.587880882434836,0.38357882576226454,5.693556913035309,2.7466639290435713,1.0787277664154886,-2.9860673777977325,-1.6998445061295528,0.23695535114317126,-0.9236320849891271,-0.05749662131359137,0.46671905069124414,-6.673416145354075,1.3935972253674165,-1.0505871316483925e-05,-1.615569215935108e-05,26.71108420852125,-0.40317994495443477,-0.9617257598908773,0.019433037941591156,80.8236764446446,12.456254971223323,112.24454111354784,62.02203991099922,1.3865024381644206,-5.085258854683762,16.261673233513772,80.07300270126396,0.4497545821531568,0.39093816548404325,-35.46093446845825,4.677541691655472,-17.68619754905396,-0.5362863773386897,-6.280964127632645,12.793214497307691,-0.6989551011410815,8.651525875417544,4.002144453197669,-3.111287319609702,0.28153600070437695,-28.368309134402587,3.976551121583243,2.03932301433059,17.442854471375732,-10.889198135391112,2.964631034831784,-3.5877364996581838,15.25220768924081,-0.38200909137375344,5.011567787265418
4.113049672185614,1.2149593521290767,-0.4437623027057966,0.8945084612751905,-0.35797342375394237,5.706513144229818,-3.246069786755499,1.8764357599174226,-2.720138312640422,-1.3972832418211636,6.0317565204711165,-2.38479683650631,0.05385048935901947,-0.4910557994574198,22.014028083005456,-0.025702776509913896,2.8901359338859187,1.2746471692892147,3.022181991901636,-1.2272142542791673,4.912287196168675,-3.0928881685493583,2.7927854988508742,4.5878499768838115,0.0,-30.42907864394329,-8.898268368823308,-5.445962387000693,494.17725378577546,-2.136292924268816,-18.03484453782801,-14.753658106669981,-45.532956719332994,-42.48229525974369,-109.10957680718265,6.983713508261437e-05,-0.7897981803182679,0.010822691826845513,-0.23722175146533295,2.5352683001476466,3.0983371139158655,-1.306431095116034,1.5638311330313637,-0.31476574589190703,0.275127377465034,-5.257233436416249,0.6456845988458996,-3.5544011055243114,-1.1330512901667955,0.1638625042592334,0.5048667706838417,-1.2618226059999904,-1.0649673893875005,1.1525478422362516,-2.843843378819594,-1.4754840075439954,0.3238541718752316,-8.503287122102483,-0.39385665658879,0.9103205418531822,0.9708155488229236,1.2881910648206256,-1.0505871316483925e-05,-1.9724992318046228e-05,3.1556738446574317,4.37791496543945,10.409208516699064,0.04422474050582063,26.119403130908417,-15.30482792096523,-5.31569746171625,-6.768671692462159,-5.655787346600142,-7.448618270258892,-3.331791330217686,-10.068307793680509,-0.15091428567249282,0.33213698279698345,-34.14916051225421,20.56623496544824,-18.128578371376022,-5.23534447244995,-2.5845488919395807,-0.4192834103371612,-2.0357269334193706,3.476098559773548,0.2510603740842228,-0.6490642211087407,0.6644595670001817,-32.331794152569515,5.710592236210927,-5.967899048370382,-4.0291381955857455,-14.065696515017711,-1.6154774719283016,-2.8489860915173084,2.334936792359197,0.1476969935827463,0.9530486213327546
-0.393874482679449,-0.1940458541656706,0.8587589726896956,-0.6954144938174633,2.029167004030106,0.2559505092934959,-2.2045585790900093,3.2283987288972664,-2.512333730155819,-5.032153830870743,-3.5276159281152886,-3.891778155038255,-7.541200580240204,-1.5454583383216556,2.0507839715142637,0.009176306547076084,-10.901024516822314,0.8010311194200128,1.522714521497001,-1.7722925727054237,0.694918538889832,0.19775909521713478,-2.8634717530753186,-0.5372683349535972,0.0,-40.93308038783287,-18.7901136229565,-5.239657067064822,391.361823894237,-6.114781628178496,-14.113262734833107,-17.59038219753411,-43.24151298229633,-48.92100774412158,-112.72729062189585,7.339435374140782e-05,-0.5544280179393103,-0.020129586730010317,-0.057380515429201834,1.0811961780226007,8.967559339586602,-8.6300198357666,2.3581592977964463,-0.5784197266065718,-1.9984823974905441,-8.52229752223205,-4.177371117765459,-5.832880107194658,-6.321508630857077,-0.5913666461980553,0.27444726890066595,-3.2564873780533086,-1.845369438404115,2.009307318146654,-2.6145335673984618,1.0336977869429143,0.20047337605461607,0.6209975520176619,-0.3013607903640779,0.0462363333026889,-1.3068158146006352,-2.275229777636513,-1.8072102059473742e-05,-1.1378663195817084e-05,-18.834296418733768,-1.3384308810518044,-1.2899596496053545,-0.017035580281656342,24.42641661085971,-6.963511392043288,-10.693560316694272,-10.511986276355302,-6.111299703446897,-10.149992674286526,-5.056927598018691,-9.96067925981057,-1.1804949715017252,-0.7038932542119739,-45.73051198934424,-1.3749079737632823,-18.153153310843006,3.889844197433832,7.3039253522704835,-2.2275805217813276,-1.5601958143287509,-7.465404671587905,-1.2162051866026098,-14.429914943220185,-0.05713109169376872,-39.71370617132761,10.214760478260438,-12.345799074459208,-7.770216596230509,-13.53877468728271,0.6131946034742765,-4.814705466746146,1.7192125246615477,-4.354980910204548,0.8915794817692078
6.558974913558175,-1.6731376178741355,-1.9872970021218863,-1.780146389382098,-0.3516280543525182,5.108894770826591,-1.2357106540473741,2.359385459564781,4.022606735420691,0.8923129110682914,3.929306587480494,-1.9578979956290719,0.539122553855152,-1.9452978923787059,10.90175280134616,0.6269652073515392,-0.7169974674328397,0.7425773008355693,1.4605709046996849,3.0731539288197762,2.8695184237974556,-0.7072572194791399,5.152963528119356,0.25651924139960175,0.0,-36.57371329745735,-16.642863771857368,-4.071055147503609,512.2876026074182,-2.6447140797965996,-9.81120054211362,-17.367970902871427,-34.58914028465111,-28.15935675231129,-109.22256577414689,5.388798767062413e-05,-0.4633864990096782,-0.0012475755726801465,0.47912052717933556,2.8250795772357318,2.0364300214793527,8.079672520785836,1.0099115174757372,2.5072566405704038,2.739964033353549,17.85432736015711,-3.9411874965362848,0.20393240448557967,17.31488348341417,0.7128640333478994,0.9746944248375297,-3.300792443288743,-0.6700144723956999,-0.21038582216441087,4.778342252210771,64.63494220807705,7.270821014841154,9.684845295866193,-0.698951680343952,1.3813619364431002,-2.595611263248034,-1.6624422742126486,-1.714840577567996e-05,-1.1628211923648814e-05,16.39059149980417,-0.5364762741486065,-0.3069282138338299,0.021155352276149193,46.45336837254019,-6.777275411295624,-3.348291981116726,33.22191386969256,-1.3905221866201596,-4.685693443905924,-5.8358119695054,-13.187048011551855,0.20991234968346606,0.06497148321714338,-38.026710974573405,3.1437767457206234,-19.043297603412235,0.9308182708144981,9.668327184773313,4.065846535334217,-2.263849942439978,10.41626425785809,2.2996369189530923,2.4817054204485487,1.527813102824812,-35.71173572583856,7.152180100269013,-8.21927096078575,-11.252607630815508,-14.168081131379372,-0.5471407432246738,-1.0056462004032525,4.102724105202576,0.5601257030364537,-2.5944513275366656
-9.815844375933715,-1.3128675647770511,-1.459943599598968,0.46490371623843235,-0.5923261514335281,3.1276007931415504,-1.5988920807414397,1.8548067988646961,0.9243379588135829,-0.3946039299184749,-11.616844953482065,-1.7316997523137874,4.489292971857405,-0.7454975651627775,1.7537127053724653,0.4887376119094814,-2.1822102993462593,0.4617150155134099,0.2777146183035448,-1.7685070102295137,-1.2162417659445055,-4.0132632608606515,-3.2211386366642234,-0.059874338235114864,0.0,-38.165289904511624,-19.582327794502746,-7.2651243306555084,334.3563267826095,-3.0504663953479074,-36.03820362316196,-18.24326581132629,-39.481705164226646,-34.96172354537319,-110.56416193769981,5.6258526322937194e-05,-0.38009480400010726,-0.003762730324318982,0.8218397947453926,0.9809138124020224,2.596500333400322,5.5607293405465725,1.5431687812980728,-0.5419075467150067,0.23757810131949691,-1.869085021129618,-5.364048626066394,-4.560713896986401,-6.140947839856205,-1.118488779106706,0.30995422607834017,-2.8876839449742864,-4.23808641098376,0.2275395735431146,-0.39008330291873006,65.42854181174754,7.055261400567698,8.068733510069407,1.0929191225428234,1.5545139779074297,4.166817188354877,2.678290531682461,-1.1728883439566964e-05,-6.875059934732891e-06,-3.5856662935299917,-2.136311862797068,-0.7058082139847089,0.0496319009336697,25.4146160066431,-12.562957532340697,-6.8296860273213476,-5.244525171907567,-2.0345944163928755,-5.709421174447928,-10.548293614418254,-13.371001313301454,-0.20944886122455061,0.1891944626557418,-52.33869187133054,-0.08257710150706388,-18.923424637792408,-8.241446907796558,11.323893495640332,-0.17844279618310116,-2.7801764522866677,0.6863201123730227,0.8383537369869752,-3.9258590268392015,0.48854811510341617,-38.999386339634775,3.045424901732615,-12.289711938299382,-5.7685952648391945,-14.478394019875264,0.6831726539508417,-13.977573250688554,1.6928493706970962,0.7378688876069961,-0.3622526709209155
-1.1932790261859858,-0.9631786432721063,-0.7200884478230439,-1.0113766469077905,-0.18256240344177363,-1.5168154648408883,-0.9803416300276916,3.852710745278712,-1.693944088999605,-0.2533210327929511,-2.220723227809991,-1.141830745968251,-0.41756673276982065,-1.1035714518749071,1.6449082794365457,-0.09167778205250862,2.420140540747357,0.611981000493199,1.67871843362362,8.106468763190689,-0.2512993919197936,-1.7515208088714513,0.13433688843160563,10.528900745260813,0.0,-52.79835008101864,-16.32390495909812,-5.018472139370775,384.76846741652173,-2.5371337421782076,-21.2624124141719,-17.525530111915653,-42.98879120220884,-49.90340823332045,-109.74388254827551,6.519662409485664e-05,-0.637933882206931,0.026857508600857432,0.23919453899836052,2.9415621705681394,2.9731022584619327,-8.66516776701307,1.0237969702362864,-0.2978785359929813,0.5341913016407268,-3.09261906287631,1.689282337981709,-5.318231338629435,-4.176269764762866,-0.3278907308900874,0.12518434745884813,-0.5397577899588968,4.079410503328398,-0.5859982434096453,1.566392407271885,-2.107227243277583,0.16414694794496443,-1.0352581170631252,0.4763264183839374,0.8606355685227975,-0.7536174249693545,4.483376999018651,-2.271148748008148e-05,-1.235038241607447e-05,-5.766424723271011,-0.9851147124063313,-1.2153529868033097,-0.007291078299223723,23.002195171252232,-13.913653250100186,-5.075119559015685,-4.065580190468257,-1.7839960708881621,-3.2185414290953784,-10.220424627585976,-7.209712332219967,-0.10806701343649242,0.28800841724671145,-42.26110348636118,-4.690028369518072,-18.513112816218854,-3.22715388805385,9.561058857522642,0.4944457090669234,-5.15738085152445,5.504894031348387,0.7169670174060401,-9.513445949536912,0.3042374991547839,-36.49204125900485,2.889862586279757,-10.152626709469466,-3.94563646456799,-16.365747753596967,5.026980646859126,-4.164202669220224,3.0668632697002307,0.8146453986704189,1.5407679274766308
0.0917167589427658,-0.27174437593957146,-0.9189805234438457,1.8061048296094904,-2.7391153664932233,-6.750612145168322,-1.5411217245175837,3.780427878032113,2.4530230479424593,-0.5183863297804383,-0.2574710066381154,-2.5488411060117997,1.0468974046859818,-6.907017593569629,2.3551995498317875,0.5979213428596474,-1.003796938716101,0.36702521032690727,0.010608936345813738,2.3650352573047355,1.0466614830396308,-0.7163531116660851,0.20162498161625186,8.304695419538648,0.0,-37.67569408422113,-14.207718080550489,-6.645813881401777,432.2207728983339,-4.424166706245673,-15.599574567480339,-17.759081904532426,-43.27669536995858,-33.19759334785158,-109.5141607891903,6.406518190584797e-05,-0.37627705746939943,0.040014460902510714,0.5661940701529405,1.8636253305379924,3.4780435463136237,2.2034908896033367,1.2565783043922945,-0.5577945939884527,-0.3018136731191373,5.987129481791677,-4.514680169178627,2.770550896687495,-4.995300742390221,1.4256266335533554,0.023847436692449313,-1.00901735561647,-1.5807823359229904,1.277911547744175,-0.253542224688964,66.07377279850019,5.321770852353605,6.933111763830785,0.3643510571167295,0.743171649987548,0.977565809950406,0.9388493333413445,-1.1730618733253324e-05,-4.355913450359109e-06,4.392221273675921,-0.14489695013007087,-0.33380126595825427,0.05850733563267463,45.658180149559534,-4.506576101387385,-5.202508598656676,-4.417031866586476,-0.27852016569532434,-3.5206229786999965,-7.806945527896848,-5.384482485115115,0.08926004015769844,1.4094944132561085,-46.92852387922922,1.3585148278176207,-18.488506417838167,-0.3706517735728078,8.590154967587827,0.28098942599212806,-4.14902102367867,2.9029211122217373,-2.771789531624965,16.279034417891232,0.32326453345126926,-27.407768570419538,5.527872558513836,-3.832535297498156,-0.11919138641387098,-13.831147922340023,4.041983158254686,-2.2600230486562913,1.9580945953658444,0.20096052909297243,6.754368710677012
6.707777070336221,-2.8281573969554143,-1.82832313601628,-5.561513603521298,16.094429055180544,-2.2706273430297426,0.029079352310674128,2.6508903617357866,-4.338560901477503,2.5700777276951667,-1.1106583274443846,0.28286762209847033,2.0214719979975717,-1.6298861201245078,1.0893760763205225,0.006236570299269757,-2.613561848805801,0.8771091140783611,3.813725897404519,-10.18958654550168,0.7175829592612369,0.24505100765928808,-1.7826031404685525,12.862935090715746,0.0,-41.36351050937137,-10.659135832994146,-6.2839383930508985,347.6402987360384,-2.6825769799692187,-18.647186132617463,-17.85446125076236,-42.21243890112948,-59.33033196612115,-122.27474366748005,8.98807573775875e-05,-0.6584252233379472,0.01905431805165777,-0.09830173401467528,1.1667060880313058,1.0767336658934539,-7.572576045370072,1.5012226622535778,-0.26447207725557326,0.6025002914500321,2.282083262965671,1.0193291958541106,4.841003535563095,-4.7850438158445066,-0.6710187484330682,0.17165203110517324,0.010918140238915892,-0.3365777386013573,0.5745055515684925,1.1374731599646803,0.9752416328925514,0.237351514956978,-0.04381024325337572,2.185294532628798,1.8213567752089455,-0.10750677067718126,-2.1218279678720036,-1.5569792042236142e-05,-1.266380997024583e-05,5.248034966988692,-3.8771154751098456,-2.8395934978300374,0.10405854957799825,-89.45995013861139,-1.8539194377232056,-4.308358899988423,-5.2016974203936135,-2.586599700019697,-2.3200187344054455,-12.956000513752599,-5.341539699049164,-0.5779557740403102,-1.3451388608785784,-38.33139088744843,2.6081682791688237,-16.5877815344321,1.7749268137780803,6.787674729729663,-1.1926836043900086,-2.4857647215387435,-2.1981922722476193,-0.07336888635893565,-3.782964735742098,-0.21323071782249667,-31.257153383672087,4.057129087334928,-7.822123490436159,-3.3802046123533542,-15.201614025178127,5.375374952031501,-12.534668903027654,2.9695657086467833,-0.9113920887872463,2.352748925164225
-3.3903213907789356,-0.12557800372838718,-1.276084177695939,0.20708774055121254,-1.121168527661165,1.2152367706253038,-1.9943871321058992,2.5289902462982674,0.8808614007266993,0.2926282282637583,7.323135319243566,-0.24087281572092936,2.7005454378143052,-1.1836299845461213,10.633333920953893,-0.08612438280371407,0.17929028819718162,0.2835411024006356,1.0266637601404562,-1.0599635290268767,1.8233629720922073,3.6502064532320104,-0.6327546733311109,5.790840757133307,0.0,-51.699002362947,-6.8344101740402685,-5.826114100145409,448.5693279298434,-4.0879143290546,-20.296902823834397,-17.436546553670514,-45.39179673158135,-30.935596963742018,-109.2050559690569,5.475144103761584e-05,-0.4860332732330174,0.024926809443430953,-0.17604221079483087,2.1913229302806143,4.257736871753494,10.117454765689756,-0.8733375806448314,-0.515944700158734,-0.4504925720800763,5.233508224856367,-3.949264988010471,-3.3301605137564323,20.90934006281324,-2.0044377482023767,-0.5749523336200759,-0.939755193729988,0.23970665191017926,0.32975064259457476,3.592796234974524,68.11282009452276,7.096177518775616,6.875841857959023,-1.5577290288239363,0.4485072435241867,-0.3558798140249146,3.0082513744489154,-1.1728883439566964e-05,-3.98255661255967e-06,-2.016957280513023,-0.1980120205119649,-0.5939744318896495,0.04929941419125479,44.895547911670924,-6.649862129016186,-4.4419662040600745,-2.8578870237923777,-2.045359392871983,-2.7286633280518053,-7.7186860440957465,-0.09075452970218453,-0.0066462478398300745,0.2541079248718483,-40.77862156305996,14.240563146251406,-18.226760708542212,-7.148738559703229,7.8530856055772995,4.619540937510531,-3.8025645100910914,7.632034095696659,-0.8552055648788371,5.1630219488628235,0.2084698951702953,-31.589839208272284,-0.5173529945316493,-12.75434433781748,8.476963544999846,-14.043681404059438,1.7404878733438967,-1.2679425331663885,8.333104029812215,1.0057343164513148,-1.8545591570679731
5.098793157804362,-0.778924000322985,1.373771716943337,0.1747133477306408,0.10727425460290149,1.3123819356004578,-1.324011154137298,4.051524475143002,0.6594916386019901,0.4749916148897972,-0.37445224053873294,-1.8312490546404887,0.12494175017842664,-1.632440399135181,2.576403193186148,1.8022926930314545,-0.1697287935937669,1.695440612231137,1.2837523161896027,-0.11195776563024429,0.6347572521314031,0.11551767032017142,1.4092565997194415,-0.9711529898778815,0.0,-41.51699952730755,-19.00564930776741,-7.145516097050902,-106.45900317272314,-2.641432291749524,-22.971337873514774,-18.1868524386464,-42.89946021802787,-37.18802871300863,-106.81409511008226,4.190179440946044e-05,-0.38329727034456457,-0.04213565043479488,0.41948877341542373,3.206582169604296,21.88746101899343,0.4135815013936639,1.7509134370744874,1.290934519657587,-1.0447743596376144,-0.05157425362387885,-3.8969083482688736,-0.485647751358201,0.23269646389909218,0.11188957155374457,0.7672821966130409,0.167755451708088,0.7332285708971678,1.0325813839494171,0.41299467686189756,141.30102712661915,15.526549888297335,0.6949768551898481,0.6410095935038553,-2.542078287409814,-0.06665384354263683,3.335352169339858,-1.5103688884196312e-05,-1.989227874209137e-05,1.4618772574174002,-0.003313314397595399,-0.06500949469199978,0.02450322545922265,3.422395260715159,-0.9572012840642533,0.9739111271209527,-1.6582398739567128,-0.4117079913177739,-0.5914408679098886,-7.225920665474686,-2.358562634044805,0.02283733660701768,0.2646321033479647,-44.412375910258675,-0.14714514966541842,42.69610944627752,-1.9376015050192414,8.143142981576466,8.726161880144488,-5.344036962015874,0.12428470040758229,-0.31063884483191423,0.859078719320562,0.3449264682101657,-34.97397351741036,10.564509473690482,-2.1833768680729606,-0.737329451623328,-13.640486553286358,0.43861486134775585,-5.094569139165135,2.661909994213092,0.12615011416326932,1.1632718930653427
2.5325301417656445,-0.37879512846415286,4.834066192488178,-3.303494637321665,17.25105396804065,-8.842169409429365,-4.093148630120487,3.5352293448250482,0.38334697240306087,4.295541159752388,-1.2965486959901542,-1.2037710274231894,1.4135808219537096,-1.769859954596519,10.11732206391714,-0.1068580191106426,-8.001895559317402,1.1662620876099086,0.06993506622251859,-0.30657656188953913,0.21719890751048287,4.767491682735008,0.23729159955997753,1.3874418479471098,0.0,-37.62752513618859,-14.681944460312149,-4.244578893301325,512.0730924446306,-2.060099805425872,-17.583764126751056,-16.007312144972794,-38.90084337935524,-59.40423189836042,-113.11588410938857,7.855291869416179e-05,-1.1651459158339206,0.010758204418868265,-0.24490202584694867,2.069293936033436,2.8366069631613615,-4.096107434977774,2.347064429797524,-0.2270733034545872,-0.8740139012351998,-8.32969905911102,0.2107547080530181,-4.261486051935466,-4.487564124061758,-4.163462874543952,0.4544492138125815,-0.5031586765541781,-2.7605174301606246,1.4314017671672774,-1.806216881762654,-1.7746161260765325,0.1291506986026093,0.7248808685085458,-0.08751551517611662,0.0400650376594093,3.5794232870896114,2.2757182720486786,-1.5628789644169693e-05,-1.2088749642562317e-05,5.338885751809375,5.509594140965262,8.870156419277127,0.024514105137665266,35.990312164409396,-8.577698793729995,-4.878248627524405,-3.950584344957539,-2.497626647146126,-3.9502547384971827,-5.733264674991037,0.3265933723147023,0.010046265651396637,0.2865624361600626,-38.02446411340711,3.69555156502709,-17.996147187198037,-3.9548844165935524,5.71863354092716,-0.7992969998777927,-4.318881111084471,-2.808955901746347,0.9568514536812263,-14.916599597041536,0.16591381138820535,-32.40619846570234,13.608169425949253,-11.665401728526374,-4.909333877504577,-12.955251737041818,-3.0994008560697326,-2.121826758999583,2.1826495934619468,0.43304089342105484,6.28408430963688
4.0704258980051895,-1.9215875062537593,-0.30882874493407664,-4.6534345020676335,1.5058917496863724,-0.7784535654015534,-3.4349846643799364,5.721274711062643,1.8879249587348947,0.7472541069625204,-1.253460637016839,0.03645006098715264,0.6712156347823651,-1.6347919023371047,2.780185259660363,-0.0009464026363981108,-5.695282565673726,-0.5488776518199613,3.0488153399118714,-0.8134428163530517,2.497280687291911,6.022068995106602,-1.0031332102727777,5.647378634237591,0.0,-41.64229103575905,-14.821691634342114,-5.2714220684754975,332.60351262231507,-3.731140528794094,-13.719427807384442,-17.2770504285623,-33.5228023981227,-57.35649188607642,-113.59028872630678,9.0531305647516e-05,-0.6520373570205547,-0.021852824078652498,0.22693878693252711,0.6868767327726466,2.9736394076294266,-1.3009480646632803,2.316844063451708,-0.2647512509561001,0.026852393657818843,3.4423641362820585,0.2933959537434223,-6.738319051028824,-1.7237896910330315,-2.0406566598465354,0.2531692251030166,-0.030821790496626374,-3.293145069672811,1.1001077497859595,2.226785209881054,0.272315965206061,0.01798831100461622,-2.288191693820595,2.0062436098529495,2.3071133157240116,1.3585265995520008,-0.8181453701687429,-1.5603148262491276e-05,-1.703913304960641e-05,-4.172402372443986,-1.5280226063481244,-2.4566086209024682,-0.025916142189197838,-98.7503998061975,-6.104354945665312,-3.856818744126063,-4.980934261462937,0.1335658641014737,-6.229335442029575,-6.731055042632714,-10.726985610293559,-0.7434563714379018,-1.391115821172838,-40.551602575832575,2.1254192998182146,-17.770511621184962,0.9523444966565541,6.267766196516656,-0.8915410042110191,-2.219761863241158,-12.948875537724634,0.5734881007689803,-3.9342324058923,-0.43390747205275376,-36.37407421081039,3.658779943266593,-7.690982430845372,7.8548687885714665,-13.692642726506653,1.4503592417173568,-5.760312967389544,1.209189099489957,-3.957112995416915,2.457996933974426
-5.741460737727795,-0.6512579818944868,-1.450414863939055,0.7024110964995148,-1.1377687321614696,0.4255933711012826,-2.068296522285664,3.656375982919535,2.5089470811811627,1.4252809269375921,3.339270009945775,3.7671169115492833,0.6009361559477452,-0.9889724908210394,2.4554337748264254,-0.34407840091051384,-2.6017535056965038,0.8756409522050095,1.5511107200178262,-7.043982310981034,2.44187292000817,-0.5906586207044275,-2.5694532708813114,-0.11763487503300198,0.0,-37.974923553563634,-11.385573713084717,-3.659736925001992,385.80566318436746,-3.1413499180767595,-29.410788337316575,-17.278401167465237,-43.23447286273038,-33.870006119257624,-118.74109286836766,4.533918999371615e-05,-0.2302630073238937,0.044429934708287905,1.4106630073688722,1.7721316424230047,8.816240143009745,-0.9040709891861,2.8287964050289087,-0.6492568361404357,-0.29160020755765137,0.9963377430356737,1.3821662788822096,-3.2634206381465476,-4.790939295810107,1.3689771537818107,0.9804273773451784,1.3050970262823762,-3.1957384514157137,1.6824813991442884,12.560120778349189,65.29159007093264,5.89037123755338,8.526028320788265,0.6764769052112042,3.246877004669778,1.2858536625654127,2.9453033944708857,-7.2325243689697495e-06,-5.626761391446155e-06,-8.304081807832073,-0.5003139151831791,-0.32233475456493216,-0.037298896284182065,44.2133368309505,-18.362694888863317,-3.521873302624722,-4.592790347561942,-1.0825706723344037,-6.966544321579908,-5.686068549405463,-2.7606179086092055,0.5272660317987105,0.5461997959202247,-43.66995169608492,1.8922405232972679,16.717509765570526,-1.23085412963803,10.004644443101697,3.955027790462154,-1.2418392253115944,-5.284534480460404,0.5308001659672062,3.2468952315084447,0.22228474624275085,-35.11001580737506,8.37119456073313,16.895623218076526,-0.681350947756488,-7.821605926424107,-0.3982537709805606,-5.580133025937192,1.962216712387655,0.15651840974414716,2.1148594475982914
-9.18063033032155,-0.7976128073981803,2.4807395716011738,0.3278426523936649,-1.66603513455158,1.3366896946500573,-1.1948860548409568,2.5578611975724406,2.4629276895752374,-6.5952891205611435,-0.492383015176053,0.9879650666038703,-0.7221088385139082,-6.150879883579986,8.944567877857414,0.028156943471629878,-2.1839507198365933,-0.21974518071707796,0.6413739409961761,-7.495060050106921,4.679471286694212,-2.4820757883824114,-7.987415485576325,8.158781073987539,0.0,-36.613317610304726,-7.587991161346436,-4.317780545234778,364.60330642824175,-4.048338016387626,-14.968653068860336,-17.619152303165283,-46.6102828950963,-50.505653317229786,-100.54478953143183,6.591866582137304e-05,-0.44081469764750436,0.027725625028113595,-0.46083726605839814,2.2291354912714194,3.1258897515261777,1.2035837777450353,1.1803096064410534,-0.11645584715381946,0.23150253429799664,11.181562984879807,-2.834045654310535,-4.677577811808786,1.5717704948887445,0.3579079865777773,0.0900755675152722,-1.3656117811231043,-3.131096835026747,-0.41827497320252915,1.0204184394596165,59.67392949357497,3.038068690875676,-0.10395142723082336,0.2908972498482077,-0.27468676473937903,-12.981739783204635,-0.9516059300748465,-1.168109569255129e-05,9.855883523740592e-06,-22.577652770553637,0.07932375682474449,-1.154838419996627,0.0337698495085347,33.90447150563548,-2.3730155327601246,-4.596523393434543,-6.23285848437021,-0.009176326613563712,-4.8449087339082695,-13.079174409918341,-8.743232596393469,-1.6904075433551802,0.2953393479728139,-44.33150753166542,-0.36119448271144705,-18.960171866044305,0.3903830626189143,8.705383663064488,3.1880028739067576,-4.397452632843544,0.771612856249961,2.1608187255870095,0.8508600360603459,0.2896409893642344,-36.92710687774014,2.1817441235705046,-18.981798998097364,-13.450192265513143,-16.557700514003578,1.2613737436889476,-10.328033680073311,1.6278473156107902,0.5923382727569573,-3.3318834300358313
1.680654972102593,-0.3721414969506365,1.7539650942365599,0.15261845481298641,1.2515116297802353,-2.587843226649887,-1.982732150343893,4.5163727155126665,1.9383299632849746,-0.7604506876310467,-2.137700164456675,-3.049418236047029,0.009573501372705392,-1.6963804800569864,2.7169738721065997,0.008207787012944286,-0.3996351127572193,0.921119507554989,1.5237360398615296,2.1955376930142885,0.5311446336372839,-0.5476339209517657,1.3765899269472952,4.207060540889653,0.0,-40.32594527868017,-18.586794183092614,-4.637706356472517,500.06754717374304,-2.4026519649061697,-20.255239971104913,-18.659274192836904,-44.89924079405916,-46.29039578324466,-112.49686345115661,6.095660873775668e-05,-0.553200082165701,-0.004177442187997687,-0.07192337864922883,1.2770926764003112,10.988671367357117,-5.5275520842772,1.4381943031900368,-0.25647562206842206,-0.9984761264757263,-2.9067449379267414,-4.277138596870658,5.423350107000755,-4.61417410564375,0.8801784080830752,-0.21321271826308097,0.2503749062023918,-2.763731088065482,2.0612314133608765,-2.1220282899698457,2.3595742914209277,0.24840975776091676,0.17159252980094516,1.525397565445653,1.5125824527578133,0.4907393063327843,1.9767854073200224,-1.0804883638264483e-05,-1.4531669611638926e-05,9.591017696318868,28.071028414956537,5.378149690806084,-0.03645601059099934,26.967779264514228,-5.127850131846787,-7.564789944991588,-8.554675891149081,0.6422711069547289,-4.508026438484405,-4.736682626547338,-6.994342288517689,1.6427476500189873,-0.5711396771073219,-36.32445124872829,6.439318366978643,-17.39395422427088,7.303831774942388,7.015592492041528,0.5018521654579929,-2.296992831555569,-2.942792515228738,0.3134200574768008,-13.661685117060347,-0.017633597335158947,-33.33993248107124,6.940416664539539,-7.3234827793609325,-1.7681466979753284,-13.173810754469548,1.8162888170553422,-2.3672532511386817,-10.062625071558298,-1.087088515712683,6.478242222939261
5.177756317133288,1.396331807663639,-0.965171471514747,0.4777188561512491,-1.1571422329917092,-4.053408729475591,-3.1049860193954757,4.186646298231669,0.8763696202132385,-2.192584615374426,-1.4469433541322427,3.901056393918279,2.931321037035585,0.14292553291359308,2.5190385972548666,-0.6636200344537393,0.02809379693697378,0.4750611275972346,1.896873449991395,5.731158095509354,1.532568520080232,0.19930747802364873,-1.9118754152133615,5.014067758191947,0.0,-36.799171968467284,-20.770982793762418,-5.605991039883625,520.0627100349124,-4.048452874365334,-15.401553168587633,-15.218018485962757,-41.90331684861339,-32.38472309511344,-113.59331552378525,7.716531338884618e-05,-0.5337997965943836,-0.016599343868496243,-1.2656078001628484,2.3723735339098004,3.0495666533630845,8.885382045795618,1.0450906716037776,-0.49149651874899886,-1.5589286472974977,-5.977780922844373,0.20253943030753754,-4.906692917340031,-5.343925138050584,1.9873739707024896,0.44275858712441546,2.1623995859547875,-0.053463223636479706,1.3952070521352034,-5.197067790690711,-0.5636105257067511,0.2115503198520788,0.40085110593802686,0.6935824733476601,-1.6667137301780732,-1.1365651614108472,2.7334390010112126,-1.0686081003160289e-05,-1.0910805415298859e-05,4.505282056660449,-0.0798692197182648,-0.8765592824329341,0.0725400593139867,32.58821361909602,-21.807977338412233,-6.040464515703281,2.327790348774855,-1.1397318023679164,-1.0238083476877797,-13.095724907008295,-5.871844946384003,0.7455261779825566,0.6130409699379524,-41.39427627123881,-0.5190531805896416,-18.069707097828204,-3.5856211902347614,9.417611105257036,2.7147838176607832,-4.3350934234322,4.043042719698072,-1.6097588913928853,5.979917915186078,0.7694071863086325,-36.510169476228654,4.3435440564852446,-0.5167015181528033,3.8062108602417277,-15.4105026565297,2.6119894292625805,-1.7367400261708255,1.141181197880673,2.0129560599582157,3.4171685254004585
1.9082896321729172,-0.2727632872543565,1.2535727571976734,1.1803784325558195,1.8488100104836434,-1.9462375657056288,-1.3141814838023131,4.145073051568667,0.6939594716627793,-1.1690790955797674,-0.43942261878581756,-1.4761939658916068,-0.3340295641721206,-1.095903001625966,-1.223159601899383,1.8542747652761125,-0.2092160501062612,0.43246891345911453,1.6151390438229796,0.4583998085719876,-1.0426732469729192,0.49027566542272877,-2.2143949722172755,10.850938922534297,0.0,-38.5885488592354,-16.56091902652911,-6.6153382282596525,156.93859801637578,-3.010213286363112,-18.455600956870956,-18.51291429147143,-37.314506622302474,-34.37032445264688,-109.71262962109753,6.42325634891867e-05,-0.7532516198092095,0.038346790490236995,2.7609768816158704,2.0661199477349474,3.291946745002139,0.24846908412570162,1.2173463999953074,1.692080917198667,-0.32406868433285074,-0.28872337728301023,-1.8130592741519242,-6.4033627046744375,7.17219424004998,-0.8723325838791788,0.8955900713956826,-1.184240748790124,-2.0455371288897046,1.0035430737079865,0.3150888568557956,112.55959974936707,15.3368625223315,15.487761675642137,0.501766679192487,1.3727408017465066,2.3878013212372338,2.464992369721685,-1.1730618733253324e-05,3.0375794412516628e-05,-4.537771854479133,-2.301816729474966,-0.07378500445258777,0.03093438828261967,-50.31251141763172,-9.848448054462816,-0.5090149250955514,-2.8402863202004656,-0.07336040222992157,5.78428547510299,-10.338015521614858,-6.361417355377661,-0.6013896331056761,0.24973740952680779,-45.66787123363085,1.9737159309708896,-18.956770933594086,2.98449314536965,7.987881850092414,8.428143241090124,-3.682466488425307,32.98021834159529,2.6737792147869563,1.7862575043780378,3.405948178560007,-34.13574125374467,6.775434852894805,-1.6868901645973289,-0.9457643825702114,-14.052276022362188,3.4628196705069163,-2.393427213952102,1.8226757331432613,0.7609215095877045,-0.5823210774410655
-9.623258379867455,-0.6337039875727364,-1.2194239411864427,-4.700060753567708,0.5263219931595533,0.3796326492650661,-3.5065941200862,2.7975599996905927,-0.8995457589176824,-0.22818542978885842,-2.0396525090487927,-1.646050610233468,-3.0011053915671178,-1.6747839185511781,3.2676595798204353,0.16958030225261708,-0.29213374119585434,0.478520188171934,2.158868221821313,-2.0964782137754265,-1.5720321363326797,-0.7140851549525077,-0.5372194065387127,10.058932303238977,0.0,-33.80823258760994,-6.418095433134357,-5.962272957639103,387.58907094580184,-2.393333872362428,-19.284093529385316,-17.520824088760275,-42.80039680263788,-52.4413483537275,-108.19745014755796,6.937211528267484e-05,-0.7023618738059669,0.08181176834749869,0.5751023414033476,2.4941101502682157,3.394196811928446,-2.331828246632452,1.2541161319485878,-0.4067135726527326,0.364365139092981,-6.907655682832257,0.1627674039330469,-5.004443320820176,-0.10707889269691283,-3.0373394567383745,0.43474697392788497,2.1887308751687056,-1.0134140327954007,2.4547234913539273,-2.491107323104616,-2.712952161204195,0.08804406432356753,-6.9802893380726845,-1.2024973611729188,-1.1565533272009034,-5.191332619011079,1.8487297501384516,-1.5287971666798472e-05,-1.1537581056989892e-05,-19.06802823443742,-0.8859082841116456,-1.2663294586244,0.029961535939152458,30.713123579632956,-2.144128672374423,-7.600673125940804,-7.333918341331405,-4.681901680580609,-3.279510602356295,-8.061198596485111,-7.7790780874340015,-0.5188299248569533,0.2577013785184399,-46.23681398601796,0.6581998946736018,-18.794959892609477,-1.0779672572513816,5.9058052711226985,-3.037659707745878,-2.258479498877811,5.587824102148864,2.9496794092938488,-15.022857862209596,0.4342346482057066,-41.98804897373476,4.553557305181262,-12.199276019002301,0.5927248086485687,-12.5488726036339,4.276364542834461,-2.0817741981427633,0.5062536927022185,0.04695520842575948,2.304663465125482
1.0502345273285443,1.3394377922895426,9.071940961947957,-0.3190632992810103,-0.6386217466359321,-1.2524072313997014,-1.2227106167672153,3.678224365737069,0.8197350674351424,0.10913207779296356,0.8254203457829699,-1.9808570387458106,2.752033700418623,-0.4548296344630788,11.55350327028861,-0.5509159121034829,0.4792065581955369,2.465979470953295,2.852575246351857,7.898331652206153,-0.38241377090011397,1.7630508097806346,-10.272512689664694,5.92404260660516,0.0,-36.85566222029358,-21.230357722023747,-4.853682727026767,606.589059470425,-2.201436811143376,-12.002188478430545,-17.763891472640125,-40.62996075870422,-32.23116775481488,-106.5189708465668,5.737746217519869e-05,-0.5354058577967968,0.03738331774897379,-0.3896435322146122,2.278993551365413,2.4022246219153063,-1.5975064205329619,0.8901169124312537,-0.3371275568772438,-0.030186140241001767,4.093831386129089,-0.4303940789038585,91.8549074467861,-5.226368594392342,2.662434029719616,0.6813060978402835,-1.068000472032453,1.527623917500589,2.2982367575803333,-0.9673909458134978,-0.35788616218175917,0.7378448197213988,1.0375449428578036,0.3535902120992666,-2.1231741839966487,-1.890134559721553,-1.8397834013381382,-1.0684516530371423e-05,-1.090108175477597e-05,9.386129729983464,-0.5136074180887925,-0.5108346213920956,0.09866884214338198,33.267154356687755,2.3520997845337557,-4.13573863153425,-5.93610587620254,-4.104911676646854,-4.576938834403983,-16.728647149546862,-3.814337515161339,-0.26095564891608697,0.3631052569657728,-42.24958111792125,1.0772956737379231,-18.240455246415095,-3.1391100974990755,9.452490792241319,4.0381091948128525,-4.778198106696871,-5.035029863633864,0.8963609788890606,4.4200349006343425,0.44719479940124324,-31.380553607027228,10.711241796313702,4.76280871895319,4.814536925307393,-13.44565748036183,-1.934704189633025,-1.6170923995666804,3.7622583453098,0.3974773335419587,3.3085130264713203
-2.757177565145502,1.2974541671431499,7.24246932282213,-0.3035882627707923,-0.4329471732306509,4.226667871023462,-2.307069581702874,0.8707463694287448,0.352548108176207,-1.7798385952022333,-0.790431521034107,-1.366251150450242,1.595990201341082,-1.1704603721658522,12.882625962527102,0.31454678089055704,2.9299568568291794,0.6772817349764002,0.8277730196997315,-9.167489984417472,-1.5982914845971776,-0.05932794232954291,3.2506149843145056,4.259295078095863,0.0,-34.61069641097536,-9.57342368441602,-3.1935682224735484,450.6227241614945,-1.6435196836388775,-23.656907985782357,-18.64583778922623,-42.957657926986705,-53.459579807737576,-109.5916980725092,6.6371020704983e-05,-0.8156809952309862,-0.002076620946725917,-2.544419421380289,2.7831569665441305,3.6629706537771223,-6.8505961983341335,-1.458871370917193,-0.5044829899371126,-3.181970794078479,-7.0401022075941855,-0.538121685207521,-3.80828699377281,-3.691741855796884,-1.677808941238934,-3.1296440289852763,-2.890795050232866,-7.587734284340999,1.3272984298245571,-3.5978523528657664,-2.3023859840109195,0.3140800260177595,0.029232306210577964,-0.013306639652040245,2.5543244994780157,0.975791261706034,2.532298231391596,-1.5468181353474835e-05,-1.3963348302947455e-05,5.767430931715226,-0.2971323987258965,-0.6170318349223909,0.017634645404400632,35.102336276308435,-13.13607493927767,-4.78342571433306,-8.217663368299911,-6.701746653972426,-7.055387707163472,-6.366483201392859,-15.679749293662555,-0.025617877866983715,0.30394488443843193,-44.49310047141671,1.8536538414821968,-18.403639482059173,-1.1256880583247022,4.559806597239696,-1.6164677879768043,-1.5210235320373402,3.950773724546338,0.8363056424648644,-13.594893644224385,0.44306865106502036,-33.125992957227446,6.8438622650661545,-9.48181205670518,5.42808844223084,-18.927665992631546,-0.4476720292756069,-1.8805247664926352,-12.494453290497077,1.1107099356235008,0.8390050990223211
-6.797658597554347,22.276527174203373,0.4652402366223908,0.10466000400214934,0.8086019527574018,1.6886449399309105,-3.1267108991642925,2.3006807473208424,1.301613031245553,0.01353910360679736,5.739860597997918,-1.679409898310717,2.11286003123576,-1.5647220335340686,10.191390412328005,0.028268153216255573,-3.605630570899856,0.7767736102597482,0.8758851388470958,-0.4440707918619149,0.9562688289603926,0.598104915764487,-0.7862817792213141,2.0102750535287517,0.0,-35.48842358997912,-18.84809992634459,-5.892910914046468,292.11277874823077,-1.1711929973956405,-14.893075660685389,-18.141072765325625,-42.19193284960889,-48.59900796439132,-111.47730623816905,6.913618656419928e-05,-0.5599727112253251,-0.002615983847666387,0.1647673883734321,1.215524661495125,9.764024299293107,-0.3856724674355162,3.609487509645607,-0.26847331244376005,0.7295923774063691,-2.4678811889132826,0.03914357534731108,-6.212469488578606,-3.0048979183720617,-0.6685346010242037,0.20896711163173032,-0.9368842568979113,-0.16562482925626829,1.047182055928031,0.982707982759349,0.5115321606296979,0.15983821376078355,-0.019809210418349453,2.0492684226788787,6.670739941846764,-0.40305330149203383,-1.8860494640506043,-1.365807232999389e-05,-1.9039687153594617e-05,-2.4318398800417764,-4.797343315634848,-2.143826301895639,0.037615933036888635,-145.38730228488456,-4.83968185957141,-1.8176828447559785,-3.9807086300024244,-0.9344126476284771,-2.7631771177433806,-3.060159590367939,-3.6758940243335054,1.052809212458657,-0.3101491746283196,-45.53747986576873,2.3970148469892387,-18.023110490477524,4.100733986330851,5.892965040281038,2.3186289913238882,-3.0651970010890652,28.033366022410583,0.3429534985596678,-4.270943890021757,-0.24108054778763374,-32.8504683832215,7.298312818980607,-6.5136287436808225,3.7278948042522972,-14.858956910854797,-4.408862865955757,-3.8570990737235706,1.6701763122255686,-1.7425553744439821,2.419523722157993
4.804623230255381,-0.6001229222963018,1.2159089658176214,2.2943684014182875,23.793113082120158,-2.2656090861523897,-0.04176851463127384,4.455916669791391,0.9752893357029535,2.9751658542246915,-2.154433285888862,5.625635536605274,1.5055317215505903,-1.8011685865191422,-2.1779480188718354,0.01869232365867936,-0.4299118530446199,0.991147910774828,1.4431213369918,1.0404417013300662,0.611337130081816,1.274898982662664,3.468914626468544,4.474413342038937,0.0,-40.506755249081365,-19.183712846688604,-3.779634845210539,524.7795098091908,-2.156890438484655,-18.148857892995743,-17.669931006664804,-37.6007190364476,-45.35980679268697,-115.61248663210422,7.36448202127147e-05,-0.6177674312741244,-0.02074225434955604,0.9318321857071187,2.0439048507832482,2.5435414257564144,-1.716704192697361,3.455760146448758,0.5090681825615785,-0.3303607897475466,2.3607407186413014,-4.354879828542035,4.707990584251757,-3.031738420680138,1.4649137731842445,0.5934186007524666,4.129419009158409,-2.4730454915657143,2.1770227928258947,-2.2062455933254532,3.7041643748376134,-0.23594540824086954,1.0595817803562526,2.0565829346738704,2.3048888853681415,3.7300541646543692,1.890318158264915,-1.0804883638264483e-05,-1.2168643809681984e-05,-4.679540440425453,-0.7029733751284806,-0.3302836884760823,-0.03642032821809408,49.096062088350926,-4.2030111217587525,-4.516533522559305,-4.7098551510733735,-0.8492456959273236,-5.4124738761322275,-4.178402205067195,-7.739342796190286,-1.242662330098571,-1.1709443124189918,-32.72547395359234,8.467413995147476,-18.068296370654988,1.1621180377874871,6.594988518597558,-1.522950635802552,-2.4441697596014285,0.7762730467184075,1.1551780537881802,-7.869791190421647,0.3521097242432025,-33.75799589822939,6.386755308697433,-10.366869900558564,-1.339684392923503,-13.07599703769942,1.3638330352964567,-1.5227968641543292,1.7499497492640748,-1.405989210419906,5.80875515447637
-4.287324978430997,-1.0288412771749273,5.403249545405437,0.8765593128851515,0.07504673303742075,1.3521027948410507,-2.399187650522415,1.8707089588176078,1.3992883564848677,2.4270057990026617,-1.041215202987322,-1.648714874010447,-4.686386108858426,-1.6337109744288252,7.252420585695839,0.6222029395843737,-0.6292485325861814,0.8165199691772177,-0.040300020945032954,-1.032868211405025,4.6113639596575124,-2.6894533446625513,-2.841847264647662,-0.14267393019419003,0.0,-38.775471778644395,-17.05035211892578,-5.039425370163932,343.4460725845002,-8.156260519357625,-22.066507589921777,-17.69488782592439,-40.1081086925126,-34.72402809966155,-111.02507399917347,4.045217360887875e-05,-0.23783023670585401,0.00938277714478097,-0.6094231378737377,2.1305934567794167,10.302765105743088,-4.4363290116447995,2.7785782107474617,-0.996362936942275,-2.817217021492349,-8.08436191866225,-4.321340986510982,-4.149096248833042,-3.941883268855406,-0.2367411621435468,0.2580067164358594,0.8858688297482467,-0.693481471922868,-1.3570284411123996,0.8380728006193895,72.1474928528636,6.5913026405836215,7.7975955202652445,0.8051396225116222,2.715597025169361,2.738344624052999,-2.7757339447852702,-2.009190458920043e-05,1.1904267196493114e-05,-25.414643870298246,15.814517642399613,5.00052243427527,0.10004628359751822,35.60998997649184,1.632044448342865,-5.632787200050557,-4.202537765428959,-1.0446055212279948,-4.856777290534199,-5.939137555687476,-3.699772475241458,-0.08388733050471905,3.701131445083163,-44.092035780165524,2.8425705567948145,27.53357240523413,-1.293295387147892,8.81354076261305,3.54183001638567,-2.764279014530808,-1.399305623199215,-2.672057026526259,-0.6234267182197091,0.4579612042362281,-33.24992300668225,5.016597181450367,6.174294534139838,-0.8755004580277534,-14.986223940388165,-0.15637729907348683,-10.291648399575738,2.4038092611035067,0.17588641119044343,-9.802990279094239
-13.35188917378827,-2.471734357637352,-1.8301629650078817,-5.794001931912921,-1.0361279652056516,2.362861778902262,-1.4044230800157866,2.5002479352053193,-0.08637445724188339,-0.3693288473321068,2.863739437280251,-0.3716040522802133,0.2274729377362512,-1.6521676260375682,8.780656965533813,0.5921534080293435,0.09362723267776352,-0.006986437909749094,2.493783308492537,-3.013550378552225,0.5646470006762961,2.5696143600465797,2.0634254811744124,8.288108984230181,0.0,-52.30430328260374,-16.0396109769725,-5.788047551721861,218.80517864397095,-4.071678006306517,-14.933925956072144,-18.01281974813729,-39.04757145304746,-33.89809005552236,-109.56442380587124,6.0104826958977085e-05,-0.5914802274751068,0.024617164577826,0.32983589727600954,1.0711152325354825,2.5829480274336385,4.358085926233302,2.5105610448382665,-2.0160421279222995,1.137992335066384,7.3766404574555455,-5.992291659290728,-5.815325069210424,-4.366935401692636,-2.085617508297024,-1.1016053256477225,-1.6797837445959083,-10.12671459914715,1.1941369721203903,-0.5247690358783333,93.25380275428408,5.551470209017013,9.718117078554071,0.11759555603764622,-0.15684420273283503,0.3644883483296746,-1.2843881222517954,-1.7183073878078678e-05,-7.813457135670742e-06,0.34524124858104116,-0.19125190218713786,-0.45796348144753307,0.08462569830619164,7.167305050325004,-5.367711744976625,-5.9216384849629415,-3.9438645559316696,-4.919123511905836,-3.813644807456826,-9.226735532206687,-2.5344426451413993,-0.2615921453891801,0.3217730641194182,-43.73999628153324,17.95409191077797,-18.17584815660032,-10.52378972269637,10.522946027388485,5.082687420905965,-3.887871854056402,-4.731059821722745,1.1439144889501915,2.616184606829833,0.506442760723756,-31.88816746554838,-3.804119225605669,-13.495735599485705,0.5648402978134349,-16.077394678433482,2.170356176027111,-5.318217059504473,-5.030405673672425,0.9523161033332845,1.1439237858712006
-6.762925885304416,0.09305248693297033,-2.3585094001624145,0.8191112616040725,-4.724719881526036,-4.997997242746217,-3.0441963137188397,2.309736274170102,0.49172832604463984,-1.130722336829854,-1.3267907158899177,-0.4400254912413969,-0.35524894169323884,-6.415281726756513,3.376275117056342,0.6728648622228461,-0.40381258332117087,0.666954026123467,-5.136198918293732,-2.519433231919467,-4.52023158266846,-2.0423598468316735,1.9279468233478643,5.589038717703397,0.0,-42.72892310931189,-4.905071998695484,-6.860860679747775,374.3907541543993,-4.172373689662483,-12.757620265085823,-18.17086033436131,-42.499928437783474,-34.80329232672951,-106.30101075850494,5.5320004449892154e-05,-0.4897558869657709,0.024982214416747937,0.5138390086646422,2.2778111002151022,3.482232722862551,8.155414651188869,0.917813096606583,1.782746341874446,-2.412121734672494,-6.199404188281436,-4.930207865587476,-4.592934368313856,-4.090287819062945,0.24335832047860603,-0.2366466879890634,1.6991299962310422,-1.9448594014743708,0.8165509127774705,1.5601719422434244,70.44450966528375,7.128914080509593,8.799391702372867,-0.2930815478834369,0.051444261564051866,-0.10204628972934145,-1.9937648926759706,-1.1730618733253324e-05,-4.159692473945175e-06,7.271965721023419,-0.3144532732660971,-0.6552924193647277,0.11592202985463297,14.63668972673653,-7.2264997576888925,-6.564189029885857,-5.495113296075211,-2.6725877566237903,-15.868956554764994,-9.983721948574646,-6.9826030835833865,-0.3234010191931879,0.28672974163101494,-44.95095738403611,5.1890841489900135,-17.91282711467522,-0.0690669144127731,7.750488963366433,5.389362807599249,-3.868677897826851,-1.4185189462310046,-4.143543118225783,4.611411871701291,0.533014129313457,-30.26536121772833,-1.4421436439483775,-16.173087827704602,3.3917327595882996,-20.1468035923011,3.329646725428346,-3.4631932239857184,2.42318803263536,0.7669743028066386,-6.1200994841286445
4.182555830716199,-0.8859332470773628,-1.3235667479180488,2.358437397660208,-0.22934799230310698,1.485440887293003,-1.8521363286121095,3.0923931475331816,-1.559909011502144,-0.3330019650519194,0.39945802547155496,-2.8580236306787805,-1.35251097232461,-1.187444458856645,9.687159869971383,-0.20380253050547928,-1.6040494780729253,-0.7813693183881917,2.684538203256312,-0.5984597658345038,0.03232047307739018,-1.443265713009724,-14.182629465937051,10.22537664150258,0.0,-45.1987322594927,-11.795800212784343,-5.018703957436086,376.73703489241507,-3.5699628791574898,-15.733335184641748,-17.462827087659797,-45.13170015444442,-49.219224161448025,-114.86157372093264,6.234561583927615e-05,-0.5703076940985587,0.049998894287803214,1.1250213721146558,2.520550705881788,2.5938661306768824,-4.891298945798254,-0.6578177120652206,-0.36635677343692513,-0.25053195793581806,1.7934381826201113,-0.4491684610259514,-5.416010313712352,-6.443681895675528,-0.4131858804332864,-0.0016538087844190866,1.207918436802303,5.8281944158607155,-0.7072953303651035,-4.267291552983677,-2.4269114285136357,0.05141501326859973,-0.2549441117644237,0.07408372870934486,-0.30150355272873425,1.9156161516112484,-5.481755455217541,-1.4493795726507512e-05,-7.703754692435448e-06,-31.981553648171776,-1.3006715688807649,-1.5191361896363762,0.038356430920067734,13.95706209762741,-2.4168326116231738,-5.538113050590829,-6.519753733940922,-4.18686061539064,-3.584869514934478,-2.8557437634011396,-2.683330841066632,-0.42095345710687665,0.32748797551394626,-44.71229343309323,-5.647636904302439,-18.30379942483399,-3.3135795037799793,9.341236030767538,-1.3136673384872792,-5.409791129433009,-6.267026697256294,-0.09350687012131098,-14.8173751547535,0.5235338222135976,-37.638201988373254,1.7736392989610725,-11.199797599436458,-4.589812973682062,-14.60986564910286,0.5621632872716552,-3.7416265140331695,5.445625511646686,0.39745643005824516,1.737721747308373
