cm_angle.dist_ctr2best.mean,cm_angle.dist_ctr2worst.mean,cm_angle.angle.mean,cm_angle.costs_runtime,cm_grad.mean,cm_grad.costs_runtime,disp.ratio_mean_02,disp.ratio_mean_05,disp.ratio_mean_10,disp.ratio_mean_25,disp.ratio_median_02,disp.ratio_median_05,disp.ratio_median_10,disp.ratio_median_25,disp.diff_mean_02,disp.diff_mean_05,disp.diff_mean_10,disp.diff_mean_25,disp.diff_median_02,disp.diff_median_05,disp.diff_median_10,disp.diff_median_25,disp.costs_runtime,ela_conv.conv_prob,ela_conv.lin_prob,ela_conv.lin_dev.orig,ela_conv.lin_dev.abs,ela_conv.costs_runtime,ela_curv.grad_norm.min,ela_curv.grad_norm.lq,ela_curv.grad_norm.mean,ela_curv.grad_norm.med,ela_curv.grad_norm.uq,ela_curv.grad_norm.max,ela_curv.grad_norm.sd,ela_curv.grad_scale.nas,ela_curv.hessian_cond.nas,ela_curv.costs_fun_evals,ela_curv.costs_runtime,ela_distr.skewness,ela_distr.kurtosis,ela_distr.number_of_peaks,ela_distr.costs_runtime,ela_level.mmce_lda_10,ela_level.mmce_qda_10,ela_level.mmce_mda_10,ela_level.lda_qda_10,ela_level.lda_mda_10,ela_level.qda_mda_10,ela_level.mmce_lda_25,ela_level.mmce_qda_25,ela_level.mmce_mda_25,ela_level.lda_qda_25,ela_level.lda_mda_25,ela_level.qda_mda_25,ela_level.mmce_lda_50,ela_level.mmce_qda_50,ela_level.mmce_mda_50,ela_level.lda_qda_50,ela_level.lda_mda_50,ela_level.qda_mda_50,ela_level.costs_runtime,ela_local.n_loc_opt.abs,ela_local.n_loc_opt.rel,ela_local.best2mean_contr.orig,ela_local.basin_sizes.avg_best,ela_local.basin_sizes.avg_non_best,ela_local.basin_sizes.avg_worst,ela_local.fun_evals.min,ela_local.fun_evals.lq,ela_local.fun_evals.mean,ela_local.fun_evals.median,ela_local.fun_evals.uq,ela_local.fun_evals.max,ela_local.fun_evals.sd,ela_local.costs_fun_evals,ela_local.costs_runtime,ela_meta.lin_simple.adj_r2,ela_meta.lin_simple.intercept,ela_meta.lin_simple.coef.min,ela_meta.lin_simple.coef.max,ela_meta.lin_simple.coef.max_by_min,ela_meta.lin_w_interact.adj_r2,ela_meta.quad_simple.adj_r2,ela_meta.quad_simple.cond,ela_meta.quad_w_interact.adj_r2,ela_meta.costs_runtime,ic.h.max,ic.eps.s,ic.eps.max,ic.eps.ratio,ic.m0,ic.costs_runtime,nbc.nn_nb.sd_ratio,nbc.nn_nb.mean_ratio,nbc.nn_nb.cor,nbc.dist_ratio.coeff_var,nbc.nb_fitness.cor,nbc.costs_runtime
-0.010112415761459569,-0.8129492971589155,0.003908636240652684,-0.0004316002402208539,-0.026060131247439916,-0.02257000044128992,0.01923493958391401,0.04479594490287124,0.017093181338881644,-0.0010098685929904757,-0.02809384257148208,-0.06302360614154578,0.05248973534688532,-0.024708767483483454,0.0022611071972655087,0.00933184935340549,0.110238776215316,-0.007375782859588502,0.07789987184454153,-0.029655847592561155,0.25364598073535666,-0.03217527310972982,0.010405988799536855,-0.0995459033391128,0.0,-0.0002540765221866061,0.0008986585830678201,0.03104173417134489,0.0830337433319224,0.2351342902271775,0.0022840558047480396,0.00032823487075230197,0.0026970144865973737,-0.0007589832867868323,0.008281236978509831,0.0008584104872484792,-0.2886590307925349,-0.31724506688027254,-0.5208256603095351,-0.6596762872999915,-0.18153750449270606,-0.017529998299029192,0.0034433921646897874,-0.04416991289006296,-0.01317826258385287,-0.00773695637963026,0.01599479600056426,-0.0047044395140619305,0.0018572913308315237,-0.11269282681019492,0.1119917087028672,-0.008903384009802373,-0.011670045637667676,-0.030102822273289122,0.03030837091127035,0.040265113759285445,0.04429904523529251,-0.047804866770010564,0.12287185930892618,-0.08373257965750981,-0.014522744609204892,0.030468028279638203,-0.00020939320861213347,-0.0003398345077327196,-0.10051693008273811,-0.009162969699952395,-8.19621543592984e-06,-0.024776158570700826,0.13254108408540285,-0.02544305006133989,-0.5106270962833819,-0.009667312022752858,-0.3754247614453837,0.13170821777517738,0.32443761786748443,-1.1698805180063612,-0.3063946822261099,-0.009098148406265046,-2.4863084464774102e-05,3.0574411550169784e-06,0.002269447472619757,-0.02054945371805348,0.21923844395277323,0.1352949864490043,-0.03981264141377747,0.0852806866380584,-0.026093343813672298,0.03311802174884504,-2.0101766440395403,-0.0259714277188726,-0.1155418409565022,0.0859228819703733,-0.015772768281747753,0.001205962463762521,0.05413827031733114,-0.014894448992245533,0.17253651768376968,0.09115837732083,-0.005818095008587302
0.004478361873396688,-0.4442698447542693,0.1752345816895979,-0.0009028964890143835,-0.017788067922611464,-0.007908009855437775,0.007655822903638685,0.045488546858304654,0.013365691183026895,-0.0027755490389627046,-0.0400166409045133,-0.05466611572019425,0.041974697392800665,-0.024427670658447125,0.002412880672621456,-0.014140660159571904,0.11176453265433642,-0.0072002671446463485,0.040243655429672356,-0.035679619412308315,0.059064476475037146,-0.020682052734445244,0.010623559894994878,-0.05508790257177862,0.0,-0.0002699186139449465,0.0009398497576720685,0.03349458431759705,0.09164628449529369,0.23176629076131824,0.005272052987793625,0.0003246234970900774,0.0028456032640549462,-0.00018617477443247512,0.007913323870501143,0.0008751925628493857,-0.28936492527681656,-0.3015674023755688,-0.41065313600243114,-0.6131885593760538,-0.1048488308028791,-0.016145724721420035,-0.000275890640832633,-0.0385095946577416,-0.011910164605741203,-0.008974658659382427,-0.0031762241476596315,-0.0049768683754655985,-0.0005641371170034788,-0.12098504765001614,0.11174519694865616,-0.007309876811541867,-0.010200358248715274,-0.037567631829017706,0.03242803699880896,0.04064823564090915,0.033214489783570854,-0.02264382472922928,0.13627396347930273,-0.03541552429523442,-0.02774828105092741,-0.021226025754373552,-0.0002514305715317997,-0.00017292875036249266,-0.7178953592633921,-0.005294589763289604,-9.018347287559857e-05,0.0018495438658656092,0.2038576072719312,-0.010806945086974638,-0.5232730518834805,-0.0064582370457223265,-0.3615297488231197,0.1778686207227531,0.3118904231481293,-1.198492308031301,-0.2512992303314373,-0.0038911285059220575,-1.6059579850525688e-05,3.2741170886004103e-06,0.002287065237516158,-0.1160237151204402,0.21297402020368936,0.09016398948302026,-0.031167246743023187,0.07165888773089425,-0.02480426964743826,0.03138526208458383,-1.9998872142981678,-0.02612088832254438,-0.10423701636851844,0.13580480565130348,0.0004920778765600187,0.0061703027561152935,0.0449948914988195,-0.007720916971990977,0.17018834744455577,-0.06149923340020683,-0.006872315304817743
-0.019013348303836965,0.1551890265211076,0.00038215874430346333,-0.0013419697644999767,-0.01988323942304453,0.026290824202812507,0.015249487647727981,0.0997059746545388,0.011534051748994278,0.005044377103692524,-0.026766733888541845,-0.058376180293102195,0.0035599141923332565,-0.026859373589281574,0.003390400282536282,-0.0003550668485691104,0.19736145788245688,-0.007030708414037947,0.03308002742344348,-0.04750320294361164,0.12584390476929852,-0.026700627168831877,0.009288717830671613,-0.660725733201478,0.0,-0.00027421782711423484,0.0009517346356427263,0.03414709470903385,0.09604463388466401,0.22211919974124428,0.002097664803342228,0.00027766924573598763,0.004496663281286443,-0.0002327302145517339,0.010149081859679264,0.0008693148012955583,-0.2746934969140737,-0.44290408877991727,-0.431441014741998,-0.14365177333270304,-0.09738823063455176,-0.014906891835586149,0.0013588098853977875,-0.04194389143132456,-0.012035198908171703,-0.0008958970184308607,-0.00028739102112024684,-0.006012278382659883,0.004340166765736356,-0.11187432262740714,0.10902821602517912,-0.010396353183001604,-0.002851405939669996,-0.03427963641220562,0.02765530122882196,0.0424955077704503,0.01723942491921922,-0.03348397295737039,0.1993509902336422,-0.025073597852286886,-0.017829218108475375,-0.007942396649437421,-0.0002609736191396715,-0.000510079506316965,-1.4592784923090059,-0.004253713715373037,-0.00014561085643189923,0.0018380791448875929,0.21681978479090436,-0.0025700490360532663,-0.5271694215563713,-0.005805454969967984,-0.3761299777239828,0.17478696818666817,0.31638698277871796,-1.2106411905353183,-0.1744512516809882,-0.008735316563126426,-2.3762415748997258e-05,2.9083346157025055e-06,0.0022738090701112253,0.12164223707290356,0.19023698398428557,0.16984852517504387,0.04594427038388065,0.062028140351582606,0.005224940128700056,0.048394191696600836,-2.1137758493410166,-0.025991658787011585,-0.08564775921723829,0.14156803753980046,-0.02216131170471764,0.0053753737581772616,0.053774915517230654,-0.009491598237644883,0.16093020139890257,-0.06664283425723774,-0.0049922648908713955
0.0024401793254825023,0.15725538699823557,-0.0019534487096824565,-0.0020363902871181777,-0.021111152576410747,-0.005326036222637779,0.0013613036393260532,0.178138610456426,0.01152784042253328,0.003704373840309814,0.010393257341741385,-0.05721259820536487,0.005650755837078861,-0.027385599787090025,0.0015841748148386007,-0.004477185782963115,0.2020814978043374,-0.0073280680394132176,-0.015574382079594447,-0.048081459198387445,0.1314374519448205,-0.020846455113221595,-0.015253765851890148,-0.2871066050132071,0.0,-0.0002526215343554987,0.0017501165318498215,0.03712150960058424,0.09657858501619443,0.2400540332647574,0.002278740369871926,0.00017169990231688566,0.003051599522993612,-0.00024459725715251075,0.010147190135910264,0.0008692998725449129,-0.27370584856499997,-0.43859885594967724,-0.39806758683835947,-0.2884698349731975,-0.10533993872975184,-0.025431531254742772,0.0009170284176921277,-0.042605738788765106,-0.012114886032846432,-0.0009251168900649073,0.013220160450151036,-0.0060920319918093165,0.0007639405975878603,-0.11309306815472352,0.1136954862662406,-0.007762895668094622,-0.003040602905597347,-0.031903929378817183,0.026207255396454684,0.03920660496575768,0.01569328430812016,-0.03635244366417578,0.06378990592671983,-0.03534169496648349,-0.010936366429633818,0.00602450564439239,-0.0002440507833250733,-0.00034940339853401555,-1.4697943478483464,-0.004258651569148444,-8.977922294192337e-05,-0.017624081551193754,0.13210532849200213,-0.0019670756359375457,-0.5153708924596381,-0.006222061225948137,-0.30948238893412566,0.23616655958937527,0.30133851467489015,-1.1528674138646136,-0.1657334015522099,-0.004126835256276483,-3.6070597498921784e-05,-1.7576939733426502e-08,0.0022774327090352834,0.12391911544654355,0.1567470013705494,0.1742669567354955,0.040086400103618657,0.07938794047965413,-0.03986487504819042,0.0277804488846246,-1.9351105440760974,-0.025850640290128797,-0.0837074980363186,0.14011732076879616,-0.0219503219282931,0.0019210986287333885,0.03407153667980516,-0.01461977454363399,0.19264602854347693,-0.0973893483630872,-0.0054742122140718046
0.009431654445864596,-0.4581760995530144,-0.00213265683700935,-0.0016948789127000988,-0.025476540821137594,-0.008388522502140495,0.0029265369056308763,0.04683299864484841,0.01596275737019625,0.0034347197652997014,-0.04022300416090868,-0.05739358588384251,0.05118439006062432,-0.02923627703334664,0.003781845297050688,-0.004477976182930916,0.11003717614712742,-0.007915961879885554,0.03850743992044677,-0.041563288757704604,0.05904824950925132,-0.023266361168137704,0.025792185210756133,0.11975788169385665,0.0,-0.0002752125377519006,0.0009692659838290467,0.03900544052253692,0.09061918554056193,0.23493472832719925,0.005385105638996616,0.00027291623901530294,0.004468990510623603,-0.0001436658377977817,0.007917753179439458,0.0008751925628493857,-0.29163854587837107,-0.3158286195555985,-0.4013399720333683,-0.6102090387460049,-0.1814801419553836,-0.015210081782067288,-0.001421214431935965,-0.03879604964731894,-0.012139223530389405,-0.008817315371081935,0.00040423783680850205,-0.0044898534382087595,0.0039034504655234186,-0.11186370654189184,0.1092073425931111,-0.009004489994414772,-0.007632991640898363,-0.03284621038470483,0.02744537629442755,0.042454493891386585,0.032945365198751374,-0.02885988098281771,0.1338063144437438,-0.03809157555466601,-0.022586248405553476,0.02086853386356425,-0.00026051428032418573,-0.00024367378191975407,-0.7441401885454265,-0.005293831511008171,-0.00010416241741808695,0.0015209898664031662,0.21673015724019024,-0.002351629986755266,-0.5262086478383992,-0.006924963566918394,-0.3653427993299259,0.1771136848952628,0.3125120110450005,-1.1789259991408034,-0.24216854860126122,-0.002907795372251211,-2.3460734324326364e-05,3.6981026668887975e-06,0.002277985766053547,-0.11205052320310437,0.2163404263180217,0.09442859050751848,0.053567004794130325,0.07416752691591752,-0.01791662892091714,0.04721897356982675,-2.022625601489939,-0.026123229984288773,-0.10668686384423788,0.13370397033865908,-0.02197211229364308,0.004900474337962068,0.03891534635050097,-0.010126445702701143,0.16473478887363427,-0.06051222152509308,-0.002824928995985568
-0.010008614504579552,-3.010223886964152,-0.0026242988357655945,-0.004254709001105741,-0.017501908174562132,-0.019214531166514146,0.0008545194986998778,0.2681128893720813,0.01695002138036574,-0.022766836666245616,-0.03281615248384779,-0.0629615438144297,0.050814743880918216,-0.02842753609464529,0.006079884843135821,0.00877493764774495,0.487578120253625,-0.0068827498695924316,0.02251437450603951,-0.05454836266201833,0.12677115086612656,-0.032012245435931244,0.025234368151333977,-12.39451247969067,0.0,-0.00017198759789895123,0.0009314847327046969,0.03211314825710004,0.07606892767761425,0.2309098667562874,0.007807183987327499,1.370103306719927e-05,0.00278204182638369,-0.0006012652702200688,0.01470202659579685,0.0008595943514288333,-0.30988201689793515,-0.4347333486012592,-0.47517844218042293,1.3393494977462168,-0.15361595351176446,-0.01735591866363196,0.002382353731693211,-0.0419491730816674,-0.013766025200556219,-0.008524281440460316,0.007972643584495509,-0.005555298054817111,0.0024761904233302438,-0.09970929461437357,0.11375956585362118,-0.005400040032347384,-0.010322194332455369,-0.03237156591578403,0.028998865870263017,0.043822216438234037,0.040436341224391534,-0.027832880247396313,0.017261932479502765,-0.09183299998061836,-0.03653249459302217,0.10125705285513546,-0.0001481547008423904,-0.00029442673696166723,11.4591191210535,-0.01687730900585563,-0.000270312901090725,-0.0037532188476874302,0.09754443148189612,-0.025662528445878026,-0.8257023892485341,-0.010874223360878699,-0.3720837891871416,0.07191909429622345,0.25477246615423943,-1.4611231207642341,-0.30051209041004917,-0.00834666459348432,-1.6873253866424528e-05,2.2969375141290017e-06,0.0022849801985909573,-0.06739018757819062,0.2177387985387801,0.32080981009156667,-0.061193538904466674,0.03358617881852576,-0.029939850599956654,0.031386487818605556,-1.9259067396484637,-0.025562455532765222,-0.0866060483087825,0.0925434722488457,1.376907194875366e-05,-0.008501711519830537,0.03581039191865419,1.2736577501847703,0.17102471092086607,0.06739237665921526,-0.007709148297465113
-0.00029216433574740907,-0.4382999489633987,0.006549186924486645,0.00020735422646586105,-0.021823708484612462,-0.00215442432657905,0.011104758045091834,0.04421010715944361,0.012367331899812805,0.0008417779302124726,-0.029539416183645226,-0.05429261523671909,0.004834386344273402,-0.022728288996226722,0.002768905073297771,-0.0015212186203778743,0.11125161337700472,-0.006655577238960776,0.033639476617338425,-0.04262954838396496,0.0451356996456185,-0.02157897143791184,0.02087068070798059,0.06780957363631418,0.0,-0.0002693291455742695,0.0009488820537229687,0.034831145552299506,0.09609996437738862,0.23137682689609643,0.0022975014001059353,0.00032743802734583766,0.004224441141220977,-0.0001748231024505864,0.007918286713962008,0.0008752012273788095,-0.27074157829026574,-0.41552016332839964,-0.40864909560010365,-0.6817267407526516,-0.10729786217329854,-0.015212929293922758,-0.001586117947695429,-0.040426635717317555,-0.012928105010639306,-0.0014616203797002195,-0.0006203999265513145,-0.005611876997891728,0.0008433221648928194,-0.11005991909790272,0.10653957458343859,-0.006329018284831487,-0.006655335985272376,-0.03451209167672712,0.026896206918192736,0.03979324897531448,0.014093530464125013,-0.03381189623469822,0.12738724576031035,-0.03677090040564763,-0.023854760868622416,0.008321760983954065,-0.0002540954198674197,-0.0002351703699939587,-0.7212248270969742,-0.005291636631590666,-8.03960070436134e-05,0.002128790556316377,0.2284211197969802,-0.001709537328157399,-0.5393893641743503,-0.007047426797492893,-0.3703555519374522,0.1671189286494025,0.32205803799481764,-1.2070671372139572,-0.17255504306451272,-0.010126160699448342,-2.258069899257329e-05,2.7988004493226163e-06,0.0022760263582883617,0.1107728873936936,0.19315712235956053,0.10333881185208625,-0.029216195736416647,0.0703505104396976,-0.002625290201748081,0.04179514476085418,-2.0666485924998708,-0.02599841228328626,-0.08083958584985113,0.1333895670169781,0.001895762532576248,0.009857332989418321,0.036153754808100694,-0.01658008574876539,0.1600040896831713,-0.11309699721613693,-0.0025647150041736267
-0.0018493878623805518,0.1593434696707624,0.019082356030492104,-0.0015183984950325959,-0.008442822545931452,-0.014344353538572475,0.00957137178585514,0.09896456144055947,0.016340722092945393,0.0013356274711430393,-0.037217304973540186,-0.05932902709410122,0.04495927365334225,-0.02813448413596605,0.0022372545779835154,-0.004712895360426714,0.19829070574033464,-0.007655465313926323,0.08755308359203652,-0.041860401940748554,0.1422360538380778,-0.024663973106091554,-0.01816537066021302,-0.3667430467683813,0.0,-0.00024049738575099863,0.0008997339174966473,0.03806289497862922,0.08585074915696425,0.22538997523645699,0.002018540538703421,0.0003806237176753777,0.003255960252050529,-0.000247465454934021,0.010148292690797936,0.0008692998725449129,-0.29549112340313144,-0.3206635189905113,-0.42632222295877104,-0.08378016387678333,-0.14553937927514624,-0.016191743499563573,-0.00021758401827579697,-0.0402460707389768,-0.010468162599918422,-0.011337249514972322,0.014106045893762048,-0.003523468826398748,0.0016382096859532509,-0.1076720387603477,0.16348133511548246,-0.009234860296644226,-0.008638441894221381,-0.035544697905823125,0.027932815930788613,0.03944094518925676,0.03572577747270822,-0.049081557388654,0.11611131257823022,-0.02186760356470381,-0.024327772532783752,0.010333352397670678,-0.00024412763466708187,-0.0003654462830384286,-1.4730079154584095,-0.004263134565961528,-7.192866223860143e-05,-0.05266390778753677,0.13406952832306035,-0.002179198188434024,-0.5061660862620039,-0.00594792080185822,-0.36118086493503027,0.1772880751285123,0.31513821827428085,-1.176254516708954,-0.26022875397767126,-0.00599214922743244,-2.7407378053505392e-05,-3.3329421720867493e-06,0.0022703476327321946,-0.11624936002456433,0.19428645442376744,0.16530339004948677,-0.022268246959322096,0.08134224617478474,-0.027176255410411475,0.026643316737851815,-2.0369850295874263,-0.025900863982032875,-0.055154858201830935,-0.007876936855771368,-0.007495084654290655,-0.002015418608125943,0.043128684206215843,-0.012209147879569742,0.1672307976774404,0.014219852617278204,-0.0022855849783303306
-0.002850178392300344,-0.4230331359165368,-0.005341181348751843,-0.0038108922911747013,-0.00526517297820049,-0.007515639565507755,0.009917157031949732,0.04674302593434486,0.016173399037009654,-0.000793500965328248,-0.0381721735634187,-0.060784171458535485,0.047694857765979204,-0.029263889961663812,0.001702298665920835,-0.028698161561961137,0.1099697271868652,-0.00808721521524823,0.07117342692079583,-0.03444764794531376,0.02832330959554708,-0.029864059786616128,0.021478128319891533,-1.1916132854659989,0.0,-0.0002570746709493346,0.0009160269300332384,0.034508078935869026,0.09346297150087521,0.22840182901335193,0.0030283227788284813,0.00029689750716677045,0.003262950663438641,-0.00015358507817397294,0.007916490393095443,0.0008751925628493857,-0.2909262687027841,-0.3316006513487178,-0.4692043818891436,-0.568269358713495,-0.12970471786534193,-0.015763252773734464,3.4761796278778254e-05,-0.039235724804307565,-0.012166465250501073,-0.008399427715306104,0.011317552441028372,-0.006761859993510034,0.0008039029652253428,-0.11169405861199119,0.1288416627552263,-0.009802981334510633,-0.0118562708402605,-0.03411354362324905,0.03533709743886898,0.039922109303264036,0.03184730404598463,-0.04859108779830808,0.11186800078957498,-0.04595219359330601,-0.014091515810517496,0.11323889703381826,-0.00022813630578706623,-0.0006168558325235358,-0.7141671113030714,-0.0054247387421971615,-4.62739330475013e-06,-0.055524930418000315,0.12827246323337144,-0.002857501173659472,-0.5273627401405363,-0.007451388562851666,-0.3761114086652359,0.16914583404103742,0.31493475117423453,-1.2101914501979592,-0.2834154291778615,-0.006940750213905671,-4.185922341971606e-05,-2.8845085663663955e-08,0.0022748508983192017,-0.0641011460622253,0.2166513904549763,0.0973874599072075,0.04108050934382423,0.06393726968959526,-0.026841815741230433,0.041695687066186704,-2.0235478888585576,-0.026052391779206555,-0.08553177857726194,0.13673935569807819,-0.0021091242254229897,-0.005903911697049042,0.054629539023160346,1.3930890186710876,0.16670654393688242,-0.15188642460646032,-0.006533839290544215
0.008383929885995447,-0.4228207424456315,-0.007492611926823192,0.0027950288878071283,-0.024055883671201886,-0.007145023717199594,0.004725681629614751,0.045237985182698434,0.016787880501506987,0.00012484127346275704,-0.039783488592895516,-0.054469631282391684,0.05093471584970761,-0.029642251084418675,0.0022568371730659724,-0.013269135739909023,0.11026722292636655,-0.007681156228625252,0.03846196504511475,-0.03410288821219009,0.03614168747129113,-0.02354811841706263,0.018159841216799574,-1.1112467039976281,0.0,-0.00026131341472445085,0.0009248964994772953,0.030026746180359106,0.07903255445226645,0.23620822482049397,0.005651487939580748,-0.00015375966729192877,0.004385487708103773,-0.00015429630107644646,0.007916637698311505,0.0008751925628493857,-0.28906625122850327,-0.3134035286068148,-0.40894023158888154,-0.6270679060947246,-0.11563306731472275,-0.015451102437997782,0.002721591422821467,-0.03977091853156736,-0.009578469726047728,-0.00869882822348975,0.011079840270879835,-0.005578437175660275,0.0021499134216022477,-0.10609019420065088,0.1212739593675118,-0.008138091555302925,-0.011301697891777662,-0.031219970173783206,0.0352194569245014,0.04324546858161887,0.03384544017901681,-0.02500779833415165,0.043810501791777506,-0.038850996003173294,-0.01829068146203519,0.11249488134763538,-0.00022819593590163656,-0.000641247752157062,-0.7176970298510379,-0.005417038950808142,-0.00018973331926996467,-0.053637813285262355,0.1148709097852833,-0.0019358027277308254,-0.5143511055687076,-0.007830691835869203,-0.3833375637722955,0.1794968385283607,0.3126196343119378,-1.1470380456882379,-0.22837085396488674,-0.004396431968370012,-2.745387046984196e-05,1.8801967945920108e-07,0.002273344529432763,-0.07065799389877714,0.1971394785014042,0.09349635839890438,0.009438848215803179,0.0588179269072821,-0.023740796499570276,0.006150683279839365,-1.978915532156715,-0.026107190364510726,-0.0835019989779922,0.14398375946585534,-0.022979111625158772,0.00990988752153882,0.0451820623332723,1.3937913223829121,0.16576606958534773,-0.13861253540574142,-0.00247419678238316
0.008003975690141241,-0.4512906150800522,-0.00662603091655045,0.0001897196564683527,-0.015467289218997945,-0.007942133345006538,0.001373120956501412,0.0469941084340625,0.016073180219293697,-0.0030231506240916825,-0.03750815026071366,-0.056767955441310816,0.050590177604237674,-0.028912716289681915,0.0042753653031672376,-0.01325442192269599,0.10393954412800936,-0.007045706323639792,0.03193654293594858,-0.03510526992182053,0.05207120973706561,-0.02513761626880137,0.025695211577173287,0.3733182081170877,0.0,-0.00026238926847257254,0.00091590080487481,0.038259247636617796,0.09217342682752085,0.2273964243701703,0.0030142817058332132,0.0002945148160203139,0.0032609390058767366,-0.00018678107374563307,0.00791576595019311,0.0008751925628493857,-0.29172918615899257,-0.3154262549132038,-0.42409455272301233,-0.5616155672399105,-0.1495290688402983,-0.015830042791815737,0.0005155297784866865,-0.03856474011099044,-0.012182433288981234,-0.008896677522517615,0.010997159521614914,-0.005261909009437228,0.003156307580205824,-0.1106928718235092,0.12934305245068892,-0.00986661526217065,-0.010390508245190942,-0.03190270006739965,0.04167555031998787,0.04140709620335311,0.03616956275858256,-0.028704982562231855,0.03614345972269674,-0.058546263678724654,-0.017372890955370222,0.018289470293138925,-0.0002449604312669174,-0.000560120962655603,-0.7595858648761284,-0.00529497609696961,4.476496902088156e-05,-0.058723108046899786,0.12992451299258606,-0.0004815103705786628,-0.5306170282786042,-0.006543988466207537,-0.3726941608644639,0.18028461239494353,0.31376791256976977,-1.211071855474896,-0.28317166596998955,-0.0038186362046220513,-2.750915467152451e-05,1.1626078914804312e-06,0.002268271168951755,-0.09966705293958664,0.21760710674395797,0.09105461274970891,0.03903104293806235,0.058350057526081425,-0.016958378480476953,0.040340800682667884,-1.9943907094335955,-0.025863408870562005,-0.10669017407769658,0.14022813659500938,0.0010254144648871514,0.0014851713945430306,0.040330715890126316,-0.015413375284311864,0.1667243361054954,-0.05584636603206476,-0.008845450853445078
7.373004526206437e-05,1.1535103034643517,0.001278920111457638,-0.0011982354387100234,-0.01011532538547865,-0.01136756252265204,0.012262422104800462,0.8015981997942061,0.009459082654098342,7.418038721209886e-05,-0.030685830617236003,-0.06441570011017145,0.005710842430125464,-0.029943303502053337,0.0068431127137502405,0.1475008179735692,1.3167521271631804,-0.005125438875661246,0.05917626478735758,-0.09741861190113005,0.7360073137626086,-0.033462638874751253,0.01011596328397938,-17.220236693168232,0.0,-0.00016504616786987693,0.0009314875863638712,0.037753924113866875,0.07118758773493922,0.2449272547976057,0.00511816465995865,0.00040708288568246543,0.0026199490201618374,-0.0010928952317261298,0.022224935606506596,0.0008417659511310903,-0.34822440808189864,-0.32456106080280867,-0.6302614231615339,4.958322968450045,-0.14472876140963425,-0.01769939072158542,8.728782758241385e-05,-0.04716506457118647,-0.011548963775279761,-0.009303195972732728,0.008512179928494679,-0.005519627355025415,0.004362902308705196,-0.09329145776996203,0.0816759164942665,-0.008154578086791068,-0.006787204232583914,-0.03179025613663526,0.03177522454608951,0.03719214398294545,0.0378641653546048,-0.04803390229107477,0.0024503410309899953,-0.09462521226174697,-0.02623815064133808,0.0034189925879510616,-0.00015530249768448912,-0.000280473192295421,5.749937043575994,-0.001171182398093777,-0.00048728025138119053,0.007034729826360733,0.10420687668836712,-0.030446389656495838,-0.35826975568261243,-0.00823479649898231,-0.3671437925435466,0.18302458514427555,0.2935110722798867,-1.174898795087603,-0.19621368247128648,-0.007943719925466287,-1.6952126953080477e-05,2.2202200633054163e-06,0.002285590951459914,-0.07064357151563003,0.2090641039190737,0.9813199516439288,-0.027293690015761804,0.07854307945747636,-0.02799872036541572,0.04050141559224771,-2.104750426914899,-0.02432060818261956,-0.10273468077221805,0.09519389684995085,0.02083089998936701,0.0012395139826045943,0.04671171750705558,-0.012532442965255696,0.17716751882878626,0.5167053914459445,-0.005210240050247434
0.004188214047134414,-0.4681108194119287,-0.0065961774155990464,-0.0048432317442142474,-0.026773139031896646,-0.0077702492413961885,-0.0016434252867838324,0.04699219862178096,0.01104549272070167,0.0022995751676849426,-0.00030042521209279856,-0.056506271979322995,0.05458243772518581,-0.030545134952531628,-0.0012559257859152066,-0.007334242744436931,0.1135199287611595,-0.007400219841508002,-0.012601425997072556,-0.03462166263776429,0.05980817919420822,-0.020492785081201823,0.02246268483064461,0.3753660881140232,0.0,-0.0002619053430385536,0.0017472333031113274,0.04015302706411792,0.08895953697298402,0.2418912630725751,0.005438707593573329,0.00023859496926751799,0.00304398190799524,-0.0001876119123535363,0.007899303616016717,0.0008751925628493857,-0.29121395996050525,-0.3038112764217478,-0.4121169030757926,-0.7226841144606103,-0.1164128279732843,-0.023111785861133,0.000583761444227068,-0.038917652567169836,-0.012955191439486641,-0.00907919187265965,0.013710048531163128,-0.005101119782341477,-0.0003428833519830289,-0.11124807444661176,0.10863957984527875,-0.008855407423479183,-0.010006672973831213,-0.03266421841020019,0.02697289945355574,0.04362249127359473,0.03739362755726494,-0.028860263205494067,0.04396337483800208,-0.036651621883501344,-0.020681621776215648,-0.020238094957420665,-0.0002450457133452724,-0.00035207942839433237,-0.7479752228273778,-0.0052924980722789654,-6.658723684066647e-05,-0.057392904490052306,0.15087211998782424,-0.0021453223958234225,-0.527382897592323,-0.008464278875252815,-0.30479658585265734,0.18146406805817897,0.2995978304502242,-1.2189932828582415,-0.2531300028000447,-0.004955572791004988,-2.7509048560763633e-05,3.0164165598382926e-07,0.002273018084069585,-0.07770083327256941,0.2081973114917999,0.09703717835712267,0.03855955382225974,0.07463912254053272,-0.012896824064059474,0.02923601710722436,-2.0636657061632473,-0.02606489869720099,-0.10425281640684234,0.14055550426434266,0.0007872116187815435,0.01755808314857823,0.03143941589763898,-0.010035054262782506,0.17182852043277067,-0.0803326013140253,-0.005827575309653418
0.00048171203631242076,-0.4209512532682803,-0.0016792995476689909,-0.001226160301671836,-0.02771152597088819,-0.011706556713699906,0.021519818917043253,0.044765450487267315,0.016945304527871765,-0.0017896919527897591,-0.04112855619949607,-0.05540358630425495,0.006872067222008971,-0.02886947687713631,-0.0008593825509592421,-0.014053756588932447,0.10992069373145454,-0.008166692611587183,0.0864384173801874,-0.04296079914616217,0.022275579133263942,-0.021170381298302364,-0.0175570762320057,-0.0369847052906407,0.0,-0.0002548021786586391,0.0009157715179421061,0.03517124412614243,0.09072588944492334,0.23619423149933405,0.005473896475157155,0.00027856504643365015,0.0030573994495272836,-0.0001528659868081102,0.007916094436248697,0.0008866536753517368,-0.274910419069458,-0.31403228357552293,-0.40224107750397586,-0.6108836199330617,-0.12303596798404585,-0.015758465012496004,0.00030769240161331144,-0.036838809258418884,-0.01074095104498466,-0.008370818030055717,0.010953214498623798,-0.004692281236896349,0.003467008205721488,-0.11095860123592992,0.11074857872724665,-0.008586720227819086,-0.010587746338135265,-0.03527531107375747,0.03342726850077213,0.04168728150424045,0.033714721948206426,-0.049649113681492635,0.039054567305468295,-0.03537770159563057,-0.020489933436238863,-0.4723369484181209,-0.00022814378698708188,-0.0006208415077804949,-0.723479338556458,-0.0054206958094911405,6.824510273710743e-05,-0.05548194690041771,0.13159671562733996,-0.0014784294653734892,-0.5169318472546155,-0.00671898567376479,-0.370097021442312,0.16692957808574074,0.31638601503970665,-1.3938442895744254,-0.18036629332532214,-0.00500375620684133,-2.7529509951399823e-05,-3.337924283481791e-07,0.0022692348648909273,-0.10886822599276212,0.13929038784083267,0.09204404880344243,0.014340247561967567,0.06043607210647731,-0.017842203502041347,0.03652555082882987,-2.0467928048784674,-0.026018439882402246,-0.10829217990435876,0.13847017984573198,0.2598169686682622,0.009274180990072465,0.044600144754265096,0.8243927482792035,0.16815382173646914,-0.08832556195208509,-0.0023925398566228074
0.008674970319204297,0.1754842535053928,-0.0037873450037551916,-0.0010346517716027972,-0.024549372794269754,-0.014110326495659901,0.02071313685642784,0.10210398551040689,0.016328629679658365,0.0017827478752161844,-0.03739032296260633,-0.05969595067496118,0.04589087193154187,-0.029496886873800057,0.006474188428426733,-0.0073732715022442365,0.19673979772074907,-0.008801053736311352,0.06334959717899602,-0.04696248597512993,0.13643128936682486,-0.024183502919941233,0.02625401801069586,-0.34199736405565884,0.0,-0.00026241997808285804,0.0009159050217167983,0.03658106305403538,0.0855759086986986,0.22868784015519233,0.0022486595972420237,0.00025633640757996427,0.003270581048350121,-0.00024466954347651426,0.010147827049694103,0.0008692998725449129,-0.2977259782884908,-0.33442883866497314,-0.4212233133331304,-0.07434369957771392,-0.14422991850713254,-0.015585576361102456,0.00030415647215355224,-0.040233055471238136,-0.012425083904426973,-0.011060888428933359,0.014295223480634198,-0.006362211344112265,0.003450862753669068,-0.11166063402404858,0.1062929240576585,-0.009831142886956627,-0.008109884513954677,-0.03255821506120978,0.028527043417618664,0.03973214159471087,0.04025792672059796,-0.0482059890894616,0.05675108323338243,-0.05704057217233393,-0.016203092886072936,0.018428566796895644,-0.00024532108132624316,-0.0005725323059599729,-1.4772661707375019,-0.004255143078311353,-0.00012037451964225807,-0.05508041218953492,0.1369417631863288,-0.0019107520966114846,-0.5140362718861188,-0.007170291226416426,-0.3762897547423739,0.17437319969769985,0.3123913683024448,-1.2192814805330343,-0.25518827543613565,-0.007602738524101541,-4.186471079237921e-05,4.1997819627608287e-07,0.002272081498143835,-0.05769873969044546,0.2163216020028582,0.16162661143313317,0.042400257902766865,0.06369866322156248,-0.001476527066983408,0.04019724240230151,-2.0838372410210697,-0.025734281369693444,-0.08493176130989201,0.13793739921570586,-0.018077259498180613,0.003623493487148016,0.04752933358579126,-0.015236497027457978,0.16640635363650827,-0.07266589216230186,-0.00973477108233709
-0.01833591223748102,0.15784531408713107,-0.003055489681565838,0.008498483076664435,-0.032348561353247984,0.004424723119274975,0.005103773342396775,0.10252415583847581,0.012580995418214282,0.0004165158526538216,0.0233231654071313,-0.061191491395612516,0.004918913698506188,-0.034392756959848184,0.0019105094547867837,-0.005105243320460252,0.19676008383339125,-0.008179346101078233,-0.01699589256629472,-0.045565548472631986,0.1321371095577031,-0.01730553793946066,0.008991131170755947,-0.28363524337625556,0.0,-0.00025384639445124257,0.001744691498587605,0.04496304549548922,0.0886765410142405,0.23311972687018825,0.0022839797020324844,0.0004224975387278879,0.0029935083718783746,-0.00019930912471206026,0.010151526513617205,0.0008807672492684856,-0.2814865769740048,-0.3323585530257823,-0.4051810932071603,-0.2890911335585092,-0.14468206470874195,-0.015087447224188519,-0.0008792264466628447,-0.04096733663906095,-0.014822976167526272,-0.007801744978792724,0.009887983319492543,-0.005300463246442628,0.0002780393852711876,-0.11241885131667757,0.10707509209906475,-0.010289145575394404,-0.006537779337007411,-0.02931376446128707,0.035101958046580194,0.04166140419559202,0.036512159019639334,-0.02155205518762482,-0.018256853452107334,-0.05013132006293523,-0.013326466499494417,-0.01539868132062478,-0.0002445173040737388,-0.0004201293736280173,-1.4990031402460198,-0.00427625353307136,-0.00014860216941637862,0.06975226298191554,-0.029054242411616808,-0.005227559211123157,-0.5214343309091081,-0.007120967212798509,-0.30958695031364725,0.186128035066884,0.2984079576938955,-1.4309825636989228,-0.17217468023437119,-0.007647969884173401,-2.5020378206721872e-05,-1.0208265770455917e-06,0.0022705391984221062,-0.026711393655479837,0.15191600047149675,0.16165054745338234,0.04634151128419629,0.08204574626483419,0.01632859666716852,0.03965957868140508,-1.8627806325075191,-0.025874683416773632,-0.08308049023977497,0.13895805428211874,0.28791916196322387,0.025716317426207426,0.031286807220935596,-0.02111227183068003,0.1629725360280627,-0.10503322108338971,-0.0036875025351169473
0.003177429217962714,-0.446977244299842,0.17724001325633698,-0.0010921200117296158,-0.02250015161650773,-0.008909485481471574,0.021527201246669514,0.04596381582570306,0.018700199159783666,0.0005338316997395339,-0.030200091464157617,-0.05807128785586624,0.04755937363202929,-0.024999055890222954,0.001903512503163856,-0.022903217811466713,0.10547411191795936,-0.006946461125692266,0.08440916111444927,-0.04110660641745774,0.049896258875032275,-0.028153871698036466,0.023896499105848155,0.1948466354454906,0.0,-0.00024992928726997297,0.0008814514727872173,0.03373787171699468,0.10188985374925694,0.22498974646698566,0.0053664671896636335,0.00039987968939721955,0.002725156467214926,-0.00015126246330043043,0.007929934222669889,0.0008752012273788095,-0.2703781469331754,-0.44080732945919654,-0.4719027285507432,-0.6127259698726711,-0.11710329049827461,-0.014949709164501133,-0.00043026591043810136,-0.039481235299768415,-0.01245843623354537,-0.0013662815113245491,0.01038259226960004,-0.005431096305976348,0.0018097636878117663,-0.11849617171502647,0.13125686702209408,-0.00940165811648777,-0.009092324150313275,-0.03451968046346815,0.03993288092141897,0.03800700491794657,0.011610428746015573,-0.055092799591720046,0.1169803948917708,-0.05398160294203255,-0.00948977723716734,0.0011741852794251387,-0.00023089513141822277,-0.00030472773773613355,-0.7321852556542193,-0.00528768646049373,-6.452775674685827e-05,-0.008058130847127757,0.104450204925039,-0.009026537544026356,-0.5454413614894872,-0.006802662075097451,-0.3488823131551513,0.15262481139654668,0.3123850859972382,-1.2071594961730223,-0.30391611954215764,-0.00275734036785806,-2.082021594028675e-05,-3.5885804366760564e-06,0.002280380464486291,0.15874706137678546,0.19857558045151052,0.1009846306308338,0.042745003668759066,0.1264917812818004,-0.0020851471233724254,0.02899228140021485,-2.103841481632876,-0.02594984628939013,-0.08475178455327279,0.13764419558645488,0.003048616984529609,-0.004046430769182611,0.05369453336519333,-0.01187608314960411,0.15887893974131273,-0.15585342356542375,0.06358330119212371
0.0010445410748812609,0.15804495243975397,0.2558520499082159,-0.005252249903042725,-0.026770924444712685,-0.004319288780926155,0.02135991143946393,0.0995649615578998,0.011954343997846983,0.002186387225063568,-0.02649376110858538,-0.056875184531932306,0.048198732815817116,-0.027023136073102944,0.0022469269064647607,0.009522157131833839,0.19618583071534346,-0.007211557216187806,0.08989038074821619,-0.04351190838743184,0.1311012479352813,-0.021481599497215068,-0.01718942677200929,-0.5290332015411345,0.0,-0.00019261178892901175,0.0008985856095544103,0.0306901252120599,0.0952581658707773,0.23738701002074858,0.0022271570379093445,0.00048206623809254944,0.0022601462000856128,-0.000187891952788576,0.010159523467602145,0.0008693148012955583,-0.2746092492563558,-0.4171766935764766,-0.3985821570072601,-0.22324416990832377,-0.1098219220658705,-0.015962370224002216,-0.0003274740229110919,-0.04308242911045107,-0.010343903077058582,-0.00332170773476681,0.012978649000839532,-0.004043369419333927,0.0028004235199291408,-0.11993279324625497,0.10626673842969259,0.001794703749154613,-0.009369856204052477,-0.032025216742406395,0.025172213459299132,0.044302416458050095,0.01563899728707057,-0.04519686156126585,-0.02430295927173501,-0.03221737514861948,-0.020082954237888022,-0.01151807362594455,-0.0002098619384879997,-0.0003012975645201068,-1.4501691584910128,-0.004248572709288714,-0.00011803729284850401,0.038450030611144666,-0.0213855625690657,-0.009755591519052977,-0.5224783376515681,-0.0048545945861102405,-0.3727802467565764,0.15311757410745766,0.3069445728124238,-1.1756280802602297,-0.2665190962575341,-0.01131780645770468,-2.091272178487219e-05,-3.6859523151270036e-06,0.002279929936963935,0.14646906648825267,0.17590650825265686,0.1680039962989494,-0.015983830558914155,0.07191993370669815,-0.009564364089282932,0.03443743026643926,-2.0247260348047766,-0.025823447230721195,-0.08629708323127007,0.14518319467431468,-0.003027459908325149,0.010834374887595116,0.04005469223443805,-0.0146997247666242,0.16077904110879995,-0.07444635027770165,-0.004449528508797491
-0.0032772685356433923,-0.4624099847897528,-0.005354050742556683,0.0005188832444174735,-0.013169468938932248,-0.010675074821333369,0.006611323951251923,0.04385886110014117,0.018757793228104846,0.0008871868773263773,-0.03027618860247997,-0.05712976874950537,0.044267079793497796,-0.03044552662630726,0.0036195223951458687,-0.021666349319680162,0.1063852548595564,-0.0075029947385666755,0.08728807935611406,-0.03758420391755205,0.059842924373316585,-0.019862483954209635,0.00897422890988948,0.40172917296475474,0.0,-0.0002696525881873099,0.0009163599711062431,0.027499990183369197,0.09783526955986893,0.2238590349327805,0.005498186256302624,0.00047062993752606397,0.0030285282831506257,-0.00014730225685874538,0.00790047332613812,0.0008866536753517368,-0.2553291070066085,-0.4284216886969879,-0.40523717064809883,-0.620587307206048,-0.1443642788717238,-0.024969172012795526,-0.00010215327431850034,-0.03933498672134185,0.0008675246643320787,-0.0012348490606260837,0.018836791211832505,-0.0060710478208035115,0.002728576215483481,-0.10625429547718751,0.10925641934007273,-0.007114310941178647,-0.005902356781426554,-0.03397465174014676,0.037759500925803276,0.0398997779815714,0.012077424173066079,-0.049342109814299324,-0.017552563161895417,-0.04699188905637272,-0.035265459931737804,0.012182768368140444,-0.0002448032978628165,-0.0005202995820853614,-0.7478827327536091,-0.005293613505317117,-4.710882431466332e-05,0.04887200916737212,-0.023620375545349563,-0.0022122819975405527,-0.5418286942640833,-0.0075898212426760685,-0.343248018140697,0.15700746473095864,0.3157066522415091,-1.4077756270298016,-0.26067528142677726,-0.008230287877011907,-2.785112383856827e-05,-5.390076727145151e-06,0.002282606312149872,0.15460404100005254,0.132324558237621,0.0980683301930818,-0.03262662553803846,0.12743156425087665,-0.020814743977488347,0.033747833726800715,-1.9742343845277164,-0.025969600080283765,-0.08555916247777658,0.15118053745483312,0.2728523507690821,0.0021147458047632867,0.05167242686242913,-0.020268337655177094,0.15676361645230266,-0.13303669846249397,0.06762792697383167
0.014022223998229888,-0.45695387736987914,0.0016297424743733186,0.00019369453356945658,-0.02331790842481181,-0.01484273495207334,0.014677723738386746,0.04581587095129126,0.016092478179508388,-0.010703928996851514,-0.029049304494989985,-0.05650624313250795,0.047319469889844507,-0.02938295338434389,0.003965784362343189,-0.024616760437928778,0.10333638321748533,-0.007398086077095319,0.07226969033616598,-0.036284762520417575,0.06264300969550494,-0.0322285269139449,0.009375612248233797,0.3426420806852049,0.0,-0.00025865350789918876,0.0009056445510620887,0.03053080750814476,0.10088952883021374,0.23711749133882315,0.00536467847462951,0.00029865570491216975,0.002994119349933748,-0.00018585588169052776,0.007916498607639991,0.0008751925628493857,-0.2693940371350277,-0.42916310153804477,-0.4193509287391152,-0.6698528514834203,-0.1358809010170247,-0.017247421823472747,0.00016907800478193404,-0.039591359429930716,-0.012474018888249906,-0.0015434824794918478,0.013280547976019162,-0.006943165093531087,0.003947555680983889,-0.11194413125756565,0.11137621393913696,-0.00893704571709817,-0.006645554416393222,-0.032471989143663144,0.03592599591575316,0.043793237226429076,0.012156047007123428,-0.057646987135054575,0.061415912333552855,-0.031075369194990706,-0.01110910059428904,0.009543650688053842,-0.00024424668605597775,-0.0006235763456157134,-0.7141324576441119,-0.005293554185245982,-6.426448360186005e-05,-0.04404407285994581,0.12045188055783154,-0.0027327252814927667,-0.5486627295591735,-0.007000411359853275,-0.3748108384453944,0.1667159519397488,0.31818307093058557,-1.2082899409634353,-0.25682289365357563,-0.004424051750633874,-2.7509048560763633e-05,-3.446058244062827e-06,0.0022690977574278807,0.15229942974501526,0.19046301730292575,0.0998742513487295,-0.02402796345055582,0.06061334279255864,-0.001997218540999916,0.03633700535418492,-2.049396694436482,-0.02595526667731053,-0.08438375498290993,0.13652070368109392,0.00020745950286156354,0.006346665907559397,0.04713216886714482,-0.011879722990241792,0.1593713858930233,-0.12663193124622185,-0.007042709329627155
0.010244499603191189,-0.4502181316110002,0.00040353000871581944,-0.00361187282375623,0.026862944178883484,-0.01519798983759495,0.012505537419385307,0.04365562725881378,0.01789427588430189,0.002729719322475899,-0.04196560319145065,-0.058696564590635825,0.006724706234425011,-0.028841888891220916,0.0056590935347933845,-0.018634597662095978,0.11008211023609579,-0.007744959030263761,0.035310314975598195,-0.041176093097628014,0.06018576633068052,-0.022100329891277137,-0.015203419329646905,0.34300947636854623,0.0,-0.0002547511881814385,0.00091590080487481,0.05449529674002009,0.09013496590588256,0.2225434572769044,0.0030125327132240177,-0.0001462256098051285,0.003314503795680506,-0.00017850902038570756,0.007916914654670839,0.0008751925628493857,-0.28937978946748605,-0.3293633558470295,-0.4070991345352039,-0.5418678089761297,-0.0928889962502473,-0.019515808957501282,0.0009057868813199035,-0.038803788793605826,-0.010785936539404163,-0.008616386306564972,0.014247620562437712,-0.003517361545061383,0.0038301341793370402,-0.10649468157585602,0.12700958610657484,-0.00728968954809921,-0.010999575944603265,-0.032828799851373366,0.028118406399333933,0.03982126678662982,0.035287686758716026,-0.025907191523150852,0.0595854068773016,-0.06109825719000192,-0.022099874598102958,-0.01891307175955487,-0.00024454471640243425,-0.00036575707741929247,-0.746875533065438,-0.00542874434874729,2.583069614801347e-05,-0.05416764735086975,0.11811294372844963,-0.0017948145961765426,-0.5183024802034649,-0.007607237410523597,-0.36187943827318836,0.17246581217364698,0.31721136126148075,-1.1832268763772082,-0.19904447314343712,-0.004104174211225771,-2.7486821592422605e-05,-4.2898943072625174e-07,0.002275441570760436,-0.12040038187339053,0.19770874977792266,0.09421719617664454,0.006609315181289622,0.09592117273312219,-0.016317475058948108,0.02756276573673913,-2.114402460663828,-0.025998945003987174,-0.1057230230043778,0.13655813131214375,0.0031679374595656425,-0.00669877610112118,0.046114973510439645,-0.010363997640920117,0.1666297541386029,-0.069105730829341,-0.0022277464447562874
0.005045478668398986,-0.42181066502797016,-0.00492018778404542,-0.0014263137862846635,-0.015839355231136235,-0.013430094588146245,0.014814641192391894,0.04624736306543471,0.01618062569734867,-0.007858721066776701,-0.03816030981779017,-0.05843897218776497,0.04520899711056314,-0.030415645119862878,-0.0019101414381452126,-0.011686449861746892,0.10966672393723349,-0.006899443689580189,0.08361847822970916,-0.03683360133558706,0.0364393278821955,-0.022350145829479272,0.02464702252533989,-1.0798451528587192,0.0,-0.00028252119677359556,0.000977578157532751,0.035202164555893346,0.07608729690204925,0.22736185229605235,0.005395773430452276,0.00043237779459753985,0.004440269833595523,-0.0001363009032939063,0.007905579517245924,0.0008751925628493857,-0.291108094461612,-0.3162589441155396,-0.3861211762745637,-0.6361882741948461,-0.14829631907494736,-0.01664202079183202,-1.0510826739572415e-05,-0.04053889193060231,-0.011767922764021558,-0.008941282171983377,-0.003511059584513894,-0.004808374481398218,0.003582891490761265,-0.10647731296766133,0.11248072287869929,-0.0015366072948586457,-0.00821727213535532,-0.02658783725231015,0.035659362577710754,0.045470312983929666,0.034667238589455494,-0.04241219680544555,-0.027338641866378098,-0.04199193240217695,-0.02876046782153314,0.12477148135543856,-0.00025030527050164727,-0.00038330696666297106,-0.7301401637534776,-0.005417900144959785,-9.761356932449575e-05,-0.0057225663852250456,-0.0341341263407381,-0.0025183873578355654,-0.5297666832153771,-0.007085963210647024,-0.36133532979888977,0.17140812904594804,0.3016588266429889,-1.2099285936519455,-0.2657126772255862,-0.005926844489436357,-1.72978370447226e-05,2.470709991061726e-06,0.0022750761698651246,-0.12211333673851582,0.21385884330736452,0.09110034210099774,0.0011108822900502515,0.07947538388884692,-0.0018717666077705997,0.05746276269915145,-1.8729305848764137,-0.025956328819430927,-0.10713266262494982,0.12940521606218086,0.00028062241882212516,0.0005176334773083173,0.03900476831325852,1.3894731417798512,0.1638406421901388,-0.06438770164822336,-0.004307795432570564
0.007355077840561327,0.15426492714046894,-0.00622146240605538,-0.0031896816095386693,0.0007212302922008484,-0.013792206100357002,-0.002073377140280684,0.09815394252797575,0.015049150937795061,0.0027442460470747374,0.007875770866198695,-0.060878766347795404,0.0036087321297023777,-0.02874363000894079,0.0008166786550851125,0.0003805055386178036,0.20286865552817734,-0.00776846222397023,-0.013370934311448613,-0.04615801956866961,0.12808426722288768,-0.020056315766024943,-0.01835983535570453,-0.30517293301364606,0.0,-0.00027089946116990994,0.0018142675742183765,0.03788032030495355,0.08764721698476538,0.23608913414777588,0.0018005872847651969,0.00042507597505567603,0.004246607119566308,-0.00019248585937044804,0.010157113280740477,0.0008807523205178402,-0.2956122496882676,-0.333521334066501,-0.3649651371092985,-0.24612788843648525,-0.12061651428983323,-0.02640590812730462,-0.00015341297750496384,-0.04139888355196482,-0.013935492053204507,-0.009102165734115219,-0.00017644615418853832,-0.005483580029314172,0.0005751685568364314,-0.10885758189387608,0.16263780744044565,-0.009188448858762932,-0.0052977978570055515,-0.029437068453688698,0.026324179039498324,0.039874560285968356,0.04608663608850517,-0.020653974577178935,-0.008684643217671054,-0.037695906176206655,0.011822869429395436,0.02823793263523804,-0.0002610224847829613,-0.00063461517935946,-1.4964087815437188,-0.004252428647128201,-0.0001871531149849391,-0.00471380415014167,-0.02995226045037226,-0.0039750245814719545,-0.505031794780395,-0.007379251210618774,-0.31638812469515853,0.1877817634732873,0.303569271718336,-1.1723985684102545,-0.16809461705957715,-0.0076634152609988335,-2.395820891141449e-05,1.7934056081858116e-06,0.0022755828159633147,-0.08539465419766203,0.17997086411195862,0.17936369249869358,0.03480317272657462,0.05933367328758999,-0.028806454957169228,0.05210476454942557,-1.92286252872807,-0.02592766907165495,-0.05968076353956471,-0.013506199615107323,-0.012836162699353072,-0.0028229503539344137,0.035754237464414244,-0.016298580980275708,0.16582215790878674,0.039201618417848604,-0.006362425300336268
-0.004692374429692765,-0.46142506296196967,-0.007944844683480416,-0.003724050195310614,-0.027047833710433934,-0.009784600772846996,0.013817523702259497,0.04666258514168125,0.015916671255593078,-0.001348571546020855,-0.04085357282269695,-0.06109891499475055,0.048267772395214695,-0.029211340408822513,0.0015557916939849888,-0.026139568208884453,0.10621392291156606,-0.007409513213782106,0.08101419615560565,-0.03748530878405391,0.06147240305074462,-0.022144571668302217,0.009472561532769968,0.3391180791946581,0.0,-0.00026127804907496684,0.0009191740507124707,0.0308414407658903,0.08691446629765952,0.23339225461099858,0.005470944940338952,0.0002633980941473416,0.0027881624544259186,-0.00018614752469602716,0.007919714547683818,0.0008751925628493857,-0.2894956597256991,-0.32979117551025927,-0.4551274418641287,-0.5653513986954595,-0.13844204180099987,-0.01574879243801978,0.000641631421745792,-0.03873794804164751,-0.012270590577632612,-0.008365631442732054,0.011051998087281594,-0.006822845053369609,0.0017175989235109317,-0.11172670981329126,0.1292128227277374,-0.008690150755886644,-0.013632311127861525,-0.031530422939798984,0.03479579739398329,0.04231197394360723,0.03582332309505213,-0.05135021712329088,0.11656008295401876,-0.038873835819104766,-0.01081116682642426,0.004065449867000316,-0.00024500335832780144,-0.0006183878625331521,-0.7359942809346105,-0.005297478227518068,-5.576040883645868e-05,-0.05927026817237753,0.10307843141864978,-0.0018703978144835483,-0.5270053157057175,-0.007529202981674255,-0.3775085516886354,0.17332949864772504,0.31718294374216066,-1.2133950115020076,-0.2985648515732568,-0.0050947121830270435,-2.7509048560763633e-05,1.4738134756093743e-07,0.0022721857632225523,-0.06268166441437974,0.2136179890950694,0.09844944373500882,-0.02036290985357549,0.06385730739508223,-0.005410951826239127,0.03603358340488732,-1.9294517463779175,-0.026074906278880924,-0.0848214704616895,0.14102252050580658,-0.002104640486570451,0.005983402122888651,0.04851229082199355,-0.015166300052846216,0.1662154462895117,-0.1245906400182048,-0.008912282438222764
-0.00415098646824685,-0.4607498556668431,0.0026045369031667256,-0.0011471713094353571,-0.02754212747999578,-0.01319819561652818,0.0028145864638209096,0.04619728356133687,0.018035866827648156,-0.005114838903324162,-0.0407057912830889,-0.05581655103944258,0.04770656595775975,-0.02735159252732115,0.0026831307745471683,-0.027770385519508705,0.1079477292513437,-0.007843346231748309,0.03293437760813269,-0.036312359831354016,0.046561814125818064,-0.020550941204014062,0.009488935712670926,0.305465006302471,0.0,-0.00025273733757986023,0.0009188159912697679,0.03559232960380062,0.0753505160749741,0.22812052328197863,0.002164122326926248,0.00035377333698727623,0.002969932832147281,-0.00018519824172852923,0.007918352913298296,0.0008866536753517368,-0.27539077362147196,-0.3291049601749327,-0.4442211805471654,-0.5464351266450617,-0.12432219541453769,-0.015582980653036585,0.0005157719650201442,-0.03699033940847904,-0.012192191297736263,-0.008102089680450002,0.011097671650959571,-0.004297600653866327,0.002228053763737382,-0.10738538915996293,0.16116909948250474,-0.00894955807573078,-0.009411766319991795,-0.028247578795888375,0.03903011924740761,0.03540225917811938,0.038382968623675455,-0.028833261138975788,0.11567154515149528,-0.06225436475660891,-0.023488543036109043,-0.01654827640247554,-0.00024168071507328761,-0.0003530890133392733,-0.7564496880853001,-0.005298692027001968,1.0155576716918067e-05,-0.06288459957862187,0.12400328897531185,-0.003045967773898249,-0.52636707044595,-0.007662817297012073,-0.365515713971214,0.18652750837983187,0.3163972857951051,-1.4096007346343966,-0.24584893847246783,-0.006906931393955042,-2.737224234665701e-05,-3.37981790006009e-08,0.002271404040955971,-0.1185499851190645,0.15523767913114503,0.09129177849119445,0.018207646094224695,0.08854404876288062,-0.026381215811535325,0.04195030592156979,-1.9633591735632372,-0.026018511727861876,-0.05036119589889813,-0.008988388512685522,0.27495209235455337,8.794052824925502e-05,0.05033781555163808,-0.020699631128279994,0.16397127895431485,-0.017624256775839307,-0.006168921935874596
3.0062352657495977e-05,-0.4568386470462715,-0.002933767579869688,-0.0004714688568724633,-0.02587421366077272,-0.015403001665039726,0.00470935137104776,0.046675214132221685,0.016834566569445767,0.0026548277163967455,-0.04031590178559224,-0.0520272864186042,0.04929252544722051,-0.027953966428848055,0.003885356389364243,-0.020897838400595784,0.10921529210889379,-0.007894228289708701,0.03175201245283475,-0.03799767474005109,0.06775672628726559,-0.017437881340829794,0.009873197756385049,0.38177398184029754,0.0,-0.000259000674345143,0.0009129806996953857,0.029684020860882905,0.09038751394003382,0.23913165655014787,0.0054972270008726565,6.386649647966118e-05,0.002994530211010259,-0.0001509961686019159,0.007916033405183357,0.000886645010822313,-0.27550241828353245,-0.3167464150261328,-0.4301800654119659,-0.6088026573892705,-0.1337450952803067,-0.0246448233627103,0.002297400946713494,-0.036526511367626316,0.020586087615912955,-0.00821463460394083,0.02172681068588339,-0.006846496203828634,0.0018664251419043345,-0.11240765768663626,0.1296303825804037,-0.007312003767816076,-0.013271866453083044,-0.035013896431808245,0.031853724438533036,0.04020754834725055,0.03361964749010327,-0.027571893645708407,0.05208458943578904,-0.03393061107879702,-0.025931868952797636,0.00324593765486486,-0.00024372788535036377,-0.0006173883924796798,-0.7453489415430335,-0.005292544678151044,-5.6862697643922224e-05,-0.015195150465314949,0.1232798277448464,-0.0011485211562793994,-0.520391035777313,-0.007777354953940652,-0.3787867917203524,0.18211238734880178,0.3172205784882821,-1.4224309818156078,-0.2843878626859223,-0.006865978298857604,-2.756832578686799e-05,-1.8172343724076167e-07,0.002281513713139625,-0.0597819443720789,0.15628754525963268,0.09504154550438525,-0.017703352348198285,0.06807040441398603,-0.017672658420861038,0.0337418177757734,-1.968647175777986,-0.026055379708897732,-0.08191307539268546,0.13701509865386888,0.27265518148629325,0.007422384321318505,0.04892938694366409,-0.017468047517617966,0.1642059861412834,-0.14478066308236134,-0.007356976857947702
-0.0011664357464627826,-0.44258243264101765,-0.010861456926877022,-0.005389443383518907,-0.02664299732728157,-0.011941134167863353,0.006089473891176512,0.043843947007257716,0.012378235315155398,-0.0014013346397951706,-0.031588024248934025,-0.06000278233286172,0.002853209540325012,-0.029396193032484814,0.00631098471326166,-0.021764309862132954,0.10906591186670017,-0.007454421125804613,0.035479741395429386,-0.0434038977148832,0.04726162149694552,-0.018792077880693144,-0.01736739756718197,0.40711409630367495,0.0,-0.00029591920875197123,0.0009772444953185743,0.03422279536303212,0.09796995615276471,0.22315109371350153,0.005378432394949436,0.00033543283416088515,0.004080871415687167,-0.0001367741923326752,0.007917032699905381,0.0008752012273788095,-0.269153227488217,-0.4295699663846624,-0.36481529578612265,-0.6098009253569548,-0.10659815604928759,-0.01689827073300472,-7.457016626165413e-05,-0.04237501215838126,-0.011168234745413366,-0.0018999687635950849,-0.0044314686364971,-0.005394175898382758,0.00310612937120585,-0.10724176970171868,0.16570995767631494,-0.005870899798886849,-0.003754884417761441,-0.022535704907473742,0.03568985825724375,0.04171473159828001,0.013117003777685618,-0.02587125288590072,-0.007711401881029935,-0.05234830750581257,-0.019820150054394546,0.0014230685416038139,-0.00026071319787911574,-0.0004410329587741609,-0.7583901056662604,-0.005288782542338192,-0.00012057216305009389,-0.006317557914888513,-0.034193780895209226,-0.002049742724376465,-0.531107537429462,-0.007531470004064253,-0.36721023151806087,0.1763529343022197,0.3161351987594511,-1.1869998464334852,-0.1700346739706118,-0.006899003381437893,-2.404591689468687e-05,1.9934475951842667e-06,0.002277206365862041,0.1168866108807184,0.17293705373163876,0.10422980647527895,-0.016529140861830455,0.08479895670651963,-0.00044848237260304845,0.030575933905712747,-1.8959616717399022,-0.02604768568640813,-0.033250453465756113,-0.015595284175915344,-0.004054781167981205,-0.004130522829295508,0.05123138619511385,-0.01838015517504139,0.154713540452018,-0.09181608537840373,-0.0033078707823772507
0.003549405516382499,0.15635201172617694,-0.006826755886135634,0.004193754086663205,-0.02594810428746449,-0.013713544399890478,0.01474443562578494,0.10034070663690521,0.016654905623905435,-0.00011691287062521807,-0.03500584025326991,-0.06079419499196391,0.006127055857816471,-0.029606089851744934,0.005821078530511084,-0.009726529500329604,0.1957758423359426,-0.009497203743598933,0.03370057468436584,-0.04560267900702892,0.1314667449921496,-0.024118384886555922,0.016245017546922647,-0.3705584318905497,0.0,-0.00026105148204108293,0.0009159256160245987,0.03595327705091915,0.08340372513686874,0.22868713816522804,0.0026852951064894716,-0.00015034519661278025,0.003342921990822428,-0.0002443936080622076,0.010148671075540919,0.0008692998725449129,-0.29544470912810217,-0.3330679251238373,-0.39744081802292686,-0.07725778982264356,-0.1274082537297977,-0.015789545653536435,-0.00017587510737904864,-0.040634214166563314,-0.010027164210570885,-0.008678547985138467,0.011006815719240873,-0.004662271704224944,0.003711301192234535,-0.10819010495723008,0.10898847435778793,-0.01045254150283781,-0.007725834645915752,-0.03212538778292381,0.03654729852743654,0.04065115059526845,0.03579717012161905,-0.025130237505489275,0.05480541853970629,-0.0575655176279366,-0.01480686216083285,-0.014272095460436958,-0.0002451874971449977,-0.00035367566516757506,-1.477246251546201,-0.00426040234724283,-0.0001376471298223952,-0.05673422188328124,0.11482128688725725,-0.0013001114164614678,-0.5041784783424247,-0.007469519957817338,-0.3692627880477689,0.18365239269856598,0.3072028538954705,-1.163262713883236,-0.17695502478099986,-0.001087448991567107,-2.75144298226659e-05,-1.44041593354167e-07,0.002272759215193879,-0.06069817721672975,0.19684153314058475,0.16478856461456345,0.047148494090570855,0.0816953734743283,-0.006802635136537011,0.0404321507150461,-2.148109865017268,-0.02600390043760091,-0.08460763366674803,0.14358990320983225,-0.018772198367601543,0.004181816590157936,0.04883939080376199,-0.008564006691165246,0.16354091440357246,-0.08275645451917059,-0.005934889939325356
0.0010734982745727777,0.1529980791047076,0.012483141950133152,-0.0024098755933368143,-0.0157675698498435,-0.00783996312039226,0.0013822775328269528,0.10087075135912199,0.011893071563844526,0.002377169909578128,-0.02305999815404975,-0.0571156848107455,0.048984338551184184,-0.030868669547968405,0.004973110785474788,0.008072356163881855,0.19806783734648883,-0.008060349723493095,0.025105672807906546,-0.04935378018768602,0.14496485295640754,-0.0238261653629228,0.008799545263576177,-0.3464509193130288,0.0,-0.00026243129692372176,0.0009091348018245378,0.03899404515237742,0.09385548735623644,0.2347325499813485,0.0022849968295214416,0.0001254140279507973,0.00312502197829896,-0.0002082428589381592,0.010113765002659349,0.0008692998725449129,-0.27486794241670226,-0.4175287252700723,-0.41476082368638945,-0.21216117725572609,-0.13525517627096775,-0.01657307570831977,6.980796072741255e-05,-0.04251966334909782,-0.01280725765815661,-0.002062001062147205,0.011977027876734832,-0.0064381577563662595,0.0003732539555864261,-0.10385698014205948,0.10520568832630471,-0.003444028626666532,-0.005794495519694791,-0.03287313991869887,0.028159445793675384,0.04673752612865543,0.014519375701381948,-0.025038680780212666,-0.030547897870477382,-0.024495352439101593,-0.03251820299789311,0.001558226990829941,-0.00024505382075806585,-0.0006730876656462738,-1.468857431583932,-0.004255490813118971,-0.0001585917015593562,0.041894948489270646,-0.028707902042569237,-0.00266635225802572,-0.5307164081421015,-0.007423891983864283,-0.37247057458127997,0.15868394053916926,0.31122408188924416,-1.1970695409813747,-0.25701721913668185,-0.006349145917760105,-2.7434408271557053e-05,-4.343425657263393e-06,0.0022685028407257325,0.14832921436961116,0.22317544608518633,0.17884779184372063,-0.02556278191930768,0.05715753683263388,-0.020300871272393172,0.042615951305183176,-1.8638358461358797,-0.025844677187310573,-0.08627732696134756,0.14234443563446805,0.000332652207304644,0.01530758161433792,0.047341052827550946,-0.01788977708531852,0.15841417245294453,-0.06558258163863835,-0.005435591685810195
0.01062601353966387,0.13985587517235082,0.032069113397289524,-0.0017401067908226343,-0.0251105202335875,-0.013083054421303192,0.005221807361774566,0.1015766683021438,0.01572859733133311,-0.0037097414025725147,-0.03553379216600419,-0.05822852721012062,0.04888990592644969,-0.03120641317034873,0.005118871202172335,-0.00903717303857943,0.19728386263422223,-0.008807143478528923,0.027003382243837366,-0.040484476907093364,0.07921894372811149,-0.020882768737381038,0.025976630096373455,-0.1349121306050125,0.0,-0.0002551194534258019,0.0009031084143419534,0.03308525011889608,0.07085756409956845,0.23796042208863294,0.0022764693910532533,0.0004164975427695666,0.0030577822482340286,-0.0001855986101938394,0.010149250536564562,0.0008807523205178402,-0.2836762889045944,-0.3076940176767205,-0.42149525577632035,-0.1584623909625068,-0.14886173880149056,-0.014734288864884936,-0.0008928521295115464,-0.038819509012603476,-0.012593286951792673,-0.008444426723746418,0.010753540562230634,-0.005865025767003207,0.0022191559564158155,-0.11064466397635887,0.1328513066235131,-0.002534729104365582,-0.01263676707505693,-0.030743201946603644,0.04088679531280007,0.046950937633795875,0.040936529643903145,-0.01772670950364397,-0.034733407477463146,-0.03567781822228646,-0.012967947454832533,0.008509920557226646,-0.00023610877016565788,-0.0003326247697442727,-1.3517455118962178,-0.006166959564593722,-0.00010651542489663728,0.01862039762303986,-0.02676797887059281,-0.0024162100490230654,-0.5104123118288051,-0.006223300279811066,-0.36451237168983575,0.17851563676684243,0.308863161827708,-1.4281949521174708,-0.2872559901219842,-0.006847557658615211,-2.755455574230062e-05,-3.2850765751950865e-07,0.0022707985110610404,-0.05812718775204317,0.15928992324714455,0.1485122855490567,-0.012687534488429268,0.026869102107749957,-0.02898058023513275,0.042903989699656656,-1.943484438266987,-0.02589811152980775,-0.08893976403155901,0.14872952062846262,0.21453734312747266,0.011062581281774828,0.047247173651423786,-0.01955054044736881,0.1613854682005435,-0.13167723512439813,-0.006223528420913332
-0.0025347767621600966,0.049458821897708484,-0.006339209507897784,-0.0009553087801380507,0.016965328393947633,-0.014683426193897375,0.007634091025704878,0.09985024252594939,0.015470291235468026,-0.0008092156068603007,-0.028882162553310272,-0.05645190058335364,0.049784194088963854,-0.02399319490431651,0.002846383476110117,-0.00574865333887256,0.20177563621932976,-0.00766152338950175,0.08258300729029067,-0.0439053143916365,0.05891773003279916,-0.021872509821564124,-0.015891270698586365,-0.49269981673150753,0.0,-0.0002820706029729489,0.0009651448015145647,0.023648772263789884,0.09733308790088344,0.22355847912110455,0.0016919508932364499,0.00027032917720663595,0.00427836173974681,-0.0002418271064496645,0.00803804693326655,0.0008692998725449129,-0.2744968361000144,-0.42075682578514917,-0.37878048272630815,-0.13682510223588873,-0.09931080702614407,-0.026562502738846933,-0.0007620687266636804,-0.041529078900253216,-0.010141709928036086,-0.0007662455189852979,-0.0001842607770059519,-0.00674333473807821,-0.000446944656559385,-0.11082705691566325,0.10788675694136983,-0.015040356800124043,-0.007696149925210063,-0.03200314895573407,0.03027712863312723,0.038417937351399874,0.013160230876097244,-0.05609162053712834,0.13055643319074123,-0.05853789061313165,-0.024277006943803005,-0.021643946184473364,-0.0002601320433838875,-0.0005037912093198227,-1.320261381875219,-0.006441436915619954,-0.0001054605173439048,0.001607908547922841,0.22954160590586567,-0.00228562570240848,-0.5256062053440632,-0.006801178955017742,-0.3743253343723685,0.16521301869579147,0.31308884925640135,-1.1463753203313964,-0.2629084862632745,-0.004746539468126237,-2.3440329419120443e-05,2.883548706352576e-06,0.0022777828429708454,0.12165419099896146,0.16182923310294275,0.15537241730213783,0.04671701815636836,0.052965953796828655,-0.021990510513840468,0.02617621323986127,-2.100622946105975,-0.026066549993696203,-0.08578978309302077,0.13555500623575054,-0.02515860287899055,-0.0019060032393881609,0.055997738734402065,-0.012266248891697844,0.16312516924584222,-0.11463658546205059,-0.008645759606322275
0.006780064084420511,-0.4523387127954091,0.0037493116104064888,-0.005064581386689884,-0.028168556078726044,-0.01291251490469442,0.005836535950665336,0.04385424759841714,0.016061008913802483,-0.0011773751932037415,0.0032678570166023947,-0.05746038639583646,0.04635206215569736,-0.030195203857173912,-0.00012687300879206205,-0.02221440217455123,0.10992132304992236,-0.00825088805572301,-0.016044489427744925,-0.040122004420879515,0.06300379034942981,-0.01952445060117605,-0.01638698517574366,0.3640552009816829,0.0,-0.000256913548715502,0.001747175258707668,0.04943983381533143,0.09505542254351357,0.23390108329319464,0.00546496872622755,0.0002965907335957072,0.0028929898340990952,-0.00017626744030394283,0.007915115005106964,0.0008752012273788095,-0.2885960953421742,-0.31620879050933387,-0.4097684055250305,-0.6758734577522248,-0.1352458404379994,-0.01496480588198026,-7.0647941354397e-06,-0.03862994712567675,-0.012220414988221498,-0.007659921218477504,0.011033693604924049,0.005488239850911714,0.0051626887383152235,-0.11074425421672342,0.12029483744260941,-0.009406842996660735,-0.009176769010728157,-0.02733598096635476,0.03554813061218751,0.041714413829747214,0.0352442870525317,-0.028675164908413656,0.06242327209997774,-0.05311473633970537,-0.024738069113882672,0.00440091379506243,-0.00024249638897538595,-0.000346072773447399,-0.7520588576397496,-0.005288406060319228,-1.3683513437117808e-05,-0.06132096412655554,0.1382807309938457,-0.001495251691620539,-0.5176101612725412,-0.00782262687725606,-0.3061157981725464,0.18729031055563702,0.30457935740861825,-1.1959705779651946,-0.250820610717729,-0.004386131868031486,-2.4542367959026224e-05,1.3803659011378948e-07,0.0022692281244802185,-0.06852390318835629,0.19452352454123184,0.09887611101591458,-0.022338911090569635,0.08984656211393993,0.020843417246134168,0.03428305767277205,-1.9931212468034005,-0.026059172337208534,-0.08733746989730852,0.13877869876406626,-0.0030044381686685846,-0.007025249328591679,0.03397002266937387,-0.0165064680631753,0.1657035514720794,-0.13817602210915864,-0.0025472264992651926
0.004906390281474195,0.15118212799446282,0.0018001266359134616,-0.0007402810028211537,-0.0249571903280809,0.0077366013335636126,0.011536670697677175,0.09750044572013367,0.01728517500598301,-0.00043460826006791947,-0.04080830853148948,-0.05662816019851887,0.05117447827210379,-0.02840530335705546,-0.00025744972069018015,-0.009228822390421365,0.1973216915457441,-0.007938538977559374,0.06345037212190811,-0.04298513795484806,0.13217285854342636,-0.0233402590493637,-0.014573904142367462,-0.3491992242898617,0.0,-0.0002561297350705009,0.0009287020609917377,0.028995190542126247,0.08759827727012638,0.23120651070852347,0.0023360350537663904,-9.357810631307408e-05,0.004396166574324564,-0.0002445382849752324,0.008036834315408865,0.0008807672492684856,-0.2955580712472998,-0.33005631495430177,-0.40552373691325133,-0.0746058893884133,-0.17406316535566957,-0.015879233518170482,0.0007091736029224094,-0.042040024352777754,-0.010202532843654374,-0.008135353879076936,0.010878560606976881,-0.004750997274842314,0.002408515364724627,-0.1108797275735036,0.10912752978982501,-0.009949006705643854,-0.00862729025485145,-0.03338399177875324,0.03586212045597595,0.038920256416210136,0.03381925138326385,-0.04891512045056523,0.059130228519877835,-0.061982078013012455,-0.013620133280361001,0.019496118261686814,-0.00024206043421211515,-0.0003745292552118842,-1.473829843428897,-0.004271101018234171,-0.0001310733563988992,-0.05573594804095013,0.12972196132807468,-0.002383098205163874,-0.5080667285654079,-0.006554735750423744,-0.3698597010083947,0.170421788119896,0.31150543542206843,-1.1637920721548696,-0.24377805918589132,-0.0024499280781034353,-4.1834126365224904e-05,9.103186183799342e-06,0.002276364885577693,-0.06960452037596553,0.1958292829059497,0.16689020634923235,0.01971313123028399,0.08337706138632464,-0.027930284521916718,0.011261391749379136,-2.00478450150974,-0.025865525916654104,-0.08998046176206433,0.13699392295635532,-0.01273357564283701,-0.002660219581497038,0.05417392551028946,-0.01587397468599602,0.16374013996719597,-0.049106492517701134,-0.006753220069379446
0.011090388569080413,-3.2923287763648146,-0.016767990531426937,-0.003302829657038406,0.022091133701326274,-0.017884253261154535,0.008317078861187951,0.2684453935128489,0.013319778869284567,-0.020784243226937275,-0.02997093076920425,-0.06622690959014901,0.04610602351901257,-0.028577236410094835,0.0026068885477334635,0.03407595804615515,0.4924935044076736,-0.005739913121969479,0.07518882507165725,-0.0519002200768961,0.25321633943289945,-0.033697956865389865,0.01978706710355758,-11.064260439518105,0.0,-0.00017593582230849303,0.0009381017199508861,0.020205121681966184,0.08542698629135398,0.23550409741833048,0.005357118838785012,0.0005410349178814122,0.0026331633965794793,-0.0005975461178206508,0.014758147879550324,0.000859620062785731,-0.2892036577272694,-0.5458962683073668,-0.46443543735882525,1.2613627716965456,-0.19752176131524754,-0.03492619298714021,-0.00043489097865077436,-0.045333481764604146,-0.014753551100982846,-0.0013008051073816473,0.006459173227541883,-0.006446335166618323,0.0016086419178815378,-0.09075529735665368,0.1381820626725181,-0.0008248290468522209,-0.0003089917439376786,-0.02937002228406053,0.02673918523344624,0.04466180516991699,0.019929535517897654,-0.049392123283361115,-0.023943585128306542,-0.0933061592782183,-0.027322224661744294,0.007276412193389761,-0.0001552725612678907,-0.0006134080604527387,11.63136396461268,-0.014439273239009058,-0.0002793976225895314,0.030753557641000843,-0.016381568312732457,-0.026219031069829354,-0.8404444956175213,-0.011480106077721023,-0.3699456758079264,0.07178097424112925,0.2636479525759578,-1.4489158554124284,-0.3258193542546855,-0.0109838003479964,-1.70433139343732e-05,3.2138247416187647e-06,0.0022878519061654695,0.12358947761874439,0.17693272897733198,0.35710915818687544,0.016687093249124246,0.010900872767424989,-0.012004389309314235,0.012111075267807091,-2.0048098790372335,-0.025586282723850114,-0.07361942888693439,-0.02319309769688652,-0.0010145475253844065,0.0006100750665010654,0.04583952504147514,-0.010644198681561237,0.16333729297648075,0.1660499418232997,-0.006649097363978837
-0.009395394499377242,0.1568173150759613,0.0327739207889963,0.0019073834319584802,0.011171486169996732,-0.008284108237745691,0.0011683645537905738,0.10075853131123493,0.01566404945914136,0.002387789553812722,-0.02627352105949449,-0.05880472377867049,0.048681597262501354,-0.029053599828075587,0.006374561768853183,-0.008260018452787394,0.20121937509329785,-0.008616134525487863,0.03195254140428981,-0.04109700640521995,0.14205558772427895,-0.02594841885402212,0.021212558312985342,-0.2900186667461732,0.0,-0.0002704518688092075,0.0009406944422137048,0.02086514081597272,0.10072248091963949,0.2263980179420433,0.001868708035468739,0.0004077689447945681,0.004308917621671893,-9.692357402103061e-05,0.010150063160243776,0.0008692998725449129,-0.29707074702372205,-0.32259954572743904,-0.4153012481961327,-0.13688498652154746,-0.14615447700676656,-0.03284563229837196,-0.0011416788656742197,-0.04313637868955283,0.04893316506425662,-0.009132226312155056,0.007228593175779759,-0.007309425794810136,-0.010738836343179962,-0.10429209184277845,0.11076108689048797,-0.0029662403511222213,-0.010075691763455047,-0.03506570819116628,0.02769972019810715,0.04252985042786071,0.0324783517387588,-0.020681949658030708,0.04205400994285862,-0.027767154830003936,-0.021861271129916877,0.008461552313421395,-0.0002604911220218322,-0.0006367887954142381,-1.4791340952020788,-0.004258931061466063,-0.0001645361994407862,-0.004924683148818309,-0.032635326596081905,-0.0011879006108834963,-0.522576495205063,-0.006151630035788436,-0.3776406039284078,0.18508236803746342,0.31305847398799097,-1.2203619602137734,-0.2549303497597355,-0.012279796119327188,-2.3116348289667615e-05,2.8115523241968455e-06,0.0022856720898306,-0.02230184803505418,0.21009571030291482,0.16147297466767813,0.019670923796833446,0.05941524111016854,-0.0025596048071920155,0.03606758987311906,-2.042700489639698,-0.02616571674209407,-0.08385900683858129,0.13642717036596855,-0.0013428310565759913,-0.014765908430445448,0.0469475344085789,-0.015958239486958195,0.1603291760088989,-0.09735016445914231,-0.0063839019670928155
-0.007647866460400117,-0.47125376862632007,-0.004694268074363594,-0.0006773477875293919,-0.027383854925795016,-0.012897441986840648,0.0014266354022278514,0.046387545626350064,0.016664013871430506,0.0021012687748775774,0.00809209804571384,-0.060093963837690015,0.05034812914004955,-0.03353414571902471,-0.0018992329605606324,-0.007837697475272465,0.11243113861678693,-0.007783305514644056,-0.017340704261454898,-0.03974494754102908,0.05475522034405128,-0.017564764473225518,0.009416413480215217,0.43211078269312536,0.0,-0.0002627566260476778,0.0017558998612655955,0.03652946212482252,0.08984140380352071,0.2449846420583594,0.005495948389294696,0.00030927311272967005,0.003115949535707854,-0.00014575488464550347,0.007915913886341405,0.0008866536753517368,-0.27550927742860937,-0.3024912189630284,-0.40667629340282063,-0.7367832219788585,-0.11558850965366813,-0.023268294294575224,0.0008972448112702499,-0.03854808351374527,-0.013817338912035463,-0.00848943583409609,0.013574356853115642,-0.00585402121953964,-0.002985351742513706,-0.1146428778583539,0.10608114976308264,0.002148806438745946,-0.012413478165883708,-0.034988774699819196,0.029191446645590004,0.03932446602471796,0.036373232062399195,-0.019080542100592093,-0.03384026288433123,-0.037218693345735396,-0.0150228389207996,-0.021497677211276062,-0.0002440515562454539,-0.00040978192692561977,-0.7610698204633285,-0.005292104779479551,-7.020057244958381e-05,0.0717404238439475,-0.03801608363801799,-0.0025774550677480613,-0.5244841719718698,-0.007841598082440174,-0.31216380184027254,0.18576146308565325,0.30336445189306604,-1.4182242467882678,-0.24928444202566535,-0.008188808856292465,-2.9574047967532278e-05,-7.453782952086716e-07,0.002269366712807229,-0.06121145370751953,0.14555236468539057,0.09416856858794896,0.021859110098980058,0.0748900618068646,-0.023827991925571314,0.032305915191001934,-1.8812312894497674,-0.026041702886921255,-0.08248725840976846,0.1373182361202363,0.2761231677913779,0.011320178680354799,0.0446971469887693,-0.019894260772198885,0.16457337755715143,-0.16015790772925995,-0.003143204762907908
-0.0018843951842269638,-0.45335224151593734,0.24886942347684546,0.00022025164347798149,-0.027484072303843518,-0.014244930153394134,0.01170130356277204,0.04660889345342335,0.01614400740683714,-0.005020757513872009,-0.03080016804029512,-0.053335300129776136,0.05072288132976846,-0.023398154638329054,0.00152373010830222,-0.022816843740854107,0.10917700354909175,-0.008768530874612651,0.08267856880212834,-0.04046556443115642,0.054407801889721254,-0.02321015881596454,0.009710487578048148,0.16783711937247905,0.0,-0.00017766327517115037,0.0008937808442983991,0.028117110772753105,0.09893193231000606,0.2376499082510916,0.0054520545036082805,0.0003955894651830336,0.0025154093386350455,-0.00015268961331259249,0.007928434776953706,0.0008752012273788095,-0.2891183968830867,-0.32828325088230303,-0.4251153924010424,-0.676126246780287,-0.09324319661893087,-0.014893230259326283,-0.0005135419756284034,-0.039215271634052085,-0.012597410678097078,-0.008935221797536776,0.011078165289113219,-0.005424180297024966,0.0033747340612136274,-0.12018325947542476,0.15875513528721236,-0.007973922577442965,-0.013413185280551517,-0.034503963874173815,0.03722888013776417,0.042195028548512946,0.03148454783916296,-0.04654926422416025,0.06370596964445095,-0.03526466463467069,-0.00987852035040435,-0.01987506621737098,-0.00020551118446502362,-0.00024608603547015564,-0.7446939872598414,-0.005292707631054576,-0.00010210810824893127,-0.020617190498421208,0.11934368813578432,-0.008529762294407047,-0.5246177976536414,-0.004949633180165949,-0.37160195677345004,0.1651932834897514,0.3140714354205936,-1.1793604381436682,-0.26068674095201794,-0.004785081242346458,-2.082021594028675e-05,6.515265441515951e-07,0.002281632726212809,-0.04010030926493172,0.21367837163075296,0.10020117786182947,-0.0029044781728238193,0.07977128104054086,-0.012037434188069294,0.02690493665514987,-2.041741290616831,-0.026019666279055085,-0.03823871770823324,-0.010576392724057746,-0.019628565230763974,0.0026015102249436544,0.04444628600574029,-0.005647020191989482,0.167814485322466,-0.09984672533184857,-0.0030571841695642534
0.0010342907379875324,0.15133333183779935,-0.006092926882389136,0.03496300440791526,-0.034853822727865996,-0.013762502704312821,0.0019181618496319122,0.10157995155006655,0.015987652266437176,0.0033673590326335754,0.010765457329121242,-0.06050504769749157,0.053218111679952614,-0.03103993925969639,-0.0008245861573189174,-0.00666245675347519,0.1982541876449783,-0.007901305305365376,-0.019892746547114166,-0.044527156442486684,0.13122732965379502,-0.020428636869287996,0.009782918286989326,-0.3709383465386906,0.0,-0.0002468223963812115,0.0017502846719452095,0.04141336182065396,0.08027519253955741,0.243130455754702,0.0023284828691511315,0.0002943342778925919,0.002806195843396908,-0.00024426857126582795,0.010151480038052645,0.0008693148012955583,-0.294731207262492,-0.32003139587671536,-0.4172539792664412,-0.2731872777515633,-0.10479062692983668,-0.016236209138761497,0.0005396615284137779,-0.042017694056448854,-0.012583124185780874,-0.008723854376453254,0.013663201436668285,-0.005423445455396542,-0.0019662423685144234,-0.11308310026179878,0.15874599174326862,-0.005989000556083083,-0.01141582709609592,-0.036294744046298365,0.0289997393602399,0.044295892146440155,0.04322095673058766,-0.028861375963548243,0.06059200567898165,-0.03973703030673496,-0.022013583125978117,-0.019664115199925156,-0.0002449480733109457,-0.000351988953896417,-1.4663919518699422,-0.004261367203382663,-0.0003034328019551993,-0.058005545757397435,0.11634636525047622,-0.005238069398055197,-0.5267495261888335,-0.007566743950778777,-0.31160195078930825,0.1874447826905287,0.2993875819459132,-1.207354443321264,-0.24836871782719586,-0.003669781111318915,-2.7492931518945778e-05,4.148142300395991e-07,0.002274184594330376,-0.01869916984594188,0.2107812667321617,0.17045453536239388,-0.03265652527036255,0.08125982362618149,-0.020695337179512167,0.03334304484639085,-1.9055676603810832,-0.025989979139752418,-0.024421508111749184,-0.009374967503056964,0.0038943820054676277,0.00987773691780003,0.02638973352582901,-0.009106635048840914,0.16578013938647843,-0.034895759272016116,-0.004747451866316711
0.007626863110530555,-0.46071358409734825,-0.009858559784987097,-0.001167767205398743,-0.02656025573031462,0.03702222225378429,0.008541516037005327,0.04584837810132833,0.015889601756643997,0.00042566068839265827,-0.04045764391905094,-0.06267277924017076,0.05080858217263036,-0.031659540959147074,0.00039286361233415617,-0.020946379003814,0.10795462620420791,-0.0076652925388681886,0.07948378374058572,-0.035529084746030656,0.05221029775290449,-0.025858986899316656,0.029192855203567347,0.4957838425233917,0.0,-0.00026015867424649417,0.0009251574266379705,0.030575855266201064,0.0755460798646859,0.2255070174853706,0.005683896265231144,0.00033185508235949573,0.002901824256572582,-0.00012579558893598936,0.007916060690994887,0.0008752012273788095,-0.2894497423480014,-0.33039175920551833,-0.39333404915318226,-0.5456614536973285,-0.19417286825814573,-0.01483924289475422,-0.00041789564558880946,-0.03966858332602052,-0.011054255847005591,-0.0071614966451519595,0.013567047202630564,-0.004020393403790867,0.0023533502272739073,-0.10994320296150059,0.10957875739743059,-0.008029833590891029,-0.007714808638706412,-0.029968304263031226,0.02656323107981472,0.046509423599876004,0.03235228339225776,-0.0410475167050533,-0.01877041221359038,-0.06219582726101072,-0.015692308011493964,0.01646295035381439,-0.00024522464441527266,-0.0003549667039088421,-0.7607319069008903,-0.005290559566674239,1.1725102324014064e-05,0.02958225184023035,-0.023445323810705927,-0.0016197769826735823,-0.5153949167109467,-0.007339922557414043,-0.35599961453966605,0.16008606741294812,0.3119009421501316,-1.2007945401655093,-0.2493855906404577,-0.00668455424365899,-2.7851229949329148e-05,1.224755714599049e-06,0.0022685383502398,-0.10338379035786932,0.20162298802585082,0.09327576039000068,0.05747471388102233,0.03250907203567821,-0.01677501543163081,0.05888355593181046,-2.0771469071357207,-0.026033928290628276,-0.10732189814590554,0.14922369538673055,-0.014679313557164146,-0.0008511467124786952,0.040115512184065734,-0.0015777320608002879,0.16713782603455848,-0.0625632072057001,-0.004026978766601223
0.004720183254973422,-0.7988225234308332,-0.011278866145170135,-0.0016954516388792715,-0.0231874574090999,-0.016297524097214827,0.01066600383610068,0.04299796596347113,0.015389726915819876,-0.006438490408437962,-0.03717570489871326,-0.06234540625637086,0.048112906348734864,-0.027363382384246248,0.004340050096566201,0.02733967080555895,0.10982713969865512,-0.007912236510364108,0.03347611532030045,-0.022252727094635695,0.24710246083410195,-0.033964392334210496,0.01989746125994806,-0.026325867872417856,0.0,-0.00026677177495737666,0.0009058071501130255,0.03975844633608079,0.07893261636580563,0.24962534217370047,0.005700646189231492,-0.00013677641806360096,0.0032988505105018442,-0.00040573291142279836,0.007917463693422073,0.0008583847758915815,-0.28874007291582493,-0.3149264413919349,-0.47547942150618355,-0.666807349758008,-0.15837998019001692,-0.016932867038699246,0.0019434811927089694,-0.03868981644809567,-0.010237195860538997,-0.008897483094846401,0.014509873009879503,-0.0047019721276161,0.003890735778213134,-0.10727912465388159,0.11271398662011684,-0.008664364106528048,-0.012066457445289345,-0.03060297902119836,0.03859259050796989,0.04464146519217479,0.03719582640399516,-0.025590285760260068,0.05236310496171277,-0.06698654661970051,-0.01714130721403455,-0.01223057114962861,-0.00022477062300253932,-0.00036493841125436187,-0.20178529634711195,-0.009134614059670816,-2.5634850424956278e-05,-0.05719314100115413,0.12306685410413631,-0.02377519139962469,-0.4966484334543898,-0.008857931089982403,-0.36833609610817486,0.0966555523438045,0.32351638839435204,-1.1763616618537065,-0.29848970676159164,-0.00553377532507232,-2.7297879603983112e-05,-2.421726236684734e-07,0.002271542441445057,-0.06562691332465213,0.20092019532901562,0.1264655603594816,0.04837938681646707,0.08005242338185782,-0.0067061085908840905,0.02739752789621281,-2.098818048315598,-0.026074060058864028,-0.10202482283050193,0.08676372577264692,0.0028609745065950633,0.012428812308030572,0.04165441042422632,0.0076440066671868544,0.17247556629517963,0.12099453527078462,-0.005538829641332614
0.0007444258797716316,-0.4280567624927054,0.025259145078011237,-0.00456769363384176,-0.029657122686679978,-0.01615358439532646,0.004901119366995951,0.04413604044931192,0.0167876768452999,0.00030591450163812195,0.007702029202493565,-0.06006911681714518,0.05187028954147151,-0.030383108742506076,-0.0031030251443448613,-0.02789189828225107,0.11130055297289518,-0.0070395659904902,-0.016771918576598308,-0.03920332734586436,0.036965194697745354,-0.028650615931267963,0.017199332346134605,0.45573870818920154,0.0,-0.000231225357474857,0.0017017258788603793,0.048744911931231275,0.07807001535084317,0.22931771803797285,0.0056747850758088105,-0.00014162542401696955,0.002906803000694406,-0.00018719834913591809,0.007916950623785092,0.000886645010822313,-0.27543073009415614,-0.3178159246194865,-0.4051728269553437,-0.640740920883736,-0.13185916748031604,-0.016512102051082896,0.000313263283673811,-0.036201373649872734,-0.011456542408259534,-0.00828160456879778,0.017419822579033944,-0.0034830728032381976,0.0035239816174200073,-0.11335533418612266,0.11105778152104497,-0.009799671959948136,-0.008746797583935175,-0.03289603551895769,0.02622667744857434,0.042545176218183156,0.03476947850927793,-0.026501079831444285,0.05834381482430201,-0.05336510105400635,-0.026025556912398082,0.010278030990759175,-0.0002320540864656957,-0.0003131347071786832,-0.6927251897916026,-0.0061190418778701485,5.094479714041029e-05,-0.024501319075887613,0.13144304551034597,-0.0023532536019208947,-0.5289045245323131,-0.0068282504143620925,-0.2762327950059693,0.18222324874676066,0.29184604083611493,-1.3871894659724635,-0.25168586295986395,-0.013408405289505447,-2.7436667066757615e-05,-1.9067365599080273e-07,0.0022708295727288377,-0.1229187297043488,0.13441311201129597,0.0887801934771869,-0.01781367979388231,0.06603944529097831,-0.0060741378185862685,0.03322090981529988,-2.080451638044264,-0.026075780470501752,-0.10514058859260428,0.14086758678167105,0.2524554466277089,-0.0034709412119546712,0.03260106382492738,-0.024737798105482947,0.1728311666938568,-0.14143087289894843,-0.006470687971569668
0.000727385316030737,-0.4516377462562228,-0.0015007930100488396,-0.0016100420592653473,-0.023474573602654068,-0.01137248848352472,0.008716773298655944,0.046232460134450586,0.016476052222114103,0.0011874489113331739,-0.02900024038520164,-0.055951742126532686,0.04956338388445004,-0.03048662899855206,0.0018675719026713777,-0.006795599736171329,0.10964953837828532,-0.006131941303300704,0.08562801917249509,-0.038817810018543904,0.06174917536461751,-0.02515692709924947,0.02385586956677618,0.46275910615393245,0.0,-0.00025381395480376717,0.0009196613586246063,0.03314221173663952,0.09825561788704999,0.230607657131195,0.005467599404546275,0.0001089835135998414,0.00277756665687682,-0.00012962492420082078,0.007916651569701321,0.0008752012273788095,-0.27077565075804755,-0.41545799712710757,-0.4095088761056483,-0.6943227148509901,-0.14742723842837693,-0.016015773084870084,-0.0005871934670491418,-0.040986739354999864,-0.013054292843260162,-0.002064729550355117,0.012802205483498095,-0.006051898037776841,-6.259692777424024e-05,-0.10739712363990957,0.11378747457140799,-0.002859047520295115,-0.0034369363734917608,-0.030002606489322698,0.025636428059516075,0.047428677515790295,0.013446356139265769,-0.04732152261682652,-0.02848668504830355,-0.03202756166997286,-0.02171117185961026,0.027361383119834805,-0.00024404825939397875,-0.0004201854375716722,-0.7460049344338702,-0.005290680677975794,-7.033295783022811e-05,0.07388128954609377,-0.029375025316446198,-0.0001699015933249713,-0.5476872115318541,-0.007676317358862788,-0.3473516857956635,0.15545135221528872,0.31565282036415926,-1.2042820184506258,-0.26202417560157404,-0.00807246983522127,-2.7810586038696835e-05,2.608965289335404e-08,0.0022681464667505414,0.11927588163170522,0.19301918682439403,0.10471675490793717,-0.03525807048636757,0.1208058759517345,-0.0024072706774114203,0.04151412831586848,-1.9165549311066563,-0.0257922625425283,-0.08711743081537997,0.1430975848273285,-0.002968578778159619,0.013746208329665728,0.03827571890084245,-0.009063681560981163,0.16034369235925097,-0.15915765225077302,0.06784246731642017
0.0055327036056842345,0.149193809942543,0.17054131971741837,-0.0026666972301336907,-0.02687357810971517,-0.004484346819034533,0.006637054541374566,0.10252648015532712,0.012269021929228865,-0.004190421972440358,-0.02825003682341946,-0.05725181212861524,0.04870628324833313,-0.021175480290710716,0.006176177379718884,-0.007386020613051327,0.201542432009653,-0.007581645339583296,0.0350767397701166,-0.04555588072170965,0.1418876378697984,-0.019916296842535226,0.019821475245815397,-0.553880000466896,0.0,-0.0002508744281712526,0.000895306481210337,0.02455088080851621,0.08051455533105278,0.22862275142936694,0.0022924581371288424,0.0004149329638113914,0.002149126607015933,-0.00024487396134897894,0.01015988109259902,0.0008807523205178402,-0.2625567201567014,-0.4330967108076131,-0.4518317419282631,-0.1389219361834189,-0.13709747403039368,-0.02278474197214649,-0.00024222349629721496,-0.03841072987477862,-0.011558255961550608,-0.0009298298276329414,0.01037644817036619,-0.007535451190812723,-0.002641201298498422,-0.12125662489802382,0.11348472341917205,-0.010016251459026742,-0.005541641932087751,-0.03528770469925051,0.03579451798856844,0.04409272423495034,0.017823985810591428,-0.0346127643558305,0.12185087928767527,-0.058510991392994385,-0.022266699909026598,0.010830554112883266,-0.0002345301931173246,-0.0005439476045547684,-1.4569267824725265,-0.0042613725177216445,-9.847130054454444e-05,-0.05828446931652595,0.1183561246117757,-0.013738495761308093,-0.5316373862228193,-0.006627426386446262,-0.37244861389795714,0.16236427011375443,0.30647911816031026,-1.4197677982765564,-0.25058639753531436,-0.0074419716934229505,-2.0805135811552825e-05,-4.6619688902136696e-07,0.002283253328478911,0.12634921058756116,0.1287394185782712,0.1612814029616591,0.03760300669260007,0.06434986826884073,-0.008860863439707939,0.017671245883467225,-1.9861279635661595,-0.02587456213143952,-0.08075779657190871,0.14164658630872382,0.267447808767653,0.005076219799002741,0.04094431342968638,-0.025325404143068695,0.15697548388456434,-0.08203825214058058,-0.005624299510695471
0.008574580598882428,0.1495416521814335,0.0010074835383846138,0.0008308988205581108,-0.02104507685687668,-0.01088998982470235,0.0023027931671748113,0.09985821330672007,0.015759463826706656,-0.0009362601395351006,-0.02713287753409306,-0.06014145665181222,0.05236815864996729,-0.026684343043797062,0.004350891206203349,-0.0012050259567081105,0.1978520025158874,-0.0066244149383198146,0.06718367611473618,-0.04731646052602262,0.14110337455376956,-0.021220057083887318,0.009328462375035939,-0.3272543734547648,0.0,-0.0002568939862306627,0.0009154061649502931,0.035770520671145535,0.09606336666167128,0.2266792136393002,0.0020867991276388477,0.000270573218357911,0.0030397607029063354,-0.0002328772337567006,0.01014894416098788,0.0008807672492684856,-0.2610854547886235,-0.4308542895046932,-0.4257079469497687,-0.14186245822846827,-0.1352035953961724,-0.01538394413071162,2.8474295621746922e-05,-0.040055394851460834,-0.012494356391558928,-0.0010498665854893965,0.010315156361353477,-0.005404456529735681,0.0011934035376802866,-0.11059109751113917,0.13010114306262913,-0.010893352825158097,-0.011315337514114144,-0.029550085153629273,0.04146453640978889,0.03702932651126106,0.01485806413483529,-0.05819383161102343,0.06258912697326169,-0.047195049040725474,-0.02709674697723323,0.004368313544445277,-0.00024406312222059642,-0.0003494969158983619,-1.4623420423520885,-0.004259472851084651,-0.0001027944127485856,-0.016932366791229097,0.14293020236507561,-0.0028313577138133813,-0.5342262923566746,-0.006538506744468119,-0.36970775630635916,0.1725189446707402,0.31295662651922473,-1.4162125076112189,-0.29088940534865226,-0.00811132969814185,-2.751419693557993e-05,-3.4790079571398155e-07,0.0022753026351401014,0.13286689583489747,0.13305510165781026,0.17049493488421053,-0.02317057493988221,0.08291004698144293,-0.003106574500378605,0.04202299646306265,-2.1222736199903567,-0.025832173381075532,-0.08432244112203946,0.14194201242451132,0.27591647903631494,-0.0114992549632322,0.0533070507137011,-0.02083864251143549,0.1598428332756716,-0.1215775345230681,0.0014022389510516056
-0.003368942851337623,-0.421725556630337,0.029685987547742335,-0.0005385014173918196,-0.02667178708510571,-0.0071523759777402714,0.015184262979556246,0.046480062907062684,0.01666376857613938,0.00011932240613941213,-0.04122919904168008,-0.05664470819501173,0.05072868246767141,-0.024656172666740136,0.0031430707187618725,-0.0333312957980834,0.11089391274256429,-0.008639407690015002,0.08696354805423578,-0.03840855941282272,0.032668724572313984,-0.022864788101450893,0.01036520506489452,0.38554959464390687,0.0,-0.000243594819981332,0.0009027571472724244,0.02951305436224225,0.08865065660999157,0.22515033749936092,0.005366937224383875,0.00031323579304176743,0.0027135192741918313,-0.0001864168752098589,0.00791574168282057,0.000886645010822313,-0.27536269775810157,-0.3177204678875909,-0.44078832193436857,-0.5411781504063007,-0.10142880052709728,-0.015139541184089474,0.0002451195638543906,-0.03665699621812151,-0.012405450808003135,-0.008422351375910145,0.01430032734094888,-0.005679446286700897,-0.0014693758399148811,-0.11217513059043269,0.10990016949461673,-0.010462248790812406,-0.008664595485549407,-0.03385469257855498,0.02753261137204498,0.038060000297443594,0.03353192593344754,-0.050447639416798466,0.1157449723681723,-0.04934264395922663,-0.024286954360298953,-0.013668199522061886,-0.00024179304406133793,-0.0006228742320994319,-0.7120136628106273,-0.00598091730421825,3.77016814727693e-05,-0.06503935711795267,0.1210405964822446,-0.0026478121962508474,-0.5252283146136286,-0.0072529278716386755,-0.3699176331399574,0.17182600791008013,0.3155571900751723,-1.411487870587703,-0.26241880436888126,-0.004598012299402281,-2.7436667066757615e-05,-5.131211551402837e-07,0.0022713936738800716,-0.12182340823198912,0.15964829904458375,0.08581534276454554,-0.030533637075167413,0.06592461650463875,-0.009406091881046309,0.03663807751652503,-2.045182143199475,-0.02603282117892319,-0.1087712900496782,0.14178668289366664,0.2353331820226135,-0.00210586524441975,0.05042786756872981,-0.019918925309094625,0.1689443560379597,-0.11249924544453482,-0.006617766975370036
-0.0019028231752403022,-0.41531490836640667,-0.009200167284668829,-0.0022890881712836204,-0.028294852119930415,-0.00829678192566243,0.004729436754194102,0.044599289530029895,0.016802141347811328,0.0052888156339385645,0.007881192355822724,-0.06181068661961797,0.04640746754328236,-0.030770014081866446,0.0013485902352723977,-0.011754491963371335,0.1105203933750909,-0.006763059969806513,-0.02478614770156751,-0.04178299951949347,0.03252978911970778,-0.023612366090744612,-0.016349778898581465,-1.1364523104811939,0.0,-0.0002532634444997049,0.001747090704537995,0.05413332990824801,0.09172863430153332,0.23111773934784793,0.005450744672679683,0.00024871605914760035,0.00290061791368051,-0.00014868267534040946,0.007900597616635419,0.0008751925628493857,-0.28901580833982454,-0.31356238677884873,-0.413090156001592,-0.646231921057921,-0.1473623546666701,-0.015769367564586093,0.0028944472862520707,-0.03851031625151706,-0.011411805824777348,-0.009143310130742682,0.013472130968554055,-0.00467141835921067,0.0031756520943287073,-0.11161983324641779,0.10824492231562739,-0.008234330214699727,-0.008754952268621444,-0.034071555765498085,0.02993698761566853,0.039948507587915405,0.03526683595084667,-0.026627309214129743,0.03795215519293741,-0.05729683549610744,-0.02466116390184749,0.1242766982600888,-0.0002268862967358755,-0.0003730853806370683,-0.714812616970074,-0.005422677371865064,-4.3840247062586434e-05,-0.006210384944419573,0.13963526609662202,-0.0005472829726490745,-0.5189463729894024,-0.006901747940305305,-0.3019999492018534,0.17361861870613363,0.2979600516264598,-1.1923224221494917,-0.25290092523826374,-0.008347199664084924,-2.744920398087818e-05,-4.132434719148042e-07,0.0022715527944825236,-0.05782609612808904,0.19580810202722965,0.08910680523789366,0.04446544741133745,0.07557441665277469,-0.004922179194069588,0.028391591344730998,-2.0673000291551014,-0.02603412147477081,-0.07879706812158184,0.14076061168838389,0.0006186162676298222,0.0024351924965419296,0.04419411534132391,1.3919276514237982,0.1724679183457705,-0.17619464405914645,-0.001782358661478071
0.01217928685003968,-0.46033369154980824,-0.0007991881372508871,-0.00029699022462276723,-0.014446463771748299,-0.005903713931089935,0.01051185886146749,0.04526962872640672,0.017395582460052964,0.0006978241997412424,-0.0378225383496012,-0.0534261939753642,0.04301378593140583,-0.030008685053069493,-0.0009070101301092307,-0.008124197092047444,0.11544256826551784,-0.007218493188176814,0.08236144472010407,-0.039302505057117416,0.06675979432011633,-0.022537845780560246,-0.018040818055530525,0.4133340650546006,0.0,-0.00024034402802896882,0.0009157092741947662,0.019803463972530272,0.08905428056268082,0.22644197264893942,0.005446202200594123,0.0002451478666221487,0.004165695293023649,-7.90120765664565e-05,0.007899258189162508,0.0008751925628493857,-0.2897128848453941,-0.30295180695602286,-0.398481758343857,-0.6105215180166939,-0.1358024692567292,-0.026130724444549402,0.0013233269942013156,-0.03970507626474306,-0.01014758832825407,-0.008942733676311031,0.01349604111879917,-0.006671584932404401,4.047060148131981e-05,-0.11095662444582996,0.11121231509080086,-0.009792283721734052,-0.008757017538764377,-0.03495381438872007,0.0269701725777437,0.03970025070516551,0.03476350903149851,-0.04865694800785897,0.0416141073415314,-0.03804808031099692,-0.024713020790008193,0.04165140708212052,-0.0002444804217125953,-0.0006393778692978142,-0.7646844773543756,-0.005415140399844079,-2.7687953083083532e-05,-0.0554730900111332,0.14672159194745676,-0.0017692737056107177,-0.5173899501833378,-0.00713380693612142,-0.37197212205358526,0.1660090173604671,0.3188088466123803,-1.1844670202017766,-0.25823605778524134,-0.005783558842890733,-2.7463842081565564e-05,-2.401759673315587e-06,0.002268735564970575,-0.05751418033081327,0.18475238668992075,0.09894650199786911,0.0415267294020905,0.05667596662927414,-0.02827615785970872,0.00857458170172636,-2.088726523269925,-0.025833036287310304,-0.08777564248663253,0.13564641375643424,0.018244631367354637,0.014086167821469115,0.04905740659669607,-0.014340417678635378,0.1683191798330394,-0.10580549052019866,-0.0031109588312018
0.003805540427677635,-0.44512792168102155,0.044702913408228205,0.0002538403770088892,-0.02378537292233919,-0.008653745865849969,0.009616087889976865,0.043002949747809945,0.015879796100898246,0.00213509639334298,-0.043260289712833404,-0.056463943364252735,0.004707571303471969,-0.0222628228737659,0.004313106233258821,-0.007756310819803742,0.10934920871847222,-0.008772401581837208,0.07573466736264349,-0.04376409350746533,0.05072261976834471,-0.022558924418945005,-0.016624478284217613,0.37771162757290844,0.0,-0.00024522112724684956,0.0008927524742337615,0.03669867470093649,0.07125215275635474,0.23549483855270997,0.00543499934921548,0.0002522398856513404,0.0030453541706927036,-0.00017680034854136064,0.007915536014375453,0.0008751925628493857,-0.2895067498809427,-0.3033264602291577,-0.4102195565782773,-0.5972062445328356,-0.09281414958223892,-0.015294518713216784,0.002643161928276631,-0.039347415000990094,-0.010258131748681494,-0.008864665196815294,0.013876730783048704,-0.004713630499551216,-0.0020197746539192267,-0.11270425979604393,0.12598566887255797,-0.00905794645230368,-0.014271028660912023,-0.032725742217523425,0.02705521507583615,0.04274073392744382,0.03127245794510169,-0.04846633466847569,0.045308556123293674,-0.038217915126231204,-0.009649102934743407,0.00628377530790651,-0.0002404692879400667,-0.0006046418643546604,-0.7426350734381155,-0.005296443782604642,0.0003263260489805304,-0.02958766384895276,0.11653342737280784,-0.004943060913157563,-0.5154970638850875,-0.0071987203277536615,-0.3757824232001555,0.17589098798821196,0.317384006812594,-1.1621749561055015,-0.2003268823309454,-0.005128839238938582,-2.7394328027194063e-05,7.339060743350327e-06,0.0022716835627155144,-0.08315804284166023,0.19744216099089842,0.10117894621100519,-0.041016371433539894,0.05672068763975662,-0.008168458071557444,0.03667766433938519,-2.052952606305365,-0.026052440428453193,-0.10740751813234768,0.13635746310754324,-0.02093314062714616,0.011478879100056263,0.036754910802896244,-0.011830999533219163,0.16419037997238004,-0.11083509731517185,-0.007721000098929977
0.010417591997654104,-0.4229160517102988,-0.002742014421797973,-0.0004226858028535744,-0.024804164356220182,-0.013359721733993118,0.010748605068506079,0.047121619522928315,0.015320443520895271,-0.0006991705218259086,-0.040163630068130424,-0.060141288193426776,0.049918409052909875,-0.029809017216143444,-0.0005764319067808573,-0.013162141672449808,0.10909737824940864,-0.008660120418027927,0.0835607836807772,-0.042460840305389894,0.030334944639838133,-0.02452358603132584,0.009599377907998138,-1.0945150063049478,0.0,-0.0002494560845854263,0.0009191617186587941,0.03659924520044162,0.09203050060879683,0.2288429908092323,0.0054691586933275456,0.00029837674627520775,0.0032676177595200896,-0.00015161656416636982,0.007919624939878534,0.0008751925628493857,-0.2890753042486053,-0.3268174279959002,-0.42445547128990835,-0.5653377777457096,-0.18391859323843934,-0.015235068155711906,0.002700271727122745,-0.039349562750768,-0.012117510529195012,-0.008940585875190084,0.011217465366568943,-0.0050173768124194985,0.001979153353567828,-0.10986368951515872,0.11134277684130571,-0.008570108188506474,-0.008738924161592502,-0.03516794335541476,0.03462199015089137,0.044148985304500135,0.027723063754442383,-0.051287339330019756,0.03647020178730823,-0.03447280605603139,-0.009188076077496438,0.13012939357395034,-0.00022812144443363277,-0.0005700939992500729,-0.7201322049734733,-0.005418483262987703,3.5973953247600615e-05,-0.05742995956139257,0.11840567453403127,-0.004785018473122042,-0.5732748465436074,-0.00765908665956333,-0.35917337703337093,0.16586240468635577,0.3115815866601888,-1.1745286089840101,-0.2633023125988126,1.2376294034224792e-05,-2.7469665371514343e-05,4.6316670551841095e-07,0.0022688369762452177,-0.11775612843940672,0.21630149663901724,0.09530335735049207,0.04909467165294496,0.055103368748209834,-0.004472655311953849,0.03868582294998338,-2.0471653753980426,-0.02604029978420139,-0.10716380626981518,0.13660434367793003,-0.02173657052847338,0.011592778778581154,0.037693772576218955,1.39225527018364,0.1656531740330455,-0.09259271175893966,-0.0020381925403300115
