cm_angle.dist_ctr2best.mean,cm_angle.dist_ctr2worst.mean,cm_angle.angle.mean,cm_angle.costs_runtime,cm_grad.mean,cm_grad.costs_runtime,disp.ratio_mean_02,disp.ratio_mean_05,disp.ratio_mean_10,disp.ratio_mean_25,disp.ratio_median_02,disp.ratio_median_05,disp.ratio_median_10,disp.ratio_median_25,disp.diff_mean_02,disp.diff_mean_05,disp.diff_mean_10,disp.diff_mean_25,disp.diff_median_02,disp.diff_median_05,disp.diff_median_10,disp.diff_median_25,disp.costs_runtime,ela_conv.conv_prob,ela_conv.lin_prob,ela_conv.lin_dev.orig,ela_conv.lin_dev.abs,ela_conv.costs_runtime,ela_curv.grad_norm.min,ela_curv.grad_norm.lq,ela_curv.grad_norm.mean,ela_curv.grad_norm.med,ela_curv.grad_norm.uq,ela_curv.grad_norm.max,ela_curv.grad_norm.sd,ela_curv.grad_scale.nas,ela_curv.hessian_cond.nas,ela_curv.costs_fun_evals,ela_curv.costs_runtime,ela_distr.skewness,ela_distr.kurtosis,ela_distr.number_of_peaks,ela_distr.costs_runtime,ela_level.mmce_lda_10,ela_level.mmce_qda_10,ela_level.mmce_mda_10,ela_level.lda_qda_10,ela_level.lda_mda_10,ela_level.qda_mda_10,ela_level.mmce_lda_25,ela_level.mmce_qda_25,ela_level.mmce_mda_25,ela_level.lda_qda_25,ela_level.lda_mda_25,ela_level.qda_mda_25,ela_level.mmce_lda_50,ela_level.mmce_qda_50,ela_level.mmce_mda_50,ela_level.lda_qda_50,ela_level.lda_mda_50,ela_level.qda_mda_50,ela_level.costs_runtime,ela_local.n_loc_opt.abs,ela_local.n_loc_opt.rel,ela_local.best2mean_contr.orig,ela_local.basin_sizes.avg_best,ela_local.basin_sizes.avg_non_best,ela_local.basin_sizes.avg_worst,ela_local.fun_evals.min,ela_local.fun_evals.lq,ela_local.fun_evals.mean,ela_local.fun_evals.median,ela_local.fun_evals.uq,ela_local.fun_evals.max,ela_local.fun_evals.sd,ela_local.costs_fun_evals,ela_local.costs_runtime,ela_meta.lin_simple.adj_r2,ela_meta.lin_simple.intercept,ela_meta.lin_simple.coef.min,ela_meta.lin_simple.coef.max,ela_meta.lin_simple.coef.max_by_min,ela_meta.lin_w_interact.adj_r2,ela_meta.quad_simple.adj_r2,ela_meta.quad_simple.cond,ela_meta.quad_w_interact.adj_r2,ela_meta.costs_runtime,ic.h.max,ic.eps.s,ic.eps.max,ic.eps.ratio,ic.m0,ic.costs_runtime,nbc.nn_nb.sd_ratio,nbc.nn_nb.mean_ratio,nbc.nn_nb.cor,nbc.dist_ratio.coeff_var,nbc.nb_fitness.cor,nbc.costs_runtime
-0.03269952312148313,0.010049763497965037,-0.027943068275491808,0.0012772654910413496,0.002950242032121388,-0.011877950271656548,0.007623518951708829,0.0030983245755695546,0.0019049571865733322,0.16652477720462217,0.01752520611535275,-0.016824920525144782,0.007453617190371917,0.0038242280046491967,0.011327540172805083,0.030304769628355106,0.11935262433984371,0.09233267800332999,-0.1359574029748794,0.08251569374251105,0.002693192035479724,0.0028517563528332244,-0.001175180944433955,-3.4709878798515033,0.0,-0.0003526926704332548,-1.526821250074774e-05,0.05652009579942848,0.0596452406295059,0.4112092615150082,-0.009639168084301757,-0.0002491204749428716,0.0017570648755006913,-0.0016981499208677136,0.009750690853723699,-0.00022969754283375598,-0.1495223165575375,0.025057276903531392,-0.6485600472580102,1.3652894632519057,-0.01862249548549107,0.022160524877959945,0.009808317064203141,3.485423007490717,0.008943424344479185,0.10407475041884938,0.24143240438689997,-0.02135644614804184,0.10718798917977837,0.2321032491171524,-0.015244618673881253,-0.008980828073856735,0.19168841672999778,-0.006977834980867172,-0.005428869922851083,0.006202351429762317,-0.004282556836383788,0.010589271479479977,-0.0239129134097198,0.014683602627475305,0.41347071640583394,-0.041357833561756485,-0.0001462983996739909,-1.2863933274270692e-05,-5.443065500030382,0.00015262703366884924,-0.0037523337910125142,-0.03174420337279387,-0.02242275134315058,-1.1318550487512478,-1.9688575368077672,-0.5066550270371477,-0.06912279863414657,-0.004964572650811582,0.45619476208107146,-0.6196809248699137,-1.5194979640157535,0.015649566047877123,-0.040775391639564784,-0.0004381904546456694,0.00015272123855557832,-0.029092482977221612,0.42524911762575135,0.5933872369667565,0.009983115145170737,0.07645709691161563,-0.017383471666769172,-0.02025673135144488,0.7312216148315622,0.025816829462402505,0.07349887451509943,-0.009925588700956873,-0.00247633370052814,0.058114038043634936,-0.0005208851815686351,0.013585307874487211,0.3843319440646093,-0.13335084586787507,-0.01453876711796827
0.018702103584494527,-0.023508976272338177,0.022600088371421172,-0.008571977812443347,-0.0013101319464025383,0.004311501088686053,0.13340039633140444,-0.004433252326481109,-0.0074831697871918625,0.2501003944643551,-0.002168359072259265,-0.08578058851563646,0.004095549822945618,-0.01126267711956418,-0.06445723991535895,0.06042988988136694,-0.023218328554735823,0.09677470665714084,-1.291111180871104,0.14591126569354337,0.04752375166834247,0.005026180640851929,-0.0282198431053832,-3.3150245585789135,0.0,-0.00016566155868707485,-3.739870668786839e-05,0.017786762938316616,0.07724164393224799,0.39409903650501515,-0.018553750874989238,-3.776122233462384e-05,-0.01691553655575046,-0.010882880067159519,-0.60127827755333,-0.0017731364779013919,-0.1744037381836201,-0.15963808678191335,-0.7981680003879797,1.3193490991904002,-0.03255236815610957,0.0038424548035879483,-0.046242809921854346,-0.45368142052651234,0.009137841946320337,-0.010941779353758058,-0.005188186239548623,-0.02759920388279026,0.2975457728184734,0.5458434307810883,-0.06489733673414942,-0.002423714775379439,0.4558533029916239,-0.003908862288855957,0.01961314855013472,0.015207507042085245,-0.0013128077516828317,0.010424461946133222,-0.011668715629595847,-0.028528441306104376,-0.12563118164749235,0.4816203247445079,-1.4081610481682882e-05,-1.6527579521834898e-05,1.9841854346307128,0.0005556582382739393,-0.011028797707281294,-0.010877108718255969,-0.050976687978638496,-0.647224400794832,-1.3534674958047148,-0.36787784127129286,-0.05956718846789084,-0.020349709707305517,0.2990506254202732,-1.053026267424722,-2.4670986156171546,-0.03548058298675889,-0.040525754030088075,-0.0024148024883893153,0.0003662169036665214,-0.032137424695932004,0.12345357041990823,0.025952867216139233,-0.4442900369192046,0.09415931461258016,-0.020812414853766507,-0.08891580055838812,0.6962278853107989,-0.013057778273520873,0.06534671100973626,-0.016479820766178068,-0.0022111766039788626,-0.005942046713930769,0.02058173659182523,0.0026638410453447984,0.40603720995172826,0.018736776786528166,-0.007015933257745642
-0.005749694794030114,-0.0010494973226086927,-0.03355587725896798,0.002062890463854149,-0.002005458732464853,-0.016613135609564275,0.018402044261112464,0.0016503594882026284,0.006422078638478009,0.2590266566527665,0.03467586764219544,-0.01439632203711729,0.0049944929990014915,0.012228756691072607,1.3000533796754496,0.023811731059394513,0.10512694075220001,0.08718150734908185,-0.10185733004613119,0.03270989316952045,-0.0043914281166679905,0.009616393861176,0.0138746199649743,-3.5489842640481526,0.0,-0.00023820509428134872,-1.5284873599861797e-05,0.04438205240693778,0.0520931658673858,0.3816259875512508,-0.2724102578390852,-0.0068608507985213315,0.0014940263674448962,-0.0035603274218439012,-0.7236839470711782,3.7588683235220645e-05,-0.10071897520591992,-0.009013360006754303,-0.7318525028447154,1.0729202414616104,-0.020837121450696265,0.0657762937637442,-0.034243808385388055,-0.10648719983610573,0.006085572193395697,0.18775381178329958,0.00148502886635363,0.1004666597779309,0.0762709811033093,0.6447837494605796,0.02905286111120672,0.004458878023489963,0.1608576224644533,-0.002857672009498781,0.01259291600976501,0.006875509017898178,-0.006163697823197826,0.011383324564416692,0.00623351275264141,-0.04206826916436727,-0.07750571617051959,0.5355559004452387,-0.00014667310927875385,-0.0002729497688143005,-1.440211483267703,0.00010349900628826673,-0.0032508968619151184,-0.03500311850159289,-0.029421621643945746,-0.2914206447095722,-1.7711301074933803,-0.2301482069617442,-0.06733585201918448,-0.008019634584242251,0.5061722419031308,-1.0669090877690552,-2.171097478453095,0.00705216212592932,-0.046461225874658306,0.0001522753819859139,0.00030103886655832293,0.2287015144759702,-0.01260839504765457,0.004727518013273469,-0.07296754539299188,-0.09270223840767645,-0.034149880904320216,-0.03460942834000029,0.7654123299721756,0.016372054798202113,0.06989858832931592,0.3369889075220413,-0.007448595300044899,0.056045672556481324,-0.00844735936946656,0.006404571748851365,0.39415090086564286,-0.05137677488940445,0.0030822864242502756
-0.018038589493986547,-0.04987415600036804,-0.0722487799919954,0.0027702198040997195,0.0015362167210051713,-0.0018862540207185158,-0.023947637717998703,0.0030509667682069746,0.01174056835183272,0.24311016306201524,0.0005930378081086791,-0.018216938156578252,0.0069451169532765596,0.008150291987399118,-0.02359207677581473,0.023321503148517678,0.03705336013643057,0.09058746258691783,-0.04142359114674692,0.04734903389876049,-0.006474476058643391,0.0015755916792497902,-0.006010530455865112,-3.884383102612451,0.0,-0.0004570867519119847,-1.3833928523082384e-05,0.04581592157105319,0.07422069632964637,0.3988877328055722,-0.009466140817407175,-0.0001828545974468396,0.0017575527060603364,-0.0033191708289911225,0.01688033338064212,0.00048805443200188254,-0.09571109475433154,0.012322109648430349,-0.6960339651318608,1.2858779594841703,-0.02250890645888214,0.05603535285893837,0.002111528010232631,-0.1096061638090075,-0.00035259068676676754,-0.00824632465603578,0.06372955060163793,-0.018438258727885834,0.008935992888512975,-0.035829403981415986,-0.013296793302024905,-0.0028389380062515263,0.014136313049638439,0.019121892506175173,-0.002278008101666051,-0.0018875587052762945,-0.003438438313921153,0.011440712073627821,0.07923660307136095,0.013775149505176339,-0.09680000115174694,0.607454381618552,-0.00014042401468585854,-0.00030247324607381783,-0.9372888103292184,0.00015263251635602335,-0.003665490384715927,-0.03837680310162698,-0.020044095960585505,-0.2699473311363676,-1.595049542627001,-0.1983118756307113,-0.07625156256143534,-0.012409220892555637,0.6160622916328286,-0.7667990369340549,-1.9942894544111263,-0.012613183600613547,-0.04661963018518127,0.0004832792572733033,0.0001990091993754645,-0.017708693992021383,-0.11216928238199693,0.13506444715465188,-0.07356085674044845,-0.00809437349534654,-0.03396238386924557,-0.054658507328315925,0.793598207699891,0.01970791414240374,0.07055483177873792,0.3806326182635533,-0.016178442201531883,0.052822616552171964,-0.002281109900544854,-0.03333382449132377,0.3821771504962732,-0.08360036966108625,-0.007039094235386514
-0.03760345531971321,-0.008215815751280678,-0.027912916545402556,0.0027617824314800326,0.0019979856022779427,-0.0029460493161277772,-0.005165346476956604,-0.002040948447306727,0.006066027913522706,0.24653645453437287,0.04086431224201054,-0.01801638875804539,0.0053199820211666145,0.007886611738842541,1.3087687327786672,0.027590118911024888,0.034648474463949294,0.07501449710919199,-0.12896372988572435,0.037505144880330694,0.003074385292598999,0.0016043852064332122,0.020408882715074454,-3.72050121981076,0.0,-0.0003748388406889187,-1.5193972367509558e-05,0.052225267064026686,0.06548229012995864,0.4148786451537188,-0.009621691028883066,-0.00017004777234302937,0.0017252390482219054,-0.008684650589649286,-0.7379584449737944,0.0003951885819802256,-0.16288996279241547,0.05346809225977995,-0.6185765322429585,1.2960164700699512,-0.019937264721493566,-0.007013113918790123,0.003301128229886065,-0.11458971707361224,0.013968188473825653,-0.004476942797770155,-0.007426763687292081,-0.018268879886083438,0.10210586986959538,0.19196371615423435,-0.013967859078770234,0.006882447152301983,0.14695221247299753,0.004539871363583708,-0.004413944195831182,0.010542198531069035,-0.0036781864500674715,0.01239889821600473,-0.013044635728981036,-0.045748289390979954,-0.08573458433943314,0.5466101117029223,-0.000146655656828892,3.68956608301675e-06,-1.8093266148127103,0.0001526380772343091,-0.0036922901590176584,-0.020608386012036944,-0.023579700347807302,-0.4927025346317039,-1.2163485192272872,-0.8035292472862005,-0.0687387980088631,-0.0157466445901069,0.1704440469638932,-0.6725157740413868,-2.0640447303936322,0.0015798202120048377,-0.04659667961112099,-0.0005659030779590397,0.00027437941939820686,-0.011504706744172304,1.5579747285010372,0.006470358828427702,-0.006573051814983866,-0.5641568690046923,-0.03499006677828165,-0.0004186954939471091,0.7722930389519955,0.014998577934541459,0.07102825503265046,0.06068192670267454,-0.031671464033410486,0.05754125477734691,-0.006654902994284979,-0.019801257852416668,0.3886727902256146,-0.1399276909944756,-0.003851690462005834
-0.009199844754202092,0.04063604316567801,-0.10198604062553727,-0.07993468314069245,0.0014630391221425504,-0.010772801850519964,-0.01870450269320005,-0.0031186177600522613,0.038596744543296854,0.22562047512589223,0.004190431597598087,-0.020181572167857577,0.005883092087626176,0.013957236004287818,1.313463715379281,0.0313580044095469,0.03970440163980557,0.05708569515062613,-0.08772922177866772,0.030592978997894406,-0.005196526463747512,0.0012541302115966864,-0.010237400009313457,-3.6635558590652746,0.0,-0.0004563585939848683,-1.5155721003250157e-05,0.040631444599623104,0.08729200475715387,0.3808000661783908,-0.011881460812121152,-0.0003288450480051256,0.0014827508258460173,-0.0006069106920803969,-0.709378817649255,0.0002887379983161271,-0.10437840118188854,-0.022606386523755982,-0.7061901785375115,1.352771960821472,-0.019949325090568397,0.07063038532909101,0.021489462133247973,-0.11390014416950142,0.0024291737710735966,-0.01293371912322486,0.07377113329211166,-0.0181409157585401,0.005309198546311567,-0.040093253921727336,0.029237679700305157,0.00917577691499515,0.014195159463117585,0.010313061663043712,0.012749065880281293,0.00014452226375429944,-0.005123408844291124,0.01574798519940065,0.0935158690037456,0.01632581292127917,-0.07535448991763563,-0.04978082885912338,-3.40130281238605e-05,-0.0003119517580313342,-1.8257930830147109,0.00015248150445991237,-0.003879042456275673,-0.045414503742739185,-0.01658786615994965,-0.27563041751927325,-1.2929357371719061,-0.22785968965135908,-0.06512965392399893,-0.009135119917116215,0.5827406149650523,-0.6580868117786253,-1.303631021700645,-0.004048409157422028,-0.05002530480057592,-0.0005620088620087041,0.00019380069257197562,-0.10608370273786416,-0.10986990400704659,0.17776575143078344,-0.07189033881223231,-0.11202741737302557,-0.04012540791973528,0.09312709726446562,0.7973183549295945,0.01434205284327669,0.07083866209179814,-0.013721917483562473,-0.002550853531895603,0.05648764784701632,-0.008607883171317233,-0.00925641162494277,0.3687069160901388,-0.09648679776168036,0.007609151135826318
-0.03745189220480181,0.05573860007883256,-0.03271653621769569,0.011027807817381578,0.004360227741951027,-0.016569513055757754,0.11702025564912055,-0.0057408527052269795,0.03139429543919197,0.2638092605106558,0.020102048201115934,-0.017351455556504886,0.005159137195862161,-0.011029157871153786,1.292481709288482,0.08804638765879061,0.029455274687450784,0.08426526933221476,-1.3066905346144124,0.005228375755277549,0.04708127598712953,0.0020420975065926837,-0.021235378313699545,-3.6314288587316055,0.0,-0.00017339162740354763,-1.2401461821690673e-05,0.05877694401571234,0.07435630400564687,0.40479694139810796,-0.018506022726683728,-0.00018133593136555274,0.0003915721020768623,-0.0005539166697505795,-0.777271755358734,-0.0013758627933183687,-0.10113553780697149,0.05502235240611967,-0.7187599471019105,1.2881568188171717,-0.03328189848672562,0.053451862045358844,0.0021310842816602447,-0.45366242303045745,-0.0014806155018404089,-0.03167871628263169,0.06618646211329254,-0.0024531524692518285,0.00479904816523566,0.7533289386895701,0.025735145762484934,-0.013879067698892364,0.07754718750904847,0.019175685750747223,0.004715233542274916,0.029051480682405588,-0.0047402001246447225,0.011924214786528867,0.00785855023846563,-0.0028744816717221045,-0.05564658171233262,-0.06478274220822713,9.29962614741104e-06,-0.0002980201390036519,-0.8510244516458805,0.0005563324437456618,-0.0021921147260038987,-0.03462797708826325,-0.04324363509960994,-0.3458083191192997,-1.2744933127213072,-0.21632482885918694,-0.06947059965301758,-0.013268394240247627,0.5260452514713496,-1.0924381378643402,-1.5977701643212996,-0.04669939107944193,-0.04948600490553181,-0.0007408221433275003,0.0004656568998132168,-0.01960602445884598,0.19460871490082077,0.11104984216300497,-0.06571233394474202,-0.12349586171898913,-0.05147164105431947,-0.041762013917321324,0.7790960579304386,-0.01930513830131514,0.06892053727381757,-0.014785388526982565,-0.01522678087208387,0.05556304608632456,-0.004990013913979257,0.6326417881033213,0.3756668703881125,-0.34954968745210424,-0.009894699861308236
0.018721560143207763,0.054650732062416184,-0.09654187944921956,0.0024483742284470934,0.006005424032888214,-0.014618987551120939,-0.007366466738468035,-0.0037474657954776236,0.041368105565013025,0.2558138283684339,0.029536588008879868,-0.023744024756500243,0.005414467640452765,0.008976002055477335,1.3029470877040599,0.031631256963202126,0.003988427372771964,0.08159406303691896,-0.13068604618626775,0.04817018970813721,0.00394596392047871,0.0012943131301886785,-0.019237828728467,-3.823792505655273,0.0,-0.0003955600073294832,-1.5150285629353632e-05,0.04487263870959535,0.06814051009122905,0.3924757623822715,-0.009582136251330545,-0.00016646378492358798,0.0017196836036291211,-0.0013427022427370925,-0.7594105433948057,-0.0002303315123714368,-0.14796558082843334,0.09393923377339933,-0.7538157447227236,1.3399858267196147,-0.020568191931091967,0.011535803198061086,0.015965382070809032,-0.12407691075939747,0.012888783091364745,-0.021622423633534407,0.0060809366743706786,-0.003403213427514588,0.10228374708817395,0.057171127226432396,-0.01054857135270832,0.001865306576282974,0.23350700580420147,0.014282970225462243,0.0013990857530692801,-0.002812026885053488,-0.0046156185644676126,0.010269899434632641,0.08725101182029296,0.011165677388913001,-0.10147253446467247,-0.051022231997647334,-3.4923852649670396e-05,-0.0002621152594844677,-1.9184543600875323,0.00015195222494317928,-0.0036410611527850616,-0.044267564887094955,-0.022629913691528614,-0.28597392825499407,-1.474945952532383,-0.2534866196241806,-0.07128924413043324,-0.009598517314833011,0.5466329799429923,-0.8082275627982431,-1.3146066033858226,-0.0039712307717820975,-0.045914318314833474,0.0001633373888741103,0.0001849586133448729,0.06817229125037037,-0.032799256375336205,0.17128905564853114,0.016907913273069324,0.06870067144179746,-0.03724558480320438,-0.038724021575678,0.8311140109781119,0.01993918288205649,0.06694060984723293,-0.01055018770619799,-0.00239752534344612,0.05533500964984623,-0.003152795040282832,-0.018029538102022475,0.38435617114662773,-0.1384129739742942,-0.0015376717056103494
0.01831506406705775,0.05277240375390182,0.02938360380830284,0.0028017050889438547,0.07355664452812573,-0.01718990926743152,-0.008761388747321417,0.00476559624607833,-0.04625726956095299,0.2463542543174677,0.0020239440686575785,-0.01725071648877783,0.007494805049843535,0.0007826504057039769,-0.03538130535845869,0.003082057450516477,0.038359750104264415,0.1014157803753822,-0.054497324895847354,-0.0230904646406553,0.000359530632229726,0.0013073609386229203,0.015641766163615574,-0.5601712225080803,0.0,-0.0003795408756662054,-1.3988817149774562e-05,-0.004722442573982406,-0.01968687762185547,0.16149881854598291,-0.006562008314328273,-0.0002131906671566425,5.7062277378348226e-05,-0.003044575026314955,0.03384429079735424,-0.0010482547814034673,-0.19031044149845716,0.09936903353370083,-0.6910598228556916,-0.38075241496046525,0.0678303493684765,-0.0048597640433521855,0.00014722870650834408,-0.09675168388613986,-0.00012360817026787243,-0.0026346433288922137,-0.010129232840240502,-0.005568823788637737,0.09490995930745617,0.021304311380071585,-0.06161548565425248,-0.014657284639698625,-0.004494511215402341,0.35498649316030817,0.01902824140701273,0.024210178140333997,-0.0713624159616739,0.006970802515405207,0.00428680102543395,-0.03872791819845778,-0.0936061445494895,0.59741795890461,-1.949420453367789e-05,2.9557373204248607e-05,-1.7023427037069818,0.0001039887479505465,-0.0036163162564935864,-0.029953645341986142,-0.02960167199596716,-0.5058297312913099,-1.6918490864688314,-1.5250742311132475,-0.4889178923617045,0.004152929356162086,-0.5795771770558759,-1.011896689374575,-2.0492769448429544,0.03558942081694997,-0.04073462614673648,0.00017835740291538476,0.00015713624714383545,0.32659962787051783,2.3527494912651132,-0.0477362052135741,-0.07595099210780464,0.346519110684009,-0.031385073677521365,-0.04619799584983742,0.7112505233768109,0.020227198810124136,0.05756847446829789,-0.011154658708290067,0.010777192459491197,0.05923407442687327,-0.003930359276321628,0.018650473118731303,0.39707425057236456,-0.12339032385269098,-0.0018109288303803678
-0.01740040619662763,0.0543724545213764,-0.10051448317051091,0.0027002358603505612,0.005027224660382772,-0.019647463250793057,0.09059998083562956,-0.0030664000691832905,-0.0010483538418319352,0.2432933171229958,0.029111213930971516,-0.017040712138510394,0.007463192819896945,-0.005688411217372538,1.2951830252510617,0.08172968883522815,0.03499808830205267,0.09007612497236687,-1.2851531700234753,0.01466964848000988,0.045090925163531005,0.0017870064188793388,0.016081249855041287,-4.091843169209762,0.0,-0.00023446744996734326,-1.453185452789007e-05,0.054764086107831025,0.08539463107649424,0.43704471412305795,-0.018454192920105153,0.00015903943874694736,0.0020586521650692523,-0.007825397252573411,-0.7558544541582202,-0.0012487102983522527,-0.1029194313799669,0.02339112964206405,-0.8306064760978212,1.4414204174458847,-0.011671819734956995,0.0513884997668443,0.00038283045795435274,-0.11757760837739467,0.007316383773531302,-0.014135812705582037,0.9963236726757126,-0.029426839212202766,0.2912318527182334,-0.03261560328624155,-0.01523253054572768,-0.003955051896279704,0.08238701692618587,0.01170422026360656,-0.015966685383604306,-0.008887261719614317,0.0013087101349580621,0.012399720357672233,0.08358654112848883,-0.015481138409939378,-0.07532945889347836,-0.06840433491889743,-5.1233368763202106e-05,-0.00026915475730985064,-0.463979064862911,0.0005561289267721524,-0.0030665787743269523,-0.03861202244507082,-0.045992380700450336,-0.36243827770727155,-1.2709024152505177,-1.4527291176218688,-0.08041536653149736,-0.01635165603573309,-0.6362221298556576,-0.6750974183856603,-1.307756640768817,0.002342918045582721,-0.049754824009420995,0.00015054224095504228,0.00039070325428682023,0.046538806039259424,-0.2548255655229069,0.21780912685470322,-0.08045698498405882,1.4821659663071638,0.19145716962280826,0.02322444301498086,0.8756623863164847,0.012232638393707768,0.07172310558746359,-0.012952974379276946,-0.0017783183465508658,0.06055994491411424,-0.005041783374241568,-0.02808511655637699,0.3770244966323454,-0.3883699858422963,0.0014382317222779218
0.01594447704208228,0.036655410142279986,-0.1264545728750292,-0.0777100288498355,-0.016557087493163515,-0.015597065998653478,-0.015599863796038933,0.0031509157640397397,-0.019848195435592644,0.01136610214202415,-0.0752328685567766,-0.0197002106331844,0.008740262579873743,0.0026102365411559353,1.2835400771543637,0.019863362048994745,0.042168249091446085,0.13205889267045853,-0.0911516785503302,0.0033216679726116374,-0.005069930278753982,0.002442219122727898,0.025410142890526365,-0.9538751234243393,0.0,-0.00034377035715103024,-1.5167020273321617e-05,0.006232363722609763,-0.008302812228185994,0.1676651215794133,-0.006609630414712898,-0.00013071299907881198,0.0009325723012183133,-0.0005320462294655469,-0.7397652582830146,-0.00029768522803510155,-0.18806409397993082,-0.07574291765843182,-0.8115971834994712,-0.3780199711263374,0.07073789621652712,0.07386066096164799,0.010705658832820727,2.2440472518721326,0.00012180351653352095,0.08271537741373053,-0.0029478504351846888,-0.017926794372029365,0.07183422933618908,-0.018907810952781236,-0.026596307477015253,0.06748409904211514,0.07014036988655671,0.2607638314785448,0.014960335230858456,0.026536439303219306,-0.06595077961502908,0.007238600371023847,0.09170477592759922,0.5671041322021642,-0.10263092416934438,-0.039246241067854466,-2.9959455580788266e-05,2.401590416636562e-05,-3.531433507836487,6.11094887833562e-05,-0.003353443394040488,-0.03683011805185593,-0.027767308550601385,-1.259498750693831,-1.429386731016689,-1.5318142203105862,-0.07568431444776476,-0.011228794979839068,-0.7034429741653694,-1.0880101743031934,-1.829561186406336,0.03441674625483301,-0.04310018596031157,0.00014690434764809,0.00014537018067012252,0.37099337801300747,2.3285117668720163,-0.6404873970556672,-0.06471706938500339,0.32697913046198557,-0.02822551666510527,-0.0658796478091753,0.6748494257063331,0.027065086949819326,0.05527003862668296,-0.010821685232662337,0.11761187346153908,0.055632337599713234,-0.005219748001812091,-0.015130099485768347,0.39506296175015465,0.5317300468032832,-0.006595751943637702
-0.032124414680352036,0.020146826123493725,-0.018832539772041426,0.0014147157733933472,-0.0041227658499873076,-0.016736510946598438,0.04244736723582731,0.0024183322213995697,0.008671017178832705,0.03298473210625437,-0.00036345195922103646,-0.01636262041665032,0.00605078707847586,-0.006840973778492489,-0.03834106352859001,0.025208033747350454,0.10481532139848494,0.03589629359072441,-0.0666107387944946,0.0816107957831792,-0.0018678870721083182,0.007297876565400684,0.021583813307126918,-3.1370469341200864,0.0,-0.0003323613289410605,-1.52769224129543e-05,-0.02126098643278328,0.05828590706851079,0.3525879941446545,-0.009571692401747142,-0.00013666094352007114,0.0018187420260417904,-0.007583308700287089,0.0051862180744820865,0.0004128996128808741,-0.15063049682241633,0.037318212165803756,-0.6495563428155686,1.26748732748558,-0.013363589654409733,0.028274800811793083,0.024564311875084562,-0.0798545896040818,0.013049595897396949,0.0012674605369406577,0.03595481768801223,-0.004561209045367524,0.08158486537161805,-0.037953126813463564,-0.02890267900078964,-9.421040618400857e-05,0.19550875549573807,-0.012945117107984001,0.009317997432855512,0.021771621116200665,-0.06670086101661958,0.01133449463435606,-0.05417055228971009,1.3956960821791091,0.6340858048362146,-0.026197457444471522,-2.34465972425477e-05,-1.3085410834771613e-05,-2.6998298365754105,0.00010438147205891506,-0.0031363202685554007,-0.03135372581381044,-0.02838791120181055,-0.7001399876256371,-2.147304036544191,-1.5803180727561854,-0.07454687627978453,-0.011440191757939611,-0.7611642012418962,-1.9263500078441311,-2.0004465809946064,0.022688931021227193,-0.04031573388625841,-0.00044276077815727315,0.00013880159546964527,-0.06485281382173316,2.2596080740134203,-0.004876532791142081,0.029363870606708954,0.34416701391567883,-0.028190451167043638,-0.011950311897173086,0.6403948463576934,0.01603421074814526,0.06203916154771061,-0.011887854699857344,0.007654466280150808,0.052832791703205324,-0.0027005643201180457,-0.009123917273312613,0.3802043666082356,2.2216687735336667,-0.0011090390653135079
0.016771765973435947,0.03301315604894366,-0.07503615991797474,0.0028715436487029697,0.0058625087045539115,-0.013588367373664928,-0.008993818252068823,-0.0022078410391041365,0.042754143589202535,0.24146359923564692,0.019004579565725887,-0.020804064205532234,0.011182148483268964,0.007716144028050387,1.3217352790435883,0.030896823324504743,0.04130324576429262,0.12965534099576626,-0.11373345938072482,0.047145982957696404,0.0015631762583288905,0.0016210469071123515,0.046804102579795816,-4.218703437789637,0.0,-0.00044823676243059535,-1.5174817388455599e-05,0.05102460660687982,0.06620983135820403,0.4384862855561612,-0.009563630469997345,-0.00016366912080758358,0.0016232613919145728,-0.0029732308312062626,-0.7425888003194923,0.00349346041709442,-0.15668861056900243,0.013299320747177698,-0.7024572290902554,1.365526479674003,-0.009077957245807603,0.06536018651116757,0.01583605288765215,-0.13454869326650723,-0.002352062776828765,-0.012630796657819347,1.0343746151918476,-0.0260641808443769,0.007316188904729735,-0.03632888113335644,-0.0115210798581867,0.07847431310397192,0.022318873256445496,0.012168729704194733,0.00785500320037628,-0.004591053280742213,-0.0005640921510364832,0.012971545979603809,0.08849830401876298,0.007907385646830287,-0.09744008486565034,-0.06314114758692826,-1.8935773487415564e-05,-0.00029651829730496316,-1.8076797353581344,0.00015263251635602335,-0.003666822171973311,-0.044684342937514034,-0.020817388968700497,-0.27858905286864016,-1.3887654272911154,-1.4425337630775297,-0.0735921544478283,-0.010714382749288182,-0.6464181371483405,-0.9170686743700982,-1.3114756561007916,0.0009444858625348588,-0.04610584959833778,0.00016755573673935282,0.0001927275392948816,0.05649816127633202,0.035981815252665604,0.16978085543302704,0.052339171804564856,1.4841362153772026,0.11246695737313044,-0.025999386625004457,0.8926624332731284,0.02606781340631626,0.07166754832598592,-0.014530996418413747,-0.005640839483643816,0.04984687980964015,-0.004051949665437274,-0.03098594989444232,0.37819755657741977,-0.12544879996121439,0.004549075716148404
0.017115306932510104,-0.01568211826548672,-0.09693033310353992,0.0034029744760570068,0.0031712933468857206,-0.015759291234045413,-0.010975711709424423,-0.0017268586196698599,0.006673915434480302,0.24774775642772762,0.02466794054761738,-0.022830946813564085,0.0048597154239110206,0.008156596117136861,1.3018024759933824,0.030089931078458032,0.03978428948424227,0.052547467435803616,-0.12772553065680345,0.029513237221386428,-0.00014202182964949961,0.001259230261815848,0.0019819733106200103,-3.7920461548502957,0.0,-0.00047702024565682435,-1.51912245418595e-05,0.04980446850140004,0.07697430499916176,0.38703204095321014,-0.009597709015625708,-0.00025207581621684166,0.0018077143207701415,-0.001122241456656648,-0.7597343271264222,-0.00022772409498061582,-0.09659073405256308,0.13568712595659274,-0.6979135980024682,1.3217915040758366,-0.0002389553506822139,0.06656171638682545,0.017323677052461506,-0.09593541644636282,-0.0010401908554707898,-0.02411361034566263,0.0569783144307541,-0.025225640768406936,0.10264431119241442,0.05547056694696242,-0.028853022154893406,0.014771462125816497,0.21522648842807932,0.013491121493738602,0.005014304846310572,-0.007024543578318329,-0.0008232327743289225,0.013130407009467646,0.07239494971380343,0.018442596584705272,-0.09821646861641924,-0.05992821903729969,-3.277674421197838e-05,-0.00025288090987225624,-1.8923800262957766,0.00015262703366884924,-0.0036784056397031737,-0.04505546308926354,-0.020478267660513763,-0.29162684816464085,-1.4604333672493928,-0.2747390817795139,-0.07926256948762878,-0.014290856740701036,0.5392973148564685,-0.5719001731790659,-1.346259667863238,-0.002964223642666219,-0.045912142160286704,-0.0004406536778929403,0.0001516890334683188,-0.10828362347835045,-0.05364275724427079,0.1697723556871709,-0.06966722027313928,0.06033567195804755,-0.03705332988819479,-0.015830293177563882,0.7855790162660458,0.015229572790274532,0.06700823067558964,-0.021993418743925647,0.0062863671249022,0.056492284728570534,-0.00524471075336673,-0.02194976487623227,0.3784292012647502,-0.14308969852011544,0.001524429040722795
0.27039024657229555,0.0562401693989738,0.05678344706050256,0.0024666176698211173,-0.01225158421366642,-0.013245954766786664,-0.04278113090091071,-0.002636696379178282,-0.021301401776398575,0.1716003938255306,0.023974798926656056,-0.02099955099292863,0.010953857180046395,-0.00012105098419007594,-0.022715141252934175,0.06692537815081935,0.11431610556933869,0.12953589812503905,-0.1452284642048778,0.047750255748661076,0.0037791570520722567,0.005510979001830082,0.026113740178822422,-3.7226893120056577,0.0,-0.0003539109622323719,-1.5167020273321617e-05,0.03676234254798422,0.05427576682488889,0.3863996946745524,-0.02264551314772049,-0.00015087422782084474,0.0012733169708018567,-0.000913656249531436,-0.005245589566818206,-0.0002965088346580647,-0.10090678672319418,0.10029205189015869,-0.7081340200983373,1.3239134229354659,-0.01925688573224004,0.042121314934851224,0.013761525560844853,-0.04221731599860023,0.01626246248464907,-0.0011399999867321379,0.0012754725686616763,-0.01000906941532333,0.09817883530091231,-0.01591244801811353,-0.014903276996734856,0.025104725907629234,0.2047013524028819,0.28352902712349143,0.01658115418189877,0.02560356996737986,-0.0031045606625807417,0.022209740761594352,0.04652800016165061,0.7617544724272015,0.3748159969146862,0.47168105179146025,-1.584384889159526e-05,3.3388006977081157e-06,-1.5767345638932866,0.00015262756130777366,-0.002515737684897285,-0.039569501844573245,-0.020349898419111476,-0.9401587176822623,-2.219127466383385,-0.5034796829730764,-0.07095437978208127,-0.004703954659450475,0.32417069346167143,-1.0689610539416816,-2.2710828328078594,0.021682357967002915,-0.0433828659457685,-0.00044838579362643425,0.00013810632290546594,-0.05211014127959493,0.4515580129090977,0.006281390426854733,-0.06018537336599989,0.10194841800614722,-0.029320755173573965,-0.020516797404125948,0.7267263656818294,0.03150728233954769,0.06768446258677473,-0.01082776700432132,0.006235779017298809,0.05622377803891609,-0.0010480438294305594,0.022981292485924405,0.3785845786839148,0.36399917324144887,-0.008605535804913368
0.014939936101361129,-0.006885903862527388,-0.09877929372015957,0.0027791070329705476,0.010329013010086959,-0.011739352488134687,0.015223073158407763,-0.0008403817319890785,0.009795408169421127,0.24310054551573268,0.02761446918738313,-0.020140717669465156,0.005600959247958469,0.010036445090172253,1.3040785024789259,0.02937342582771573,0.03478525618148741,0.07878050968247649,-0.13000297432369337,0.01237019872864887,0.003360968449935295,0.0016618339731538517,0.04204441016288105,-3.8491534989967406,0.0,-0.00047455743773135774,-1.5139733814953613e-05,0.05247449344906213,0.06994219226795219,0.40255283993657087,-0.009648666595370017,-0.00026606064345798734,0.0014905047995423654,-0.003032249906052673,-0.7610696825146822,0.0034938268088977494,-0.10540161313659421,0.04816617104324503,-0.6819072445988792,1.3326080857033533,-0.02112165628517678,0.058957813882875174,0.008416776361047857,-0.11408974263688869,-0.0021553712901057854,-0.013012955227452874,1.0245951829418352,-0.020883282731502473,0.0024948739574310926,-0.035501408216145176,-0.013455516372881187,0.007323392385303822,0.07727145331618401,0.017338467273902432,0.003914736250292286,-0.0024347191701463247,-0.00173949780523011,0.012918996330414894,0.08990700322294684,0.009656627745802357,-0.09722279183470296,0.6128280790033259,-5.588273512290777e-05,-0.0002599431462335831,-1.8352808812648282,0.000152622228083289,-0.0036876004250150454,-0.04538942152761737,-0.01735441826208721,-0.2912576638419992,-1.352277011902193,-1.449902078213682,-0.06127832257828685,-0.013023316388567468,-0.6362126623948768,-0.6459483942812912,-1.9564892599560928,-0.011125022828060578,-0.046850486256134936,0.0001662776177693555,0.00017085181335005283,-0.013950313544761941,0.031106211399248084,0.171308942166094,-0.07327431593849297,1.4813911312807477,-0.03999645682246779,-0.04944998127625978,0.7801125578763104,0.016295558912212404,0.07050175109782397,-0.011459707524095765,0.003056785341250327,0.057267274606237886,-0.002229712578027597,-0.019730205193098333,0.38391226579448157,-0.13673736231350697,-0.002554917541210619
-0.014730318544063618,0.15856893539156622,0.28465287524780175,-0.07738047426435622,-0.017790394890189156,-0.06525829757216439,-0.28834073478138966,-0.005499409103553573,-0.00330011829817515,-0.02038324285762269,-1.0822074113900377,-0.08421020477138984,0.007692373267989147,0.043738296466287394,2.462334839870576,0.07293244328438271,-0.02294302412743122,-0.007921843892688886,-1.332875682198095,0.17844545656707608,0.04579372182025725,0.00288475160166696,0.00019406286653028226,2.933948402066117,0.0,-0.00011211120015812704,-3.3707534252728585e-05,-0.021766480176636526,0.06695892793259957,0.36229064369966174,-0.01855434457850663,-7.818148707329919e-05,0.0071247042722073,-0.010920830355171668,-2.319583854980346,-0.0017811415636385442,-0.17341513052358942,-0.05198381784735509,-0.7892776483982504,1.3716944803982687,-0.023682386294586518,0.062301916912177985,-0.031957695715000775,21.476326831025993,0.0011612628437552733,0.07223297916723688,-0.014320711689636284,-0.02439681967402995,0.2658215195141444,-1.712800513615008,-0.04901599297299496,0.06054203622311695,-0.00436349619316245,0.6933259100293248,0.027531791328448043,0.029107606913998052,-0.060229943414219216,0.009461989061132573,0.09323504818274489,1.3255646909863006,-0.10187178435620539,0.599020936433266,-1.4175811502804738e-05,-1.6563625918729143e-05,20.885043041573738,0.0005556400613101907,-0.008054713705739474,-0.011865797259181745,-0.021068602544637566,-12.03893792999896,-1.7272970641101737,-1.3846821288615785,-0.068983039477071,-0.06691824471553345,-0.5918599381036221,-0.26948591602754696,-3.2768294895971413,0.025235503124851302,-0.04368301564099865,-0.001828132337346957,0.00016790673784430876,-0.12166418716499823,1.9398717685823939,6.334069273343385,-0.06058415641320839,0.32468021044095907,0.007139098897106469,-0.05111212801943355,0.5945636765680761,0.0032273031894336584,0.06506516422960254,0.06860395151124407,-0.03797930389799915,0.05933048443084634,-0.0012684632794901956,-0.034732821790071707,1.1515197091982023,-0.35958878449789156,-0.00505407640325142
-0.025044974462343526,0.014458403377692606,0.0981646005219816,-0.008780824760083695,-0.008421932499173664,-0.06951594800105473,-0.2647473027715324,-0.013548425303102827,0.11174478271782441,0.027893093747687732,0.007408398211236148,-0.08404802020959541,0.008081499170330958,-0.013746683274255145,4.673262315513471,0.0782410265322258,0.0670278023577906,0.12096508000962457,-1.3145962164611598,0.16061212558147933,0.044735105394428105,0.005377126500542605,-0.008897529620732439,-2.2200550234668004,0.0,-0.00011452530679691484,-3.361786681078481e-05,0.06986361276932682,0.0726873996503967,0.3816252625171806,-0.01856510643386768,-2.348202016648531e-05,0.0014667214801311515,-0.010134319341779946,-9.490940483971125,-0.0018563118392822126,-0.1738684956863091,-0.22969016535477252,-0.740882964808036,1.3083083059363692,-0.021864425366595438,0.016186925365261725,-0.0475968830497586,-0.4571926651188874,0.05155007805323899,-0.013838167446300826,-0.01619253264501947,0.0007824153044671022,0.28760359055352985,-0.018323221676881038,-0.014979121497136011,0.07469994707360858,0.19907305498630887,-0.04903554321058931,0.029688287203658077,0.015705459524558336,-0.0026168189153697547,0.007468244277784068,-0.005808914780281921,-0.018150221048487018,0.4284076790797014,-0.06232459483708094,-3.197005045141608e-05,-3.651705375837851e-05,6.748084575575535,0.0005555086489377286,-0.011118297232066471,-0.01843194486930384,-0.01981209329879818,-1.9502875699676987,-2.966429451354801,-1.3857628978545873,-0.05710701909638868,-0.0624920468363869,-0.5957053861894474,-0.809017887597714,-1.4381966449898536,0.01748180033140932,-0.04285044932913839,0.0007523496874980249,0.0001624511847564779,0.3015252009416294,1.9434211065712692,-0.26207408488381284,-0.05411063793001422,0.367983046551481,-0.041634249290897825,-0.0764698853857284,0.7942907946050458,0.024878125458782277,0.06514075783754429,-0.030751909417178747,-0.007096739578134414,0.06202723222158288,0.004404516849565855,-0.015447297572229703,1.148455635293306,-0.3783405102036708,-0.003992528124323943
0.01352238272901502,-0.009763428879787211,-0.02451461347720584,-0.0699861990586217,-0.01132346320626549,-0.015115608938424192,-0.034024639428807124,-0.0014728289585484724,0.019752538811757224,0.15180569496971416,0.01063734169137304,-0.021187892971894478,0.00889860666232596,0.00456433767766199,1.2902515573402227,0.02020880954475467,0.11334478329822789,0.1241745093092562,-0.1358312927633682,-0.0036217895568249232,0.004233522364399545,0.001596129244589351,-0.019267633108639774,-1.5641081562947345,0.0,-0.0003670214573617217,-1.5145211034473994e-05,0.011424752043418699,-0.017164495891996756,0.16946744218386045,-0.006613443972503016,-0.00019134930005736554,0.0009441344369300133,-0.0016132239343183937,-0.7372233681340541,-0.0002120280122325719,-0.19498912894309828,-0.02428838204410569,-0.7380018257877023,-0.332085118612783,0.06706013250166576,0.01756587957422577,0.0017457479233640536,-0.10281132994237681,-0.008802446921839733,-0.005941511730457171,0.04197435615139734,0.0020028136098263955,0.005741617239575837,-0.04055127336967905,-0.017323098031847617,0.05706470497088531,0.05180822737050279,0.19666356663302292,0.017105307042857464,0.01859287614288719,-0.0016415022319908549,0.00714324365516867,-0.04488828217186973,-0.024972574481304723,0.3526994371846559,-0.05683533198048365,-5.679034546423819e-05,2.0181445648239288e-05,-1.7700262869420154,0.00015262335812913903,-0.0036715936543373893,-0.034802426139500776,-0.03247600498338332,-0.527682107012339,-1.5714267639841786,-0.40190909247935774,-0.05637805749662954,-0.007605498558342203,0.5604102537158078,-0.9277477311379414,-1.3244958689939543,0.021014025699767173,-0.04030420356366675,-0.00016467656621659007,0.0002765215278275581,0.05247616652062255,0.46007986957510993,0.0011019786881004978,-0.056433443542543454,-0.2322635816358005,-0.029667351688876468,-0.011795967349045061,0.7857262534104085,0.02355520839003891,0.05953517903147188,0.16013926854093175,0.023764086168471647,0.056296390844154366,-0.005250086390220573,0.018294909011653645,0.38632172674828086,-0.13091546739584373,0.0006321633656225722
-0.03755671539983994,0.018320330358613725,0.03986367768056507,0.001181026927328061,0.07825832949172867,-0.012868211168092447,0.4093837528245202,0.0031882450423067416,0.031036068803796564,-0.018785277385543107,-0.01053672307341071,-0.025423009174846186,0.001060332889269585,0.015352157604229692,-0.06917304933547923,0.029896593181879268,0.10806327220204882,-0.017539149567461772,0.9471341235784301,0.041916561177512905,0.09382068340930427,0.006966055530067329,0.021099594171592625,-2.965477227897609,0.0,-0.0003472892367440917,-1.5296542309820684e-05,0.02656866710649252,0.05858602323873366,0.34132359315329097,-0.008336903466315186,-0.0001933296599916676,0.0019934079727292175,-0.007403436906016483,0.05419808422064483,0.0004140997647440552,-0.09845525191806209,-0.5065426796429247,-0.763184760870404,1.1991090818654144,-0.005812719618378174,0.03273079775915248,0.01849779321560301,-0.1732072359505011,0.01033015354458936,-0.0008617858320643757,0.03850299608213063,0.03368293462531766,-0.007296455477629931,0.061138515821393936,-0.04604595767452776,0.013493859383245543,0.006821389269039298,0.35861946282043644,0.015797503509944293,0.015610877769082524,-0.0656870433210265,0.00683900068311271,0.08753036072839335,2.026146520813122,0.5237557291635091,-0.05082365150761404,-2.579936316541342e-05,-1.599246580593879e-05,-4.602063948932992,0.00010438695474608881,-0.0031878725709054228,-0.01079883956187644,-0.025142628193607505,-0.653016015716838,-2.336272712012472,-1.5375075966374068,-0.07021903232963052,-0.006100867527139296,-0.7045966279052692,-2.298264268415608,-2.0474384526075013,0.04322513050384481,-0.04328180561852387,-0.000607433087532429,0.00013973987516695054,0.03744490375801101,2.6511705475354868,-0.019711352304750584,-0.05153121621339073,0.3365437947075291,-0.029073172035270642,-0.00750167068783747,0.6102809992256722,0.010616266865896003,0.06654122118290884,0.07671785565593091,0.029484863845760025,0.059326897389218425,-0.0006711762336168037,0.011919290049743321,0.3902654729912581,2.204794406302046,-0.008236963493551934
-0.033312633658823455,0.018812582301371474,0.020439398628222773,-0.07564472754797558,0.003413748039052567,-0.004381852861312347,-0.0058350381428748585,0.0020593141901630186,0.01591735654086214,0.16127120408196732,0.03169896562074798,-0.012945071447428742,0.005561155383707337,0.0015705978666579069,1.3020761629763107,0.027623940069703787,0.1139616644142941,0.05097304666183114,-0.1085484041133257,0.05191678649649461,-0.002366318957705859,0.005005483997506003,0.011354475391798213,-3.40498071940067,0.0,-0.0003684646426191746,-1.5163666690855505e-05,0.05765475102197885,0.06975811676711817,0.37340691780117574,-0.00903710897692878,-0.0001573065525731363,0.002209760539567197,-0.003941370005825658,-0.7608225049461999,3.5317001403421854e-05,-0.09725221090307998,-0.15972148523218355,-0.6428393841843991,1.2649094408962542,-0.015594467262410386,0.027022418642717295,0.017229693395405966,0.01645426860577841,0.014426377724766577,-6.589891704294245e-05,0.21942084339700435,0.0008830710931043179,0.1027863174337918,0.48145229320623373,-0.02831405540128839,0.005446400186200978,0.18675040585111205,0.0010605799494104872,-0.003608605670369339,0.010603695891732087,-0.005039238611984705,0.011575634583426628,0.014964572321668673,-0.047483527525035284,0.36334572112731167,-0.0490515353463431,-0.00014605333023309244,-0.00025484580636000304,-2.25067170718232,0.0001039887479505465,-0.0036112360933096476,-0.04366054952075225,-0.025699364990041714,-0.5081698853938119,-2.5056544557942586,-0.28182428433421897,-0.0780383203858842,-0.015535780810260472,0.39618285384339424,-2.196270877302602,-1.8035852282430613,0.0033700981681423514,-0.0460086526666125,0.00014744245124507873,0.00013691893225366888,0.34909238669877174,0.14513349613189888,-0.005643262029159968,-0.061194504868357105,0.056322632365735266,-0.0392349269514222,-0.04012172938232349,0.6360038784059832,0.021326244044439065,0.06380757203675615,0.23929597533247224,0.004345210788174718,0.05981021009550003,-0.0024132548883992705,-0.02009758338549556,0.3804657991537937,1.9408761822366745,-0.0023408850031643395
-0.03561390056599416,-0.013322437269727006,0.029392410212280475,0.0037561921204062854,0.004287539582363151,-0.012523738515498229,-0.013808884945554763,0.0026591707111509075,0.013028379958482147,0.2384320896783318,0.0024531695714787214,-0.0184196830489236,0.006653844675567348,0.0090276654809777,-0.023032778431202765,0.02911114194029043,0.0346302863242272,0.08762334928991329,-0.1279678430201785,0.026563097650741156,0.002570928463701148,0.0016470452566147624,-0.027014686794175447,-4.0242093989110135,0.0,-0.00038270225390033073,-1.5155721003250157e-05,0.04798454697762418,0.07212690863032235,0.372253097395742,-0.009624322036986339,-0.00016206483011705047,0.0019485514331885586,-0.0011275468646214002,0.04561199077242073,-0.00022740904314224588,-0.1012083884883308,0.05070012014765552,-0.6630516984825925,1.2298500882076686,-0.024001737537716027,0.06146088255841339,0.003644331632493367,-0.09869474852895176,-0.0008454420155991105,-0.011706524764930953,0.06744756623927592,-0.005765681765092022,0.005713312189840611,-0.045088685657224285,0.023268147801203273,-0.006495772106738472,0.009703692364287454,0.009756743604232048,-0.005274531176496764,0.02987499383965834,-0.010366683640802255,0.01264412683094493,0.09301848012506496,0.009237928432493272,-0.059700404397316366,-0.06452710080944515,-0.00013990982077508632,-0.00026138114749099564,-1.024011925787047,0.00015263251635602335,-0.003658137538140247,-0.031916737595592076,-0.032383461046674014,-0.2952564873353116,-1.2374508604061938,-0.19727562928084733,-0.06490473045053136,-0.010313587949246476,0.6055513972633371,-0.6254520078309689,-1.3236302770371016,0.004004221187313303,-0.04613518393405723,-0.0005104051030494886,0.0002718609027554937,-0.01903124228713917,0.027859459571862102,0.04490702326377149,-0.06073763368162089,-0.12572869245184737,-0.05165024096592836,-0.014483805661662566,0.8303021468385656,0.01348070021791157,0.07193042313713545,-0.010308237088725183,-0.008577588548147453,0.056791195415542596,-0.006998482987504659,0.006296906461519229,0.38506682712500895,-0.13261224608794772,0.0028810593317483302
0.2687398992299216,0.033047851811531526,-0.03652269511685762,0.0023724739260396286,0.001779224227124016,-0.020019575151676832,0.0022588923540320972,0.004431157811799009,-0.04488654046764409,0.2542668090552113,0.014785372524832186,-0.016215505673996922,0.007645241310460966,0.0027917853606738005,1.3083697461737154,0.020526112920975025,0.03673935993572579,0.10588609231592197,-0.07163324157372167,-0.01770761301835947,-0.004028219787040291,0.0019368075812451198,0.0002705385525849799,-1.8635807264348732,0.0,-0.0004361348575148705,-1.5231698769737852e-05,0.017146842904786054,-0.008169079533771766,0.2518080422752719,-0.0066546775753892765,-0.00029549401669874556,0.0014892975482753037,-0.0008108877547973777,-0.7048107501659366,-2.7254377037243434e-05,-0.1987334410431451,-0.090399425600938,-0.7315544449511622,-0.33225859127475077,0.07568332362508522,0.009063982246190668,0.006252963673469245,-0.11343876695257007,-0.006268180441995353,-0.01153866051193426,0.061889362227720325,-0.014283482408204344,0.001525544202370499,-0.04171397314949282,0.04087803988310319,-0.009463890669896106,0.020272187442779744,-0.0002573682410688256,0.013746990610320468,0.009464635787390879,-0.008022352248314322,0.005785503807634155,0.09646042981817086,0.01836875657048915,-0.08241503766055969,0.587519623774936,-0.0001266448332304872,-0.00022264122415673938,-2.0883233107048276,6.8706014641523e-05,-0.0036594467530388715,-0.049186018246618946,-0.02424673874538666,-0.3104014956523334,-1.6896226395927592,-0.46439744855277537,-0.06518078105622814,0.002340995510867585,0.6356642932092128,-0.6689320925937372,-1.953858827517442,0.007202524574971618,-0.02277674794067901,7.828353878868929e-05,0.000248514995794864,0.0032630685622227038,-0.18385075565618947,0.03289822675140057,-0.08481916279733433,-0.11510470495520723,-0.02728797815226587,0.096502356681717,0.8891956272266325,0.015403497449241023,0.07055118313570138,-0.01720645152757091,0.01212967531723211,0.05920737592555591,-0.002821040376485385,0.00534206850703335,0.3858866660205881,0.6760272270232929,-0.007058183013250167
-0.03489893704364738,0.009072100779764086,0.07709175132825917,0.003747954428324177,-0.007814850280492886,-0.016372493223148404,-0.032967877479606535,0.005163459235008724,0.01925663243225973,0.2468966269403139,-0.17196456777411273,-0.020213471373544477,0.005140589765762772,0.0037976776767220093,0.9473310310565134,0.010509237624050094,0.03505400572508476,0.06647394730172652,-0.11725242338636653,-0.003813656497558389,0.009136646652787513,0.0017809384294136745,0.0024947174615811744,-0.5728225161122236,0.0,-0.00034513813316004716,-1.4003594701027413e-05,0.0023424197676200137,-0.005675277762682534,0.16845079619062234,-0.0066134833830071155,-0.00011965552788402513,0.0010722865803938584,-0.001042975902090242,-0.3274463010758631,-0.0013093073194705052,-0.19085313993427572,0.12430984056527444,-0.7262926118496101,-0.3865502405805717,0.0631086466378791,-0.0067832245909459,-0.0007377705102396156,-0.0845300500741048,0.0014524419646152877,-0.0024584615022358483,0.04403944758665686,0.0012241934908081556,0.09477417707009211,-0.34472056595661277,-0.05958774189371876,0.0031884855601746385,0.031366872234271426,0.3522262716782331,0.025360607649405592,0.030743746181657067,-0.06736449819085064,0.009314933771429773,0.09703645366080518,0.48185629487552106,-0.10902017457579365,-0.05171184478239365,-5.719500599423355e-05,2.4528216965548154e-05,-2.046619324715511,0.00015262703366884924,-0.0029588195428980183,-0.036623352144164956,-0.037054222035019756,-0.7519408374130545,-1.4437872087240275,-1.5406926643747336,-0.41250837068098284,-0.007279586236683095,-0.5807572750288048,-0.9060276774330319,-1.3337001980004568,0.03254494496264529,-0.043091256969274544,-0.0009971664361686703,0.00016372247874310672,-0.10847155001469105,2.3024442072486178,-0.06557928686256227,-0.07352025368117523,0.33942785275751003,-0.021025158999590565,-0.03254755308375401,0.746405774313541,0.012188446990032431,0.060349522281263994,-0.007984049328787627,-0.014436354802396712,0.054727549663593375,-0.004876679189796564,0.01796365449806531,0.39549562555471107,-0.14973561684160597,-0.0031659407950249538
0.01877698970683236,0.008743182017038748,0.07028226811057199,0.0016684133324686601,-0.0025366182484810964,-0.014497755657667326,-0.005360944949451829,0.003737272409951638,0.017867792028081957,0.24101822045533686,-0.18857535487403684,-0.020353003933911366,0.008454533642018192,0.002759272693575319,1.2861252970907395,0.020308904745748566,0.033398611320275946,0.0763003699920408,-0.14033925761076896,-0.01675876307825139,0.005918459072553539,0.0027324522181904837,0.01831484837898952,-1.1945960074748219,0.0,-0.0003863609795932462,-1.5196654202230658e-05,-0.006451871167254279,-0.016570038985725986,0.16395293463767274,-0.006613777665704244,-0.00012197782049779812,0.0011996672687227643,-0.0012514030347134393,-0.7474316325476437,-0.00021247804899841675,-0.189431358126585,0.12493207168496873,-0.8444666570622188,-0.33394963749588624,0.06319017900713532,0.06697356254019968,0.00508711155151729,-0.11103548553958922,0.0036511459044830576,5.1824074862117045e-05,0.19731171318120116,0.009538872516235858,0.09706512400096896,-0.017041508927782972,-0.0440314906457339,0.0516985869435064,0.11985231449858405,0.2804187022225499,0.019125505395400328,0.022557006709139703,-0.06419780405511841,0.0066248510406534625,0.08649827664326411,0.5100705065124372,-0.08600525528291032,-0.04411252163276975,-2.940045923147664e-05,2.3885704055736013e-05,-2.322644889933208,0.00015262756130777366,-0.0030879118857038406,-0.038153890923838106,-0.03303022826243996,-0.7115224078124175,-1.4334430341825068,-1.5827179311841697,-0.07550422002218529,-0.015319469779079053,-0.7557160237360382,-0.9105725441715132,-1.8181267051240622,0.03645455717520734,-0.04298728730674371,-0.0005751434542000723,0.0001350888390956337,-0.13705659816493773,2.255079119631538,0.005140095254022489,-0.0764057076048161,0.37245183861665876,-0.03169264487458887,-0.06395350289597987,0.6906305545637054,0.012943278797565728,0.05152717520017961,0.08101267483452962,0.02672707964815153,0.05869551733149047,-0.00476426715525646,-0.008296949922933282,0.39520695594331684,0.4933660343511487,-0.0038395769586686535
-0.025540140046725977,0.04219262514348149,-0.025295626302937548,0.0021100574748857378,-0.009913548493696668,-0.013543480532791525,-0.013413539232172662,0.004965164407842331,-0.01988900432886765,0.2515428001774623,-0.007883236357984102,-0.01739510973686583,0.006384230037578084,0.0044004837216572905,1.3038557521869596,0.012791903148623971,0.03606480822665339,0.10250586564481844,-0.11357360839992303,-0.016805746111577154,0.0052070487199513335,0.0019470569668427113,0.021683884124761552,-1.0580498571658594,0.0,-0.00034548458818828385,-1.1720607110740363e-05,0.010343828123659683,-0.016996619688577422,0.1648143440158518,-0.006611111518236685,-0.00012555302191550406,0.0006940894590471789,-0.006081588081884588,-0.7415390445555494,-0.0006871137899184504,-0.19730265290187093,0.007409538389246573,-0.629637588343246,-0.3451400047851536,0.06848060095355972,0.07252597019442075,-0.000218085563877863,2.1834970593121916,0.0008952555481551755,-0.004834911849368693,0.09065436976876047,-0.0007272257995798657,0.0972595919078862,-0.0743345707977517,-0.045894496470322434,-0.013048191132737847,0.018949925879466284,0.3582893406095365,0.024414185155423537,0.020087831976970914,-0.06502161435331971,0.006325626977972115,0.050579450207859075,-0.045325187766659975,-0.08657813801506085,-0.05778525890839247,-5.697623429707445e-05,-0.0002245291370215414,-3.350796331752753,0.00015247712364244403,-0.003720791884031302,-0.017261394708850714,-0.03654120639445358,-1.142981459943961,-1.2203452133205546,-0.39500229383994334,-0.08354698855750847,-0.011271323598714068,0.3989776792109414,-0.8954545955010221,-1.3836315988272148,0.03474645929956975,-0.043092245253931453,-0.0005826113225829065,0.0001999860661629205,-0.03757936794742278,0.12220584505714795,-0.6704837707719913,-0.07566769301060143,0.43843206098491444,-0.02144469162610134,-0.012808068886631104,0.7360756988993421,0.013191701120400873,0.057809413928411095,-0.013966581473252195,-0.00670024200063686,0.05629330191802224,-0.002194424334186131,-0.01847672876808778,0.394418555469449,-0.14193806060494954,-0.006171832437884377
-0.03146608849458268,-0.01996358107375577,0.009142317038286373,-0.07486931904805662,0.00013522534553194273,-0.013968841651960044,-0.02173672784252958,0.0033283013960408946,-0.005220356278010836,0.16093504046992266,0.020970446608125467,-0.017249382944664958,0.00553740711648821,-0.0006236425615686794,1.3033851142724426,0.02264868527977353,0.11817930899962224,0.07908633158932385,-0.10777623792434295,0.03172190998370871,0.0022165027103815565,0.004968950709000416,0.018508145085059248,-3.2649808880396223,0.0,-0.00038903165082341146,-1.5188565066697116e-05,0.049948049052587075,0.0763589429147477,0.3777454904314074,-0.009652134885809207,-0.00026147764606526837,0.0019233647256143996,-0.006896606242357233,-0.759409654518473,0.0003979922639718485,-0.09954792696971759,0.11967518108585853,-0.683954913011566,1.3314101547926471,-0.01972251190004613,0.019795195546485192,-0.03524505664804597,-0.04322252525426828,-0.006841969430824344,-0.0005196759867287677,0.04012179686872246,0.0019215036587695842,0.007550992994707249,0.7326682423425815,-0.016180182878145384,-0.007201689140828685,0.18946243698623402,0.0056182258560149,0.0032959260470568166,0.04304618557232552,-0.05574444231523387,0.011779016021300793,0.07968679233500123,-0.043070887794128876,0.5930530873979434,-0.05999795748229203,-0.00013410161485730827,-1.535212953619565e-05,-2.6951665203447805,0.00015262335812913903,-0.0030358519122871894,-0.019171441023335813,-0.025978937239241398,-0.49769990071594983,-1.975421823059651,-1.577703088994859,-0.07777095623803397,-0.012635128469196079,-0.674918625752258,-1.0242553276033932,-1.6353472290274313,-0.000318347935000078,-0.04593212764780423,-0.000498270036418922,0.00016681806661295834,-0.029454446377139135,2.324426983711853,-0.0057649159266989465,-0.06325235274319439,0.37531465128273284,-0.030368500625471286,-0.009620889050626923,0.6339310184795601,0.021156414494886627,0.055938502510838234,-0.0065780170921976265,-0.010431535674828941,0.05727736585574106,-0.006014976811077573,0.6020781686191025,0.36763657685235657,-0.11837547455490546,0.00726047973524553
-0.027903174460052308,0.057506944923334066,0.014460736825364116,0.0037913701240388127,0.0033696643979371377,-0.0038627487907813753,0.007761994620962446,-0.0011977297681374165,0.03813077604630449,0.1695143407418503,0.016383980452879754,-0.023919413444018715,0.005247580732911178,0.0004497635987060801,1.3043339992933736,0.028668581450304945,0.11294517042290517,0.0832089491446269,-0.14132043579033585,0.027404581889736504,0.004631799006837459,0.006285738673788918,0.01919991126434294,-3.63625720134757,0.0,-0.0003868887074992524,-1.5236843283325428e-05,0.026950594869930122,0.077799733935617,0.38734080793746983,-0.009447025883139755,-0.0002470775289045469,0.0013133408151547003,-0.002994036473440133,-0.7609916420835302,-1.64773691334664e-05,-0.09384393277975006,0.056108491299581155,-0.6939697467681871,1.3166302368651177,0.030432012589751076,0.033144253837456346,0.022736735116387227,-0.1078023114370782,-0.0017273875574736555,-0.012030111835328608,0.05570865136937216,-0.027770635746349984,0.007468652277856672,0.7331570543650033,-0.027292978087047698,0.0007272592984645877,0.22065025948327657,0.005748554636809624,0.008144596708662846,0.04326390557972687,-0.06636704739890284,0.014911017812254618,0.07767272184173286,-0.03808772650055471,0.35801441847409726,-0.0553831265753895,-2.7814035014223863e-05,-0.00026325522760700285,-2.014028214446134,0.00015262703366884924,-0.0036263076886605882,-0.019774937623208495,-0.025540956425220286,-0.29056433780796287,-2.0308226207245483,-0.265107024178048,-0.08274719568601674,-0.015260354920248423,0.4681546060274007,-1.1400539684213076,-1.6010088344435354,0.00298145907119328,-0.04594246195272675,-0.0005521643217986243,0.00016027688493646525,0.0044975801488391365,-0.010409732227016664,0.041446589173764814,-0.07224092147208555,0.04699973056001933,-0.029031029276746598,-0.047733851997456306,0.6989785461079173,0.020255608632098583,0.05998798729048372,0.1912068613986717,-0.015882774632270814,0.060740918884460704,-0.0048013088375382295,0.1619756481883176,0.37774060610391486,-0.10740408215025238,-0.0008711568732734492
-0.033782700368154214,-0.014142113737484592,0.030554756492821213,0.002757354636431716,-0.005869456083139992,-0.015741415739041052,-0.022401357329554332,0.002417912880341538,-0.006236622074233525,0.17983155212958965,-0.08748400676840758,-0.01979294309606947,0.005862704982132703,0.0017241939683540954,1.3113187517439884,0.024300021219078618,0.1174473012709387,0.060798613299831224,-0.08910712481026385,0.049618632731022204,0.0027519432006873207,0.007499741317140901,0.02882567531615068,-3.747305852776916,0.0,-0.0003452287760570521,-1.5252356592340526e-05,-0.024041301151097715,0.07228314743731938,0.38879676275882386,-0.009640356075008075,-0.000248957821814772,0.003743288025630106,-0.0018109771786810579,-0.7470107563534444,-0.00022759974440308126,-0.09764477464577978,0.0790756811656054,-0.6691240998279052,1.2972315155880036,-0.006727760219650078,0.030066613527519156,0.024004889567722443,-0.10883570771246145,0.008337515530636407,-0.015283032140954096,0.05119604735059448,-0.020381102011788867,0.10036436604346945,0.4891123476474782,-0.01591958767409776,0.003493334501172542,0.16477923387535526,-0.0016241190433346183,0.0028729356552133294,0.009731937472637573,-0.006586361584549397,0.010509434612749677,-0.012058557327350235,0.42704339867316016,0.4750877517842334,-0.05688535320751869,-5.4274829568530476e-05,-1.2917027977233796e-05,-2.3579788845461893,0.00015262756130777366,-0.003202893331094321,-0.039973504890327916,-0.026453483921052918,-0.6608614076447259,-2.1884553862688407,-1.5770947302058156,-0.06721495991591724,-0.011615960206335652,-0.7400002554157095,-2.1707551912417387,-1.8323015279948998,-0.0016528071439306424,-0.0433013589602693,-0.0005636820468086815,9.582179358998923e-05,-0.02371546321849584,2.257885779725351,-0.008709626762622059,-0.07489196570341763,0.3425096093327964,0.04898688505234079,-0.006544036499853322,0.797277582510079,0.019123112651938654,0.06344232375213092,0.06316159039329497,-0.0031208908596282807,0.06212894012614197,0.0005705061670606931,0.16438418453605794,0.37897676742842973,1.9691732088719298,0.0034102196477382198
0.01567502635860596,-0.012146285810501287,0.07386375270472247,0.002261178248587273,-0.0062500798422247565,-0.01172180323211006,-0.019483151762040175,-0.001924405014626885,0.009467904167078683,0.16588345299848356,-0.18122444158318046,-0.03029819839464578,0.01430311847368443,-0.00011342935567511779,1.296343439663321,0.030642556845900393,0.11845036453585919,0.07667954765059339,-0.14812378576552393,0.011621711392047866,0.0021102175211054138,0.005928871148315758,-0.02229082194505132,-3.450842604035172,0.0,-0.0003642696961441539,-1.5222002782687481e-05,-0.016348047798563296,0.0776212048791631,0.35583247418706715,-0.011313621801355249,-0.00016137843811193762,0.002023914074001629,-0.00088438516568067,-0.756792999268362,-0.00021264916458658392,-0.09820444778690579,-0.005863832292265447,-0.844574768888358,1.294567937195459,-0.017042663031716945,0.02944786811898267,0.026590152240291008,-0.10848122866125899,-0.0018487624054233029,-0.004865037429861418,0.03257628360516311,-0.0193085727282864,0.00391859628032743,-0.04050852615517881,-0.025507939459111183,0.08280885860445295,0.17772407287052774,-0.016833551118939437,0.021901250546766917,0.012553024428195805,-0.06515276277757044,0.01033641490311406,-0.002071121608742751,0.5475860396206518,0.37469594712265064,-0.05469541416538046,-6.450565508950859e-05,-1.5466136095183494e-05,-2.0133867435944235,0.00015262703366884924,-0.0031345952772826677,-0.023452069485207137,-0.019747083051850696,-0.6843085606865751,-1.985093601024651,-0.5068391157134339,-0.07587435907414972,-0.012243775537594308,0.46455700580894643,-0.7855050662330325,-1.3215532083213375,0.018948332974767886,-0.05092874396555267,-0.0005596427838507412,0.0001902465293637824,-0.06007513191758252,0.48657909824775764,-0.015208297227849422,-0.07136018653364322,0.07432739463691553,-0.034634501832012915,0.11835140932854188,0.7916322866245488,0.020612773988744434,0.06640296803695239,0.4180637636287345,-0.02197741687559198,0.056653133785106,-0.004279081886141195,-0.01934089458222636,0.38163191601313856,-0.12924688134273432,0.0027815304453406306
0.02650217418473337,0.10237290717691272,0.27752090644933036,0.0018141305761568646,0.007994014006220424,-0.0034721043343232862,0.11350768271901998,-0.005511289965099896,-0.00239706354211393,0.24418200640747906,0.007532924090623547,-0.021801498882220716,0.008414174535420336,-0.005760579857210662,1.3041807607938412,0.08582272834256832,0.03570155424937716,0.05333898380383591,-1.2974932653563003,0.005320099733070703,0.045272689825141335,0.0017103417289223435,0.04683460733834144,-3.546404284371112,0.0,-0.00021399515773437184,-1.4539297145381193e-05,0.05574602692710261,0.07726957503505247,0.39461872857250807,-0.018431306293624623,-0.00020209211011767487,0.0018172622981670803,-0.0025480087836750567,-0.7225092866961168,0.0019519506020958307,-0.10323933658750134,0.04087773433125886,-0.8005101608173526,1.3472996993001443,-0.0313452075804954,0.053871511765940405,0.0033768544999958905,-0.45366265938027506,0.005717512245978774,-0.018619001783458544,0.08652196767299973,-0.03227439679749881,-0.0025193431181795315,-0.04060864410073373,-0.030625822547287133,0.0032971784032256785,0.16132562636095885,0.012357711007895504,0.017511023952673576,0.027997691969714442,0.0024636169113356294,0.008299254106951478,0.08002864446492347,-0.01666035329560251,-0.07325460359183228,-0.06646471318254496,-2.546290327210747e-05,-0.0002894192628165618,-1.1737537396647357,0.0005563113087090114,-0.0029079539001258693,-0.040370755078872014,-0.041848750528871846,-0.3608711009719503,-1.3441824354252443,-0.2494641235309293,-0.08554147442904349,-0.007295899028302733,0.5576322479144759,-0.6505439014612175,-1.4010730911714535,-0.0032487943454429795,-0.046001659224605564,-0.0007413700739230918,0.0004226865547933506,-0.03267190308224427,0.18616930524430664,0.5674849850087652,-0.06678939602930284,-0.10084500135304476,-0.056214372939528814,-0.010868605780346124,0.7862545519626395,-0.034345558661341466,0.0755274858364903,-0.01387999622100967,-0.004826559551498497,0.05183651719769037,0.00111358386432195,0.00852225377371737,0.3871366851491616,-0.38317747538383823,-0.00473768316814849
0.018539611475078006,0.06590031205634737,0.0829172108903931,0.0015865268987378808,0.083320297331766,-0.017444664760804602,0.026127626773512845,0.008817118492756145,0.035555393672359575,-0.023953341109340897,0.03999278258395211,-0.01999130665175441,-0.003253064230847907,0.03977178796693502,0.005491362209873705,0.01156257451719293,0.021448316668669726,-0.00022304762298303146,-0.6465301119343317,-0.014469649803117442,0.04817698164113863,0.006131643192835052,0.019717673123016383,0.45527719160871544,0.0,-0.00018794257074714827,-7.4268601237041e-06,-0.0015784437573508662,-0.038391875019993506,0.2743186047786846,-0.017641357284131014,-0.0001644041857899896,0.0008367300896604429,-0.002937501607708493,0.03512521540552796,-0.0011155167104425388,-0.10032521187138609,0.06415462684923187,-0.7921612276734817,-0.9520550696127991,0.02780359395554979,-0.00341045079754096,0.004292835404720039,-0.006331537090991976,-0.0008243394186146079,-0.026049886154069554,0.0050946192035250725,-0.014104557979730642,0.2861047723165949,-0.2440678660355493,-0.06555547147685195,0.009593294419308892,-0.014132467514218925,0.35348130495467456,0.023768719640996434,0.031517525285819296,-0.08752461049058725,0.000127574806780107,0.11559144724084955,0.4051323247303953,-0.11807241002134425,-0.03956244699313124,-8.128207011942948e-06,2.3296246583470807e-05,-0.31005019590414573,0.0005556087695508583,-0.0009974863960909924,-0.020391202958196478,-0.2157922262778499,-0.8692782966376051,-1.4651603529691897,-1.5187946230782459,-0.41908878238918396,-0.05088943290545125,-0.7063227780039332,-2.205079652089383,-1.68133314571721,0.03792175918964678,-0.04295257121081545,-0.0006195604164848967,0.0002982205514268317,-0.08912567789462301,1.9823110818381604,-0.05948372096897365,-0.08089558008886549,0.3189555212414505,-0.07300028360384961,-0.07573465219156325,0.9872414038126495,0.01429547938438478,0.08925964704107801,-0.00107078934357825,0.06525164270662824,0.051912750676746555,-0.031110216956740763,-0.012617419800226718,0.39736451883023294,1.9163514158453951,-0.021282326213827116
0.24320951737191807,0.2275086260622271,0.13042732942235616,-0.009809702768389536,-0.008685078452339842,-0.0641126420666453,-0.3327150881541071,-0.021707107668791005,-0.010513645579776005,-0.011899760816711792,-0.007793618683507488,-0.0828042664143131,0.017598252843886508,0.04911585796386462,0.10456910486859819,0.06388265580975196,-0.02674545265261449,0.005260297473990635,-1.300085523448418,0.14329170956049278,0.045679840421701416,0.007458971291119239,0.0349480010124246,-3.1617734726820133,0.0,-0.00011209689844109212,-3.36524984478913e-05,0.03331490454435196,0.07742455293761422,0.39379242503695183,-0.019114068727512094,0.0009552905299653097,0.007179240636468984,-0.009435342497771197,0.3155436850575711,-0.0002832429011963627,-0.17626510473352547,-0.11368086365190047,-0.781584958285288,1.3625786501988746,-0.028354851954422965,0.05001077650699829,0.021816086816988003,-0.5871512610165442,-0.004147921965566639,-0.024289350379228872,0.6281166516976917,-0.027798057381637084,0.003140081384565217,-0.018753730154598518,-0.06439787224756113,0.01961287692301998,0.012658470101949875,0.7024505878320961,0.03313229747517416,0.018907064572916795,-0.07794268376736284,0.008498191013531357,0.036058706822083314,-0.09346393575068404,-0.13104937376579895,-0.052697197981361,-1.3422960875948193e-05,-9.163448017408127e-05,3.386711145649359,0.0005556374535120145,-0.010907110632099582,-0.010918712855719052,-0.015424268909813786,-0.539057020241803,-1.5966044132321073,-0.8907839169462203,-0.07138181447191613,-0.06188121824002316,-0.23972791248338912,-2.2055242269132798,-3.1986317386973364,-0.004882436823574779,-0.04391242265094359,-0.002427858324967828,0.00016399229023428085,-0.030811235891102302,0.03238839892590931,-0.22068264961348388,-0.09089245502860345,1.0131093204431398,0.07780827410180581,-0.0664208478853566,0.729665888866197,0.006433898476804943,0.08062843531942838,-0.03021505032169511,-0.04006445864478596,-0.013772868169559986,0.006668187346194665,0.06886314870135712,0.01035657367191472,2.1038858996612877,0.004019890840729268
0.013913722793948646,0.00019228547033249533,0.043934115859202115,0.0031633576065165795,-0.00569865190475816,-0.004786007576617989,0.0018317192847061708,0.003475264791680519,-0.0037920198451151968,0.019459549028197215,0.02469302581978782,-0.01803039200561522,0.005162634420900527,0.001621603247769169,0.9733633192858254,0.023695095593068653,0.12000245908019165,0.048139104255048915,-0.10299518589931153,0.005042343098000043,-0.0018150725329479569,0.005565569506412995,0.01672474039107066,-3.2288660697689435,0.0,-0.00036253397673587963,-1.548997118163623e-05,-0.00817560350051297,0.08067998371426877,0.34871379537478675,-0.008338118656116705,-0.00019873756623924973,0.001961133059020308,-0.0061323548670586415,-0.33782251914580164,0.00039496260488964575,-0.09957198183344877,0.018031033045031092,-0.7882544094442834,1.3641616832676662,-0.018567211120681697,0.036459209562753274,0.01598328836457466,-0.026765457466299034,0.008689724156475542,-0.0005274551913227346,-0.008926977296820342,-0.015015938355200013,0.0711015563395673,-0.3278454047122555,-0.04595929992754467,0.013774140250415725,0.005874787154822087,0.36342062603761144,-0.003469098269674367,0.02803957732320442,-0.021504105065154898,0.012150365652716922,0.09602378932398743,2.5301260847624856,0.6254639656316754,-0.028165112685459483,-0.00014704932721356132,-1.6431014934081958e-05,-4.178429334998081,0.00010439251562437455,-0.0030505294634264857,-0.017880523908059897,-0.02325006898056327,-0.7012117656535914,-2.14101755574996,-1.5365967060919745,-0.0792086136435104,-0.015526198485955439,-0.7023934767219461,-2.3190701407863377,-1.9833120669818916,0.053270555765748545,-0.04393282527172638,-0.0004677638847656912,0.00012031588928789608,-0.04820184948046605,2.3157791638169685,-0.007742263849420398,-0.07595085992124459,0.3236407355559055,-0.03981127376483272,-0.007877674495636875,0.6600737463048088,0.018361038311271026,0.0661481654733236,-0.01777384374586436,-0.009766882841377063,0.06541377097202679,-0.0070626383570970425,-0.010006489336331343,0.3785998947571683,2.2266593754477704,0.009061557986013694
-0.053096868221152234,-0.17418236606316156,-0.01719816945447399,-0.0766924916752955,-0.00024127612233235956,0.0021371554044445603,-0.028519760887580445,-0.008674077297080356,-0.043971883980489186,0.23362153634287153,-0.005455765395371209,-0.019161919006050635,0.006531892363092133,-0.01067987700135825,1.2975444017801958,0.03725416385975709,0.03559074852487237,0.09805807324194081,-0.3001631552920964,0.0017346592382398718,0.015278948421759182,0.0017511063097977164,-0.00037210977452056284,-1.7471142431491442,0.0,-0.00015833437111143856,-1.1150741496888507e-05,0.014611751445575628,0.0005433761899040865,0.24990051142390118,-0.015419349938857095,-0.00011059641818274903,0.0009632696966674068,-0.003428495984532755,-0.8169345843652063,-0.0007051768596534517,-0.2397380906401811,-0.06890554865133541,-0.8549934303772226,0.09736873238590851,0.0791736562034046,0.06583412098287805,0.004899249343264084,-0.3333315567901719,0.009511380795200851,0.12201209844178626,-0.007524921809877251,-0.012961262927286082,0.1516794093703498,-0.029959566079531135,-0.08378950933947285,-0.0198097761411344,0.18416548678686553,-0.008027782360770092,0.01573420185389403,0.005999336920594341,-0.007748250098169275,0.013584770450665012,0.04277086183466575,-0.057843404272066794,-0.07887089976029657,-0.05894940287721158,-2.5225370268099008e-05,-1.3122954198613285e-05,0.2825022996105099,0.0002774823230911088,-0.0028012305270889225,-0.027930019167742678,-0.035244343692205124,-0.5518317196559946,-1.665311622705814,-0.5098740267619235,-0.0831701409595382,-0.021507600400034726,0.3237061650590407,-0.6385327275827606,-1.8298523250443233,-0.040607335407654536,-0.0429553182600223,0.00046843324342336754,0.0003333639719117874,0.9630517473982767,0.9515193796524585,0.04854752740091572,-0.024357220903844876,0.06768812444962165,-0.053645741351181754,-0.05424250064708279,0.6957177336092459,0.010851517837752529,0.059710803806402236,-0.016115558757381937,-0.006728563024839695,0.05722529900705117,-0.00012976361145731205,-0.022558961124919796,0.39650569045387407,0.4630662774679292,-0.0026151426356186497
0.018032765536148677,-0.08616222322877168,0.030278137608680714,0.002267623590314621,0.00031913773605974033,-0.01583907555006299,0.008691064633882162,0.0030391351109344093,0.030747397060786382,0.2522421422838942,0.021634760013007258,0.1970195863763198,0.0031216804889506984,0.002204207910833118,-0.012983352267900532,-0.0004387027255843062,0.02369421429202689,0.12504610168492328,-0.08973526094139522,1.626272182343272,0.002029409480275254,0.002610003374358851,-0.018841059527385084,-1.8743764874661955,0.0,-0.00029017995862951366,-1.4225164359278722e-05,0.012872010697110862,-0.006029660839672178,0.22086562643201052,-0.0066094467640363174,-0.0001381155285035182,0.0012248592733885883,-0.0025583649263839076,0.02612767396888842,-9.8094806801389e-05,-0.10832239388747522,-1.00976148049861,-0.6821731914621196,0.07023307049616946,-0.014904830336307177,0.06256417965367357,0.00982946684284563,-0.022930969179752063,0.004484323273158936,-0.008313835402813583,0.12067967747598095,-0.0022558289376954895,0.06722996072497446,-0.031437263808680886,-0.04808534600500943,0.08471853380657658,0.02377077250196376,0.3174950802173809,0.012238140972069924,0.008404933439127337,-0.07301276801476628,0.00563213374996648,-0.01135824117664215,-0.07350747135647631,-0.08636338711710176,-0.061397792005596884,-5.6577579252134415e-05,-1.5713610637345285e-05,-1.1731617939793544,0.00015262703366884924,-0.0036781157812296587,-0.010631051751633832,-0.032436932250337745,-0.30939775198274255,-2.0748144395944847,-1.641234078709869,-0.08456803773337777,-0.010679603254173588,-0.6996630062443993,-1.0954506421587478,-1.4249638971681302,0.03756169149773607,-0.03993925222992302,-0.0009202470693010181,0.00020770994452266303,0.06994747473470941,2.201841559204262,0.007071759537422608,-0.06809597607705316,0.6350776870664344,-0.01291130639642291,-0.04366410383283034,0.7174908332625597,0.025225202583161493,0.05810821941518561,-0.015362184016994573,-0.014766203033482951,0.0534543516776908,-0.0030914669761306014,0.00298339757012545,0.0055681289587284,-0.14627077280213666,0.0013703972662569917
0.013570551632668515,0.04039450223917457,0.10827584015967329,0.003130571566147807,-0.007288860080853012,-0.01181788245320487,0.005118904126774286,0.0038784258309159407,0.007655044784178925,0.16855487655733653,0.010742723361469636,-0.015744974999296057,0.006908158376595293,0.0004475772909313439,1.3205215546994389,0.02889248561278859,0.12347778471010659,0.06380112399447035,-0.14444436924742582,0.009389978590286029,-0.003512286345307785,0.007475333169142377,-0.006809211941481054,-2.547932680541267,0.0,-0.00037101509191533524,-1.5188045961905774e-05,0.04182253858944089,0.07407362803171624,0.3526855220682851,-0.009410461484619166,-0.00019178884210425352,0.0017790007532279362,-0.0008849394339964472,-0.7419596211888139,-0.00029630276590920934,-0.09712285577543552,-0.15215704815605036,-0.7458954362171497,1.3552838806948704,-0.01524356163448186,0.019131811274575045,0.022713374383382907,3.4198600650218367,0.009229491771535984,-0.0040110761296016945,0.14413672759462245,-0.00039295145069630655,0.09530722260905658,-0.07031535828333016,-0.04676641289735735,-0.006365538986651547,0.0024156537639495887,0.3591407957605782,0.013969736595969137,0.02002490510382058,-0.0690626913868707,0.01084275637960186,0.003595106952004624,0.7786498724885301,0.40938413454899153,-0.05551585595661226,-6.408509748143172e-05,-1.6267331982724607e-05,-6.715855986602568,0.0001039887479505465,-0.0026202280010543424,-0.018060980965461392,-0.023813474375007044,-1.5929849032410803,-2.563264108361869,-1.5248202805588764,-0.07609526102100732,-0.007188777125171733,-0.6956662602491525,-2.239185578897475,-1.945573458257227,0.039994487549449245,-0.04923217766575555,0.0001566066072381255,0.00015070980800409368,0.3567146473374372,2.3504375706169847,0.5937755901268176,-0.07179239656704721,0.325063065555539,-0.03595863074328969,0.019286515974638794,0.6098437842848561,0.022363078004852252,0.06793491106489037,0.2560004628357269,-0.003836862890126751,0.057445998701188765,-0.0038485503243750724,0.017855835394922893,0.3819711260318045,2.1252513247733646,0.002744102793685994
-0.035550111598696164,-0.08529192800350768,0.003973604751083594,0.002788417504389328,-0.01021089478938873,-0.0015605501267603227,-0.0319922148472441,-0.0011178035548011095,0.016884986159953628,0.23825613646492183,-0.0007406290734108625,-0.02152600452095728,0.011900868799547082,0.0034496821561352336,-0.03274889422907579,0.02006736143614828,0.035173620965610476,0.1354183055420296,-0.09512008909290937,0.015941382304644335,0.00561528182359195,0.0015365467257466901,-0.03079353769771597,-1.9895054813316313,0.0,-0.00031484909915667015,-1.3938684266627376e-05,-0.0004572479649710566,-0.011527261320952293,0.21004433871610603,-0.006600836381427491,-0.00016214567711681313,0.0013222169826102095,-0.0026746896836498677,0.013492095450936334,0.0004969184784826739,-0.09812312356636627,0.12878617725594035,-0.7167714310402682,-0.13142719146230447,-0.007199051048652922,0.06466166084713777,0.0053608635496931335,-0.11234511091743807,-0.007255697674637694,0.08064725237866197,0.051926998080283296,0.06713902793526255,0.06834074305080513,-0.026744098623289487,-0.025330801574457096,0.0616057772148846,-0.008560469881220882,0.31959103060268607,0.018753380251553795,0.0032499561034927188,-0.06946071882088478,0.009952801359396166,-0.0042640437141962554,-0.06156207571656846,-0.08714721179685242,-0.059744955842022426,-5.6745281472095956e-05,-5.483796785868167e-05,-1.0403867719698054,0.0001517901615150797,-0.003836682028900477,-0.009274119747863034,-0.03015491592404147,-0.47705937363648526,-1.4587395507405407,-1.5358819778899653,-0.0874309080675816,-0.006887301653085442,-0.5677623041443742,-1.076516850702313,-1.3231652973601338,0.037366627496499466,-0.043977971109018854,-0.0010074751928866226,0.00020965890369202179,-0.019669819199135748,2.327449132088779,0.009686455658336335,-0.05770481435104832,0.3140758714985604,-0.01967651389873397,-0.0003089182301659598,0.761181820834199,0.01686757247614011,0.05989397304391113,0.05606469426889018,0.003532478635376849,0.05613790966978011,-0.00877257552775673,0.0174961876173416,0.39448053835121616,-0.1419337100577982,-0.0017393367998642599
-0.025768166064864054,0.047450051978355855,0.02889783833432253,-0.08713664376865166,0.07339984812169223,0.0028963750937392595,-0.013093732207057498,-0.0014906514742127472,0.003234925032489963,0.007361296453784054,0.030078935881330846,-0.020220448201729763,-0.012006106560554442,-0.011293827141633605,0.710901821234847,0.004807484756718067,0.03659873165274936,0.10277773239529994,-0.2689547349544335,-0.013810857706039917,0.010100351432343375,0.0023204244207750226,-0.02228756235245519,1.2088450965093964,0.0,-0.00016498279062726492,-6.720518327389777e-06,0.02534680829443876,-0.041098048971455976,0.3082247733777476,-0.008693408585141567,-0.00013683810186306192,0.0010283043494447412,-0.0006233812823567273,-0.15033891869022828,-0.0014040750876746855,-0.10066215136983775,0.128163732014904,-0.7201677277033408,-1.1794905078661153,0.021720175501602625,-0.010397504865585785,0.0046879375090341435,-0.09576393236227948,-0.05683704185820582,-0.007066703579758997,0.060207943177659574,0.043032250441864296,0.09951115766304389,-0.4955881525802713,-0.057293590218084056,0.0046504822419377685,0.0041762271931728235,0.2861224555295921,0.007029441207308837,0.03064941366169432,-0.09274786312499116,0.01457334406446222,0.014387825946275605,-0.04012107388121194,-0.1204196381082679,-0.060555918249266184,-2.7538256588616016e-05,-2.3679687824296137e-05,-1.2044458913269867,0.0001517538538199405,-0.0020401689399698847,-0.02463269107194326,-0.22097745602000324,-0.3180433381335071,-1.2035933858084207,-1.5240756637001203,-0.4886215537940916,-0.011445711553048776,-0.5729651327306994,-0.9870091779167619,-1.129644446807559,0.03897579928250131,-0.04302544205397314,-0.0008355427832477213,0.00015187483366628632,0.10494536919659724,1.9658918930872145,-0.07924527065031615,-0.06873749308534738,0.34094529004762564,-0.08218396967669472,0.040686692326603324,1.1805086101371112,0.017115843668264824,0.08286468747464884,0.6744599700143129,0.08290179706931039,0.05642348151212064,-0.06497565942245698,-0.021778920999480214,0.39391112781787485,-0.10914031563223278,-0.011373454075826739
0.01740338411225943,0.06219887637775172,0.01975457765555498,-0.07910434627273095,-0.003908190676850022,-0.014608383866044907,-0.030512100368423646,-0.003966561008303706,0.023416897209043424,0.16180883821204317,0.010514123541925116,-0.031069042214787977,0.006163411089409217,0.001313787880862339,-0.012601070425830438,0.027650344763265486,0.11766125800659932,0.03493099458899887,-0.10171966420793432,0.030954575427064833,0.004117002951424416,0.005385454633153062,-0.0020227572077030024,-3.7004588617782423,0.0,-0.0003473458416833063,-1.5194141245059174e-05,0.04929603788884667,0.07978683928569152,0.37262819301872196,-0.00958210393024353,-0.00017552674411488913,0.0013889361659329502,-0.0012694870651366178,-0.021644701571023918,-0.00032760527530712,-0.15060909488272795,0.07239644342714552,-0.7155680479370836,1.3186967517884158,0.004532028901244859,0.029017110074341327,0.022066527774640694,-0.11012853462775624,0.016032266992830623,-0.01831179290666415,0.009793199536383199,0.0009427474829842328,0.10221857404400059,0.4901619566368612,-0.011529729567139855,0.0013961952437314825,0.24782888663999997,-0.0002224534881987843,-0.003446909090344775,0.008683194444541194,-0.004224008417513127,0.00920225906690907,0.013490892660701779,0.024041821765192553,0.590792330944851,-0.052267523078811745,-3.893424605094102e-05,-0.00026326132205023006,-1.2769573673193906,-0.00015414468826534402,-0.00383246543328359,-0.01831368671445883,-0.02454931521440384,-0.5342988607464597,-2.2200940995440264,-0.25556859662256304,-0.06764722252656753,-0.008680194524718247,0.41191611196171174,-2.24464830876374,-1.7979526206876382,-0.00013246799994540197,-0.04321252309749688,-0.0005558492068344737,0.00014041455335418623,-0.08338722087290047,0.11327284028707796,-0.02061984295219639,-0.017360789270742548,0.05554305543088793,-0.03320119148919897,-0.047962972926009956,0.6785120513093137,0.020162192593043263,0.061988325372842996,-0.01244580003560963,-0.020673449397033212,0.05271773061019082,-0.005883962766859798,-0.008781297952794854,0.3793015686694667,2.0263504444987492,-0.0007451429218179132
0.20421991872344533,0.07510941978116158,0.034965482822709504,0.002309185194903763,0.0014776780379655915,-0.009319501199970447,0.04445150481250274,0.0015452594818156791,0.046872153292874606,0.25826163560139764,-0.0038900924477552694,-0.02424698538329327,0.009716624274470235,0.006217408437575927,-0.012979334904841497,0.027312520841057553,0.03472417245806903,0.07152194589325617,-0.10291981946842232,-0.05576647488403669,-0.00046472481599085867,0.006397931023796324,-0.017132164390132865,-3.724427674382758,0.0,-0.00036583445582499775,-1.5220102090085866e-05,0.04661269306946399,0.0658667583448741,0.39484568827558647,-0.009571638063739982,0.0008269042722988231,0.003664583196882706,-0.0008680726089668468,0.010293605330528893,-0.00016765814107491737,-0.10166495219523,-0.03433854317811606,-0.7505485009217162,1.2450989821554828,-0.013350153237041692,0.05706087876100422,0.017139130470936147,-0.12239590913787204,0.0010213300890299767,-0.0069595793729339715,0.6136577532313446,-0.020420039266753637,0.012074124169958678,0.49095231937834477,-0.02689102033417817,0.04823445968731053,-0.30837480862561084,-0.0006744658981152885,0.018710336714182655,0.006720395184700232,-0.000613434995098123,0.013136382797992924,-0.027923857473473992,-0.05502345755845454,-0.09173149316448292,-0.047842953083594805,-2.2452927658353055e-05,-0.0003198510802834278,-1.2527648836761125,0.0001039850724108363,-0.0037093248683581067,-0.013864168616373006,-0.024146771264823036,-0.47565170699233666,-2.1730385537320696,-0.7987548212831461,-0.08244379004262077,-0.006456899224493892,-0.14062835139199834,-2.2835030453183296,-1.8694842179416644,-0.003078979692002755,-0.04417951606524834,0.00016917604026296827,0.0001877415001234129,0.24854484048050102,0.20226798603080123,-0.010506590521604863,-0.07021249600856908,1.0029038266136552,0.07830045170242227,-0.03436447284367374,0.7570278013223872,0.01816721847593951,0.07410133112701227,0.08057451238060148,-0.007010296873113863,0.06442516815789764,0.0009215844509919466,0.02046263823433355,0.3914146209750968,2.0197387776479117,-0.005332442278176858
-0.03765007824354521,-0.0682204391666044,0.0038448713858182217,0.003716993665997548,-0.009652186166454718,0.0004619546654840887,0.02741375989567929,0.002553018958781314,-0.041705271670419444,0.02640542414720269,0.02244513752011002,-0.02388993913194013,0.007324294398489032,-0.012382275909545994,-0.009604258508002091,0.01675033599112532,0.024480828368382085,0.09799393346482997,-0.0596099572739946,-0.009745857722841571,0.003296596389019962,0.002016857741407209,-0.006433569041347091,-1.8363641768642842,0.0,-0.00039856219841433014,-1.3872225475894749e-05,0.006941800118350375,-0.007799433099287908,0.20083507780827092,-0.006616789776756093,-0.0002474600612988405,0.001146447877533722,-0.0019501469345954555,0.03619925574983304,-0.000444288835368814,-0.1091247312291011,0.02099226422905029,-0.7352946688412824,-0.14797793737832704,-0.013085364528453488,0.07704834682040834,0.00382485862214709,-0.10018748405603088,0.0008151203750211705,-0.005654601952105359,-0.018230539705200853,-0.014233045153535503,0.07046823674564791,0.04170300219919263,-0.047732711368404235,-0.019439244257077454,-0.0016265426130271674,0.3194664995412339,0.017202086067796378,0.004978356031362733,-0.07087038453925722,0.01218982605366838,0.08678055986568821,-0.0627753181006635,-0.12491243373982322,-0.05138316352940597,-5.650833578579753e-05,-1.773016031063546e-05,-1.1546155128515194,0.0001526201111252079,-0.0037204192486552917,-0.009755107452215906,-0.0357951952537708,-0.4639136165626748,-0.965846046900178,-1.5218181864490645,-0.08495917320372266,-0.010013749857636324,-0.5614355976886136,-0.9903661349242215,-1.3611248479167968,0.03636772543558912,-0.04328343370907058,-0.0014333161763357854,0.00020014288505221958,0.03553309352785006,2.344293296711341,-0.047003273378147775,-0.09220653517931551,0.2525948799572301,-0.019556693811531623,-0.013347792780171642,0.7052969884275063,0.013577830346257608,0.061035386574258575,0.09874834987708127,0.00590499889352875,0.05997445958344198,-0.002626525085402979,0.015499599314023267,0.39320529739539767,-0.15142155023220263,-0.012137903072951556
0.020018515200231683,-0.036035108998669726,0.03532603737416057,0.004502514514546332,-0.000985662363527651,-0.004704869320079203,-0.017525206710455214,0.0021791105943418316,0.009411714139499018,0.24707629245572454,0.008746440289170335,-0.015097218278836567,0.006185691325267635,0.003181475839082607,-0.021450174576521496,0.02642185457196582,0.038623889039210935,0.04734764044635138,-0.1367137202392714,0.04788991738551127,0.002413380592245481,0.00159122510144473,-0.0021869336391642786,-3.768373054114892,0.0,-0.0003550759516476481,-1.5238667507947527e-05,-0.018655440801877816,0.07882944519995756,0.3738071184132799,-0.009570576122646847,-0.00022470124091729214,0.0022304603530071973,-0.0017621627678861798,-0.013470639811792506,-0.0002124210917355873,-0.09824944058455273,0.06477605533840769,-0.7300624861161927,1.3331905058250468,0.004050329640714293,0.06381331314989203,0.008326875449748866,-0.09013669383353466,-0.000989729480641224,0.09284252205020835,0.04775663181746315,0.05052835832370847,0.10105665056652326,-0.031352836402452525,-0.02586081830617399,0.009091557474593306,0.196338196385986,-0.01585425741982545,0.015431818715975881,0.012499775519078304,-0.0008172244336720901,0.012110929218879341,-0.04711778182401731,-0.06585161519609545,-0.10100977599405259,-0.03770323842973944,-2.3314584571990153e-05,-1.5368611707683455e-05,-1.0569868425212041,0.00015262703366884924,-0.00369261040560403,-0.012976956295487986,-0.022398995394792977,-0.47639006039380477,-1.7598014785911942,-1.575945355205783,-0.08758370946231629,-0.014812951602485955,-0.7468919839631495,-1.8750827027955395,-1.880405910262909,0.020647510831254087,-0.04448882657481058,-0.00043226829191964495,0.0001348535124602713,-0.0750461602963183,2.2647240243957683,-0.010702050610728837,-0.07223082786948821,0.313459321142429,-0.03127064685756256,-0.027693907645340146,0.7140065576589579,0.013803916785618915,0.06620342819838744,-0.013373087950892131,-0.0053635610074216624,0.05301657335632106,-0.0028289494623379772,-0.014433191762709937,0.39142040667670125,2.2623258908570443,-0.004306701947303294
-0.03176540620877726,-0.08957393257617478,0.035859550932537454,0.0028232695921502366,-0.00643014102661944,-0.016372371091246278,-0.01755011865294761,0.002665140239888677,0.007526300347784774,0.01591774242992836,-0.10189917521769995,-0.02035294420367234,0.006388601383107241,0.003934656099946545,1.3316008821681462,0.018234510790934633,0.03697299332786108,0.06917856770528993,-0.12020634946288233,0.030454594235572972,0.0030098481517710834,0.0016286021017832542,0.023915543786651717,-2.5354578776835925,0.0,-0.0003436443581413707,-1.3938684266627376e-05,-0.00619340501193154,0.038864752786109694,0.32895769704379757,-0.009621899873301015,-0.00019591058170493757,0.001584585523485465,-0.010971539495167068,-0.7503149300008475,0.0006027563244392939,-0.10321534398356637,0.08599438022207737,-0.7355382956995611,0.9756417953932094,-0.021044689132379283,0.0799585136108563,0.011347008686249363,3.3630101793999594,-0.0023991269773247625,0.07025428352357886,-0.009446636069069226,-0.023183722298741834,0.06768719232112226,-0.07026609386392976,-0.02923963999639344,0.015941932264304126,0.007551100500730928,0.32721698965198404,0.012768764149595274,0.020519601549712996,-0.07399677513134217,0.009845400830122796,0.09289425816974864,0.39307742941852275,-0.10035586112574452,0.5933338828459724,-5.719212225501529e-05,-1.6369571812361667e-05,-5.874842617865314,0.0001526380772343091,-0.003250238730979186,-0.016842838511024964,-0.033564798580906136,-1.280981199801181,-1.1624318003089196,-1.516845216382825,-0.079198944753507,-0.014159610110414651,-0.5501415168647255,-0.8268465999823346,-1.9789709140931255,0.04735392509985226,-0.04390300605269033,-0.0009878285950815713,0.00015063734831010655,-0.13957692287031892,2.343936336744531,0.6043057323066774,-0.07328860598297605,0.35136013483299944,-0.04230722775770768,-0.04763587329468331,0.696988635195698,0.012611748601534491,0.08026571994230446,0.01858145326624849,-0.0020028616251287473,0.05699296464111288,-0.0047056334798367665,-0.011016059150636826,0.39327242301135684,-0.14549064815972215,0.0018474661524013223
-0.03151399158455691,0.12112692976416013,0.07572355082531676,-0.0735236676361313,0.6847714443023677,-0.06460191148200832,-0.2860820278858774,-0.010913568653859342,0.010636472440622812,-0.021770296997666003,0.05585149109361656,-0.08733205140161535,0.008162952556127279,0.023399682019991486,2.4722009673909895,0.07373495936958234,-0.020642745272910417,-0.008554119417147807,-0.983510583360682,0.15239332100246217,0.01603503964046267,0.007312281738065485,-0.03239982371964755,-0.4039668515410675,0.0,-0.00011343821721950032,-3.379205646855127e-05,0.027242308989263855,0.051515403787438734,0.3501143049841078,-0.012802094437227473,-6.188876469725578e-05,0.001485172931275455,-0.008911845224600689,-2.3215717183787667,-0.0019109078999473058,-0.22518557240086318,-0.013042009921809435,-0.8549097505702471,1.2785196037574478,-0.015497775676130738,0.012324821421514759,0.01719851589085972,-0.4347784975009739,0.0059480517665781605,-0.020175479223082982,-0.005525056224449069,-0.023238314995224163,0.1461435690939699,-1.6936844834626532,-0.04789264775720057,0.01908094954979907,-0.002520025647676505,0.6893347372337594,0.006121527382982243,0.03007448851484324,-0.07057070769075054,0.010767565027017515,0.09216234802244919,12.87275116127769,-0.11920361340900497,-0.06354137073251868,-1.4767747536733282e-05,-3.71317969839051e-05,14.188017347416647,0.000278402745126992,-0.007825933514477355,-0.012001899510381804,-0.02201366916278621,-3.649786308948455,-2.1465603147850905,-1.3833947364949535,-0.06907679836760224,-0.05727711360560794,-0.6468504109822988,-1.0476043745150962,-2.404520128771967,0.0388705408098354,-0.04319907941873624,-0.0018345662480664243,0.00013971729614651598,-0.09952804657982024,2.1709553010052436,-0.0017798513168952447,0.03492514339081069,0.3483577867101849,-0.04364653491243034,-0.10234828069448862,0.6472771376691091,0.0025921863164048583,0.07018534072130574,0.07021319946091094,-0.061499613943025035,0.056272485852252495,0.004721966310025523,-0.0019361658736850435,1.1692128887224944,-0.16358912607844472,-0.01241507519961285
-0.08066353689703157,-0.17743971340115616,0.04639638610423925,-0.006691758014239318,-0.006069113059490845,-0.03868156181757607,-0.37085146077560166,-0.013572785887441097,0.07753569826454039,0.1710067103569375,-0.05148838088120561,-0.08833946616772603,0.01423135841574704,-0.013089841909864917,4.899790638557239,0.039806851017850475,0.1210738254907786,0.0796465236094441,-0.6507128524902505,0.17858778868101102,0.04950880921280495,0.0028812949801101805,-0.011211406173038084,-2.720599579618097,0.0,-0.00011457157125461452,-1.2092158077924288e-05,0.04774037946020136,0.0650385932288073,0.43820256582764333,-0.018567963534795284,-9.250701453962498e-05,0.003211757813718721,-0.048998124477222293,-9.525774243629446,-0.00015023177741678093,-0.17600732507841144,-0.10353536751965281,-0.7623262291945533,1.3336165038373393,-0.011055784830193009,0.01714917295106288,0.015453014861218577,-0.5923041254563407,0.0043579929712875415,0.05676802188159402,0.052932851715974394,0.028907862169598793,0.006561848591184145,0.7653039536101195,-0.06515364740202698,-0.0250196975581582,0.2733797415416372,-0.020972139601247882,0.00967021334051439,0.007604653057295616,-0.11427937338485326,0.011228953974797395,0.0039723517590486345,-0.13148006095841833,0.36616013700464006,-0.04823435481182984,-3.28464060795243e-05,-0.00018063368030281094,6.639717391758274,0.000555636631892506,-0.010447201607146578,-0.014776010342780881,-0.021893231150012397,-1.7883903211145014,-2.5384671044417653,-0.2199065458164997,-0.07283440063524463,-0.06208898916415882,0.484434484580227,-0.9616940862964453,-1.7344479678232403,-0.043055268108279324,-0.04474563945906635,-0.011124074715176279,0.00023471340436794806,-0.07203272625059914,0.0703142077606103,0.11031343449998676,-0.07560062884142481,-0.09005146873642356,0.03588889282635947,-0.01156243553838341,0.8105776847677104,0.01728978088011212,0.07298353221468401,0.05299756385974641,-0.011225195861596052,0.064801871378751,0.0011830627915958023,-0.05658673346320269,1.1392760673719704,-0.37092202509846256,0.000311403221796531
0.02016460141775491,-0.07578770474022618,0.02755135452383721,0.0031560000856603607,0.04409927013475896,-0.013679821726772057,-0.06415557642317887,0.004095728924170321,-0.04485496161286323,0.014650322604197918,0.019438374635351134,-0.016833280700381415,0.005418484107299363,0.002439388814594925,0.9575951846164864,0.0014727881397121388,0.02591572252491572,0.10116942973966463,-0.10628198282097076,-0.0012981697436211317,0.0070148044865732066,0.0018799952264245572,-0.014317995647339982,-0.5439096547672204,0.0,-0.0003746171995961806,-1.3565601571361633e-05,0.014257188862096207,-0.021290902365946628,0.17288517168676606,-0.006611533842185056,-0.00022203967724237282,0.0010840603834973987,-0.0015630368136077045,-0.33514432064405314,-0.0004438801281719869,-0.18950692632518795,-0.056246585204783484,-0.6366180059331915,-0.41068909602942977,0.04954492386595562,-0.005176785239169267,-0.0008688263710639899,0.05090423760968223,-0.0041725480705060315,-0.0020488941370140263,0.1462689289640427,-0.004543247935240805,0.06706432436261382,-0.3527862561300913,-0.0638802764425061,-0.006613322494767122,-0.012013002727584418,0.31754637445794615,0.01582656397545031,0.027189763648190805,-0.07413185923483598,0.0070758445402247915,0.052453906273758545,-0.05204326895892419,-0.12695358718841687,-0.05262220370050755,-6.777933089104933e-05,2.4312531815863855e-05,-1.9569385060618572,0.00015262756130777366,-0.003533821933157228,-0.04245474396399985,-0.03305440084524825,-0.5215480264323704,-1.1813512386017238,-0.48898156755107375,-0.4948568264685276,-0.0026430294369531654,0.4684832782295776,-0.9802459130864661,-1.3297568415182532,0.03701545851003994,-0.04385979651799338,-0.0011425804634064038,0.00015650308257396676,0.07982656710470237,0.4685823550891858,-0.03251987175129389,-0.06666125050858795,0.09306357972527916,-0.025322288950214294,-0.005917058871308084,0.7958401066236569,0.02401595344229518,0.05705983021973495,-0.014654520516683615,0.008878241086297685,0.05550170629207136,-0.006874911202471522,0.02090502823910673,0.39291009231130686,-0.16301301839650886,-0.0075138200221299785
-0.012232770158907487,0.02294790369699095,0.281902622018311,0.0027618140860553994,0.0006504354490238681,-0.01371636934961347,-0.3957009102990115,-0.006776089633554836,0.009927350896704228,0.2337953802116547,-1.1417406872738958,-0.08794859362114794,0.011394381682991745,-0.0050953979270047765,1.3228209220605371,0.033798333971172385,0.03382411640939067,0.06676143843784198,-0.5523987091929479,0.1846906538411442,0.04680639122825218,0.006416697958711295,-0.002360108655744931,-3.520780950768025,0.0,-0.00016045643839195483,-1.1256071388581279e-05,0.001546987016233697,0.07278480750426908,0.4150905089978187,-0.01845340287015821,-0.00016186890418344534,0.003680320820397986,-0.004005024988803562,-0.8141473202615089,-0.00011071661284420145,-0.1610937056689826,-0.20848453051785115,-0.8969807990980518,1.4021354104907007,-0.0229015519910776,0.05765858164518716,0.023531281833389393,-0.44198386893889485,-0.04317214678964193,-0.02330226157153172,0.05001860090544021,-0.02091611073238491,0.006026784698067106,-0.034028834335592645,-0.0690343972945834,0.035415050464583896,0.20246303406366972,-0.011196899095640058,0.015552839264010833,0.0011589211370569442,0.0028834348185795386,0.0073808413754965696,0.04628995047451571,1.3338466932830852,-0.08406688930480596,0.5826286892992388,-3.716925698953746e-05,-2.0974148015019667e-05,0.9547906689741311,0.0005556526773956537,-0.008541997499226218,-0.011345155323761425,-0.05020793323894805,-1.8839477395969415,-1.2557342315042166,-1.576482603574842,-0.09345438270577565,-0.0037828590694993967,-0.6119632223470395,-0.6770717005881363,-2.0254759688615325,-0.0525382303251364,-0.04429636534854038,-0.010427524700770985,0.00037155362382288885,-0.017404712771018963,2.2475248087585507,0.022437289721519243,0.16701770554452516,0.256826733139261,0.04788979818190266,-0.040430608648450106,0.7536611360663036,0.010455405482555852,0.0774090427028197,-0.010075703182575052,0.009220906182934818,0.05510481459807445,-0.005484438023902787,-0.04887204684941761,0.38550811915430533,-0.3848814074167954,0.011160163899972802
0.0051515082543452575,0.14313652297006588,0.28505825070456486,-0.08371098592468955,0.009851878828309443,-0.016985171158774966,0.011363970748968881,0.0054356929620957796,0.04131665095058505,0.23326727225771324,0.0006409802881096348,-0.017658585939454192,0.009380172676201417,-0.01062923990791538,0.01002920002488543,0.024959028337278144,0.03536586941186742,0.08686126621635765,-0.5624544031724373,-0.0020064110393457762,0.0466204742210803,0.002256973704880493,-0.020195024412747994,-3.7636973924698087,0.0,-0.00026993808170825377,-1.5139733814953613e-05,0.054977888894420984,0.06684388544717013,0.37986101343638135,-0.01842993571372473,-0.00020843774870193217,0.0013611075436380667,-0.0011088923007970622,0.0729860221331444,-0.00023017149412016226,-0.10351365529115403,0.007841618538993483,-0.7139128743029091,1.3258996241131207,-0.023562256867808235,-0.0186158185835066,0.0021440422281371854,-0.12641874593698033,0.006688966524542255,-0.007814753206320552,0.07253570741784339,-0.03093807373287165,0.29128355717051113,-0.0426836582108686,0.02634638258405953,0.0048091204840138135,0.015035949788540403,0.010878648172659837,0.012487825962125118,-0.0014954107930330238,-0.0136510825576467,0.011186812559769882,0.08392414479815472,-0.030222729978641144,-0.10619506681975761,-0.0531177758021083,-1.538122298235973e-05,-0.00025612588832182973,-1.1039702281401935,0.0005563330469996093,-0.003005503306721705,-0.03535695605188604,-0.045489369504013485,-0.36444880908313937,-1.2700264069908045,-0.20546677951562034,-0.06805546352563967,-0.004864107885706749,0.6085203933664343,-0.7739355919800223,-1.3125734186088205,-0.0092576932960175,-0.04639011218795965,0.00015862729555253364,0.0004592658452771482,0.03697472072519146,-0.262659469280245,0.4962871084185788,-0.06624441475065716,-0.08489730029563673,-0.04655663092551636,-0.015146279724940799,0.8048874389504354,0.016964382205566036,0.07701912997501444,-0.01796678447515617,-0.0048517112646333845,0.0551117027088104,-0.003152770509754171,-0.029780506538287486,0.3882759469882981,-0.3756089673794506,-0.0033158366373065725
